0.0 4.220084190368652
0.0 4.237837791442871
0.0 4.28131103515625
0.0 4.285749435424805
0.0 4.508981227874756
0.0 5.064558982849121
0.0 5.285916805267334
0.0 5.358906269073486
0.0 5.698699951171875
0.0 6.5916218757629395
0.0 6.5979509353637695
0.0 6.883528232574463
0.0 7.371351718902588
0.0 7.481968402862549
0.0 7.493890285491943
0.0 7.5356221199035645
0.0 7.541162490844727
0.0 7.564774513244629
0.0 7.677875518798828
0.0 7.679237365722656
0.0 7.863758087158203
0.0 7.973721981048584
0.0 8.083826065063477
0.0 8.085017204284668
0.0 8.297534942626953
0.0 8.303353309631348
0.0 8.35848617553711
0.0 8.38216495513916
0.0 8.397412300109863
0.0 8.402003288269043
0.0 8.511297225952148
0.0 8.517382621765137
0.0 8.585493087768555
0.0 8.671426773071289
0.0 8.826892852783203
0.0 9.240471839904785
0.0 9.34130573272705
0.0 9.409764289855957
0.0 9.475569725036621
0.0 9.581003189086914
0.0 9.608638763427734
0.0 9.656510353088379
0.0 9.680097579956055
0.0 9.779937744140625
0.0 9.89050579071045
0.0 10.208619117736816
0.0 10.227936744689941
0.0 10.269806861877441
0.0 10.352757453918457
0.0 11.048384666442871
0.0 11.064192771911621
0.0 11.234498977661133
0.0 11.293931007385254
0.0 11.657780647277832
0.0 12.094115257263184
0.0 12.36651611328125
0.0 12.551385879516602
0.0 12.588459014892578
0.0 13.106115341186523
0.0 13.173321723937988
0.0 13.428582191467285
0.0 13.816791534423828
0.0 14.312067985534668
0.0 14.71712875366211
0.0 14.923066139221191
0.0 15.414175033569336
0.0 16.4970703125
0.0 16.906673431396484
0.0 17.47409439086914
0.0 18.331804275512695
0.0 18.656497955322266
0.0 19.6630859375
0.0 19.690166473388672
0.0 25.05146026611328
0.0 26.169471740722656
0.0 26.478458404541016
0.0 28.69040298461914
0.0 28.96689796447754
0.0 29.50445556640625
0.0 30.100799560546875
0.0 39.39740753173828
0.0 inf
53.13249969482422 57.69573211669922
51.27444076538086 59.58341979980469
44.156715393066406 64.15423583984375
44.07765579223633 62.23160934448242
18.560056686401367 22.980693817138672
17.615074157714844 21.50391960144043
16.52662467956543 19.835979461669922
16.165699005126953 16.32845687866211
15.831426620483398 18.54385757446289
15.075881004333496 16.399253845214844
14.831772804260254 14.90511703491211
14.750144958496094 16.244728088378906
13.23220157623291 13.576618194580078
12.454453468322754 13.930238723754883
12.43760871887207 13.986494064331055
12.431991577148438 14.481569290161133
10.565971374511719 12.049308776855469
10.496471405029297 11.648040771484375
10.467527389526367 13.282471656799316
9.96585464477539 12.5353364944458
9.467888832092285 11.91520881652832
9.466618537902832 12.154300689697266
9.357390403747559 11.707144737243652
9.352865219116211 10.16429615020752
9.326580047607422 11.035656929016113
9.010995864868164 11.100642204284668
8.78266716003418 9.205402374267578
8.56716537475586 9.313786506652832
8.468925476074219 9.872941017150879
