0.0 4.257867336273193
0.0 4.330473899841309
0.0 4.4528069496154785
0.0 5.054914474487305
0.0 5.2626214027404785
0.0 5.273062705993652
0.0 5.33718729019165
0.0 5.656594753265381
0.0 6.3876237869262695
0.0 6.545647621154785
0.0 6.7649126052856445
0.0 6.804010391235352
0.0 7.021085262298584
0.0 7.376540184020996
0.0 7.415550231933594
0.0 7.431725025177002
0.0 7.564520359039307
0.0 7.707281589508057
0.0 7.730236530303955
0.0 7.745794296264648
0.0 7.91841983795166
0.0 7.966181755065918
0.0 8.15662956237793
0.0 8.195728302001953
0.0 8.271092414855957
0.0 8.291399002075195
0.0 8.330399513244629
0.0 8.383806228637695
0.0 8.490619659423828
0.0 8.498391151428223
0.0 8.517778396606445
0.0 8.548052787780762
0.0 8.554780960083008
0.0 8.817994117736816
0.0 8.979869842529297
0.0 9.219143867492676
0.0 9.377837181091309
0.0 9.38703727722168
0.0 9.406634330749512
0.0 9.45511531829834
0.0 9.554696083068848
0.0 9.564408302307129
0.0 9.612691879272461
0.0 9.62039852142334
0.0 9.647584915161133
0.0 10.200624465942383
0.0 10.407649993896484
0.0 10.4837064743042
0.0 10.579737663269043
0.0 10.920104026794434
0.0 11.08900260925293
0.0 11.208703994750977
0.0 11.249316215515137
0.0 12.363407135009766
0.0 12.434859275817871
0.0 12.440327644348145
0.0 12.546860694885254
0.0 13.094677925109863
0.0 13.531206130981445
0.0 13.547040939331055
0.0 13.909797668457031
0.0 14.189043998718262
0.0 14.436461448669434
0.0 14.713850975036621
0.0 14.970746994018555
0.0 15.259730339050293
0.0 15.444551467895508
0.0 17.49333953857422
0.0 18.06743812561035
0.0 18.287525177001953
0.0 18.61748504638672
0.0 19.7954158782959
0.0 20.110130310058594
0.0 25.10525131225586
0.0 26.203432083129883
0.0 26.432771682739258
0.0 28.759796142578125
0.0 28.996944427490234
0.0 29.620820999145508
0.0 29.866840362548828
0.0 38.61635208129883
0.0 inf
52.019161224365234 55.75716018676758
50.335636138916016 59.259376525878906
44.91083526611328 62.08694839477539
44.03263473510742 65.41368865966797
19.49422264099121 22.982431411743164
17.57139778137207 21.178375244140625
16.500341415405273 20.77845001220703
16.033493041992188 16.0457706451416
15.702804565429688 17.10347557067871
15.504325866699219 18.57596206665039
15.125068664550781 16.399290084838867
14.748147964477539 16.237760543823242
12.444228172302246 13.974183082580566
11.691399574279785 13.245372772216797
11.28115463256836 13.609979629516602
10.672518730163574 13.675454139709473
10.585854530334473 12.089731216430664
9.66464614868164 12.190910339355469
9.48833179473877 12.455286979675293
9.439555168151855 11.511323928833008
9.400041580200195 12.543858528137207
9.32231330871582 11.360223770141602
9.28812313079834 11.205768585205078
9.037443161010742 10.857352256774902
8.987942695617676 10.218673706054688
8.46016788482666 9.817634582519531
8.148422241210938 9.250358581542969
7.93690824508667 9.186787605285645
