0.0 3.630878448486328
0.0 4.516279697418213
0.0 4.527571201324463
0.0 5.2550787925720215
0.0 5.445172309875488
0.0 5.661518573760986
0.0 5.925770282745361
0.0 6.046726703643799
0.0 6.064647197723389
0.0 6.303618431091309
0.0 6.400370121002197
0.0 6.407194137573242
0.0 6.558046817779541
0.0 6.611644744873047
0.0 6.622180461883545
0.0 6.847424507141113
0.0 6.944647312164307
0.0 6.971038818359375
0.0 6.988005638122559
0.0 7.150051593780518
0.0 7.182854175567627
0.0 7.191290855407715
0.0 7.233556747436523
0.0 7.303319454193115
0.0 7.422074794769287
0.0 7.445071220397949
0.0 7.448424339294434
0.0 7.448546409606934
0.0 7.471083641052246
0.0 7.5303168296813965
0.0 7.567936897277832
0.0 7.590856552124023
0.0 7.664892673492432
0.0 7.691123008728027
0.0 7.883822917938232
0.0 7.919898986816406
0.0 8.053783416748047
0.0 8.159576416015625
0.0 8.220404624938965
0.0 8.267939567565918
0.0 8.329617500305176
0.0 8.438443183898926
0.0 8.46369743347168
0.0 8.554183959960938
0.0 8.568624496459961
0.0 8.798008918762207
0.0 9.083756446838379
0.0 9.533148765563965
0.0 9.537063598632812
0.0 9.614123344421387
0.0 9.647920608520508
0.0 9.708075523376465
0.0 10.772061347961426
0.0 11.019116401672363
0.0 11.169055938720703
0.0 11.651799201965332
0.0 12.082502365112305
0.0 12.167165756225586
0.0 12.387207984924316
0.0 12.546276092529297
0.0 13.009071350097656
0.0 13.172533988952637
0.0 13.653838157653809
0.0 14.541584014892578
0.0 16.386672973632812
0.0 17.906972885131836
0.0 18.597820281982422
0.0 18.783472061157227
0.0 18.834768295288086
0.0 18.839963912963867
0.0 20.035724639892578
0.0 20.487659454345703
0.0 20.8693904876709
0.0 22.51734733581543
0.0 23.28011131286621
0.0 25.786828994750977
0.0 28.61262321472168
0.0 31.303329467773438
0.0 31.846738815307617
0.0 32.46346664428711
0.0 35.62911605834961
0.0 inf
56.4568977355957 58.10437774658203
53.17243957519531 66.08236694335938
46.136085510253906 68.333251953125
39.7939567565918 41.32830810546875
18.997283935546875 22.737489700317383
18.845762252807617 21.9870548248291
18.682340621948242 21.604459762573242
13.315388679504395 14.824015617370605
12.726378440856934 12.966108322143555
12.337554931640625 12.53452205657959
12.231621742248535 12.746085166931152
10.499605178833008 12.59852123260498
10.211126327514648 10.630829811096191
9.88754653930664 11.17146110534668
9.864737510681152 13.62174129486084
9.821109771728516 11.24659252166748
9.740984916687012 12.790051460266113
9.488032341003418 10.609943389892578
9.426212310791016 11.542523384094238
9.18557071685791 10.320364952087402
9.163554191589355 10.810470581054688
9.08653450012207 9.940709114074707
8.981685638427734 9.918320655822754
8.637451171875 8.656709671020508
8.608285903930664 10.664284706115723
8.520575523376465 9.78554630279541
8.299206733703613 8.987183570861816
7.699041843414307 8.719076156616211
