0.0 2.5612077713012695
0.0 2.9778225421905518
0.0 3.150876998901367
0.0 3.204806327819824
0.0 3.3187763690948486
0.0 3.560330867767334
0.0 3.78825044631958
0.0 4.23150110244751
0.0 4.241281032562256
0.0 4.246994495391846
0.0 4.373152732849121
0.0 5.211356163024902
0.0 5.224566459655762
0.0 5.254846096038818
0.0 5.27979040145874
0.0 5.298919200897217
0.0 5.418144226074219
0.0 5.613340377807617
0.0 5.63953161239624
0.0 5.735219955444336
0.0 6.243168354034424
0.0 6.287978172302246
0.0 6.567819595336914
0.0 6.679266929626465
0.0 7.095123767852783
0.0 7.112708568572998
0.0 7.231374740600586
0.0 7.305142402648926
0.0 7.383338928222656
0.0 7.430109024047852
0.0 7.6201491355896
0.0 7.8347930908203125
0.0 7.91379451751709
0.0 7.975203990936279
0.0 8.0700101852417
0.0 8.1907320022583
0.0 8.266304016113281
0.0 8.444704055786133
0.0 8.4486083984375
0.0 8.527291297912598
0.0 8.535299301147461
0.0 8.704790115356445
0.0 8.790842056274414
0.0 8.852276802062988
0.0 8.946534156799316
0.0 8.993531227111816
0.0 9.115352630615234
0.0 9.431448936462402
0.0 9.549234390258789
0.0 10.197823524475098
0.0 10.240178108215332
0.0 10.329320907592773
0.0 11.012544631958008
0.0 11.438380241394043
0.0 11.931735038757324
0.0 11.956197738647461
0.0 12.932373046875
0.0 13.584505081176758
0.0 13.882593154907227
0.0 13.958962440490723
0.0 14.237799644470215
0.0 15.583027839660645
0.0 15.940850257873535
0.0 16.194316864013672
0.0 16.326059341430664
0.0 17.514057159423828
0.0 19.909164428710938
0.0 20.543283462524414
0.0 21.038591384887695
0.0 21.50433349609375
0.0 23.617843627929688
0.0 23.988956451416016
0.0 24.11903190612793
0.0 24.1756649017334
0.0 24.570701599121094
0.0 27.893665313720703
0.0 28.820478439331055
0.0 29.750534057617188
0.0 29.843856811523438
0.0 33.71748352050781
0.0 34.48936080932617
0.0 inf
52.87593078613281 59.353660583496094
48.65738296508789 70.46218872070312
48.28647994995117 50.00830078125
36.744712829589844 64.56161499023438
21.264375686645508 22.775043487548828
19.631200790405273 20.953968048095703
19.452707290649414 23.420175552368164
18.334476470947266 19.608705520629883
17.88369369506836 17.966407775878906
17.836145401000977 24.984804153442383
16.66194725036621 20.09486198425293
15.33463191986084 16.848129272460938
14.797109603881836 17.22407341003418
10.61977481842041 12.733546257019043
10.209412574768066 10.407049179077148
9.681615829467773 10.704743385314941
9.677740097045898 10.122907638549805
9.669044494628906 11.1709623336792
9.32603931427002 12.078038215637207
8.615535736083984 8.978967666625977
8.327348709106445 8.460912704467773
7.472391128540039 8.414312362670898
