0.0 4.231245040893555
0.0 4.399646282196045
0.0 4.853806495666504
0.0 4.921056747436523
0.0 5.302292823791504
0.0 5.32937479019165
0.0 5.55203914642334
0.0 5.651047229766846
0.0 5.673101902008057
0.0 6.205839157104492
0.0 6.310332775115967
0.0 6.4628753662109375
0.0 6.601656436920166
0.0 6.630186080932617
0.0 6.693934917449951
0.0 6.960831642150879
0.0 7.266197681427002
0.0 7.2888288497924805
0.0 7.3343048095703125
0.0 7.366413116455078
0.0 7.409277439117432
0.0 7.4494476318359375
0.0 7.4608588218688965
0.0 7.472081661224365
0.0 7.568386077880859
0.0 7.6113481521606445
0.0 7.724333763122559
0.0 8.112082481384277
0.0 8.216230392456055
0.0 8.227949142456055
0.0 8.275578498840332
0.0 8.421330451965332
0.0 8.440450668334961
0.0 8.479716300964355
0.0 8.553045272827148
0.0 8.572676658630371
0.0 8.594202041625977
0.0 8.74769401550293
0.0 8.75339412689209
0.0 8.929789543151855
0.0 8.998472213745117
0.0 9.087904930114746
0.0 9.106684684753418
0.0 9.30093765258789
0.0 9.359442710876465
0.0 9.44174575805664
0.0 9.465553283691406
0.0 9.650185585021973
0.0 9.8932466506958
0.0 9.949397087097168
0.0 10.055588722229004
0.0 10.069250106811523
0.0 10.2275972366333
0.0 10.325139999389648
0.0 10.352556228637695
0.0 11.445577621459961
0.0 11.609685897827148
0.0 11.863704681396484
0.0 13.030279159545898
0.0 13.132168769836426
0.0 13.49150276184082
0.0 15.28398609161377
0.0 15.828235626220703
0.0 16.127920150756836
0.0 16.262731552124023
0.0 16.411327362060547
0.0 17.594512939453125
0.0 17.624347686767578
0.0 18.656417846679688
0.0 19.661630630493164
0.0 19.73069190979004
0.0 20.47393035888672
0.0 22.444107055664062
0.0 23.979671478271484
0.0 25.29695701599121
0.0 25.95712661743164
0.0 26.220380783081055
0.0 26.472326278686523
0.0 28.974637985229492
0.0 30.785160064697266
0.0 33.62754440307617
0.0 inf
52.75002670288086 57.48490524291992
51.29376983642578 61.693355560302734
33.792049407958984 58.455631256103516
19.6580753326416 21.039697647094727
19.511472702026367 23.347564697265625
17.9370174407959 24.57988739013672
17.30509376525879 19.004201889038086
16.800251007080078 17.03736686706543
16.416629791259766 17.65864372253418
14.688640594482422 17.140836715698242
13.89908504486084 15.148828506469727
12.416963577270508 12.994576454162598
11.839104652404785 13.004734992980957
10.965045928955078 13.556256294250488
10.883318901062012 12.879549026489258
10.513850212097168 12.712152481079102
10.499306678771973 12.662759780883789
10.362347602844238 11.812857627868652
10.1506929397583 10.487016677856445
10.143653869628906 11.171797752380371
9.591361045837402 11.98421573638916
9.587601661682129 11.186532020568848
9.401386260986328 11.489447593688965
8.619098663330078 11.098825454711914
8.513910293579102 10.413887977600098
8.394645690917969 8.530674934387207
7.728201389312744 10.432168960571289
