0.0 1.1859359741210938
0.0 1.1911934614181519
0.0 1.2833505868911743
0.0 3.447359800338745
0.0 3.4772069454193115
0.0 4.252283573150635
0.0 5.1095757484436035
0.0 5.486431121826172
0.0 5.7300028800964355
0.0 6.282578945159912
0.0 6.285559177398682
0.0 6.289210319519043
0.0 6.347291946411133
0.0 6.350022315979004
0.0 6.377092361450195
0.0 6.4699811935424805
0.0 6.543288707733154
0.0 6.595684051513672
0.0 6.645793914794922
0.0 6.88254976272583
0.0 7.29974365234375
0.0 7.330812454223633
0.0 7.357964992523193
0.0 7.365403175354004
0.0 7.425863742828369
0.0 7.474127292633057
0.0 7.576470851898193
0.0 7.6658735275268555
0.0 8.046555519104004
0.0 8.057318687438965
0.0 8.149393081665039
0.0 8.258708953857422
0.0 8.269081115722656
0.0 8.297074317932129
0.0 8.329617500305176
0.0 8.442668914794922
0.0 8.468892097473145
0.0 8.57199478149414
0.0 8.593832969665527
0.0 8.634086608886719
0.0 8.6511812210083
0.0 8.655451774597168
0.0 8.682140350341797
0.0 9.000589370727539
0.0 9.282074928283691
0.0 9.330930709838867
0.0 9.35775089263916
0.0 9.368061065673828
0.0 9.745516777038574
0.0 9.880712509155273
0.0 9.889815330505371
0.0 10.12713623046875
0.0 10.494206428527832
0.0 10.740857124328613
0.0 10.839579582214355
0.0 11.038949012756348
0.0 11.257588386535645
0.0 11.384232521057129
0.0 12.430828094482422
0.0 12.587716102600098
0.0 13.033777236938477
0.0 14.205314636230469
0.0 14.26310920715332
0.0 14.51568603515625
0.0 17.48351287841797
0.0 18.115339279174805
0.0 19.176782608032227
0.0 19.6385498046875
0.0 19.761455535888672
0.0 20.860233306884766
0.0 21.011690139770508
0.0 21.677082061767578
0.0 22.051971435546875
0.0 22.083127975463867
0.0 26.08069610595703
0.0 26.5283145904541
0.0 27.325267791748047
0.0 27.70940399169922
0.0 28.76394271850586
0.0 31.42023277282715
0.0 32.062625885009766
0.0 inf
45.37691879272461 62.9854621887207
43.46215057373047 45.87112808227539
41.47407150268555 62.282196044921875
35.551578521728516 39.4151611328125
34.70172119140625 37.97418212890625
22.375934600830078 28.037525177001953
16.473098754882812 19.579320907592773
15.960847854614258 19.83150291442871
13.63371467590332 13.68179988861084
12.631200790405273 14.152606010437012
12.27747917175293 14.26727294921875
12.181185722351074 12.710147857666016
11.510696411132812 12.741639137268066
10.862232208251953 10.919163703918457
10.503678321838379 11.986764907836914
10.327561378479004 12.000133514404297
9.882442474365234 13.044422149658203
9.608877182006836 11.214591026306152
9.563154220581055 11.688831329345703
9.530117988586426 11.075275421142578
9.26108169555664 9.305143356323242
9.256471633911133 10.137981414794922
8.938034057617188 10.336309432983398
8.86923885345459 10.039647102355957
8.743720054626465 11.788259506225586
7.79465913772583 8.921286582946777
7.590199947357178 10.024184226989746
