0.0 4.700669765472412
0.0 4.942294597625732
0.0 5.406871318817139
0.0 5.587818622589111
0.0 5.703139305114746
0.0 5.851075649261475
0.0 6.001454830169678
0.0 6.283684253692627
0.0 6.305746078491211
0.0 6.336414813995361
0.0 6.500939846038818
0.0 6.693329334259033
0.0 6.813986778259277
0.0 6.854964733123779
0.0 6.899107933044434
0.0 6.931762218475342
0.0 7.047309398651123
0.0 7.054754257202148
0.0 7.086236476898193
0.0 7.10263204574585
0.0 7.243373870849609
0.0 7.26358699798584
0.0 7.279571056365967
0.0 7.348458290100098
0.0 7.391410827636719
0.0 7.5392537117004395
0.0 7.540085315704346
0.0 7.551041126251221
0.0 7.56060266494751
0.0 7.740133762359619
0.0 7.753500461578369
0.0 7.8443427085876465
0.0 8.047608375549316
0.0 8.112521171569824
0.0 8.145636558532715
0.0 8.30315113067627
0.0 8.306622505187988
0.0 8.311084747314453
0.0 8.348969459533691
0.0 8.479904174804688
0.0 8.55671215057373
0.0 8.696738243103027
0.0 8.786279678344727
0.0 8.791915893554688
0.0 8.83792781829834
0.0 8.922442436218262
0.0 8.932880401611328
0.0 9.148063659667969
0.0 9.495543479919434
0.0 9.629940032958984
0.0 9.828487396240234
0.0 9.865036964416504
0.0 10.321868896484375
0.0 10.619815826416016
0.0 10.704724311828613
0.0 10.711664199829102
0.0 11.782618522644043
0.0 12.060934066772461
0.0 12.253196716308594
0.0 12.738910675048828
0.0 13.026914596557617
0.0 13.405291557312012
0.0 14.122220039367676
0.0 14.806431770324707
0.0 16.33760643005371
0.0 17.441171646118164
0.0 17.865550994873047
0.0 19.83731460571289
0.0 20.21986198425293
0.0 20.46967887878418
0.0 20.811603546142578
0.0 20.831661224365234
0.0 21.006637573242188
0.0 21.017318725585938
0.0 24.59540367126465
0.0 26.625272750854492
0.0 28.823274612426758
0.0 29.88576889038086
0.0 30.654804229736328
0.0 30.77373504638672
0.0 31.345932006835938
0.0 inf
58.48292541503906 69.13357543945312
41.38884735107422 66.50682830810547
34.88022994995117 36.17898941040039
20.68178939819336 20.84906768798828
19.592817306518555 22.02716827392578
19.486635208129883 23.870773315429688
18.21083641052246 20.742843627929688
14.258387565612793 15.810555458068848
12.704416275024414 13.788914680480957
12.442269325256348 13.975730895996094
12.386069297790527 12.519747734069824
12.076715469360352 14.521549224853516
10.576876640319824 12.718968391418457
10.136693954467773 11.153204917907715
10.127557754516602 10.504220008850098
10.10106086730957 11.2598237991333
10.027235984802246 12.910265922546387
9.955411911010742 10.333879470825195
9.836548805236816 10.776445388793945
9.560540199279785 10.858277320861816
9.299980163574219 10.17655086517334
9.19134521484375 10.719161033630371
8.874149322509766 9.861845970153809
8.828857421875 10.876419067382812
8.673318862915039 10.546656608581543
8.627860069274902 8.90857219696045
8.506284713745117 9.88923168182373
8.49709701538086 9.943827629089355
7.317225456237793 9.84487533569336
