0.0 4.2257466316223145
0.0 4.231677055358887
0.0 4.433629989624023
0.0 4.454719543457031
0.0 4.485843181610107
0.0 5.193851947784424
0.0 5.326752662658691
0.0 5.481348037719727
0.0 5.64834451675415
0.0 6.400930404663086
0.0 6.543682098388672
0.0 7.376071929931641
0.0 7.434086799621582
0.0 7.45119571685791
0.0 7.537701606750488
0.0 7.5430989265441895
0.0 7.581304550170898
0.0 7.719586372375488
0.0 7.723162651062012
0.0 7.755887508392334
0.0 7.782040596008301
0.0 7.958525657653809
0.0 8.111881256103516
0.0 8.129709243774414
0.0 8.132784843444824
0.0 8.26105785369873
0.0 8.2654390335083
0.0 8.296890258789062
0.0 8.373706817626953
0.0 8.389459609985352
0.0 8.397387504577637
0.0 8.517118453979492
0.0 8.53004264831543
0.0 8.627710342407227
0.0 8.725762367248535
0.0 8.793044090270996
0.0 9.282855987548828
0.0 9.336076736450195
0.0 9.4470853805542
0.0 9.448983192443848
0.0 9.47890853881836
0.0 9.5767183303833
0.0 9.612757682800293
0.0 9.646016120910645
0.0 9.753998756408691
0.0 10.236095428466797
0.0 10.27103042602539
0.0 10.416219711303711
0.0 10.495763778686523
0.0 11.120256423950195
0.0 11.193944931030273
0.0 11.207967758178711
0.0 11.222387313842773
0.0 11.715376853942871
0.0 12.217912673950195
0.0 12.371723175048828
0.0 12.388054847717285
0.0 12.541840553283691
0.0 13.182549476623535
0.0 13.739964485168457
0.0 14.313081741333008
0.0 14.414271354675293
0.0 14.577080726623535
0.0 14.719144821166992
0.0 14.916234970092773
0.0 15.090888023376465
0.0 15.48611068725586
0.0 17.531566619873047
0.0 17.90860939025879
0.0 18.282039642333984
0.0 18.575963973999023
0.0 19.55983543395996
0.0 20.195293426513672
0.0 25.121315002441406
0.0 26.204872131347656
0.0 26.353391647338867
0.0 28.71641731262207
0.0 29.279874801635742
0.0 29.47805404663086
0.0 30.09867286682129
0.0 38.65095520019531
0.0 inf
52.562644958496094 56.4122314453125
50.28185272216797 59.10347366333008
44.80424499511719 61.99408721923828
43.83858108520508 65.0427474975586
19.560096740722656 22.977989196777344
17.528446197509766 21.295427322387695
16.54140853881836 20.746883392333984
16.16036033630371 16.308059692382812
15.815130233764648 18.540672302246094
15.101278305053711 16.399097442626953
14.779311180114746 16.00920867919922
12.494452476501465 14.017297744750977
12.08195972442627 13.171202659606934
11.323090553283691 13.468124389648438
11.309065818786621 13.59708023071289
10.575636863708496 12.075214385986328
10.545876502990723 13.264130592346191
10.514629364013672 11.529356956481934
10.219480514526367 11.170893669128418
9.87423038482666 12.541061401367188
9.711471557617188 10.829808235168457
9.551030158996582 12.176410675048828
9.401734352111816 11.736041069030762
9.041548728942871 11.129631042480469
8.987281799316406 10.228815078735352
8.579574584960938 9.227239608764648
8.486425399780273 9.820601463317871
7.934952259063721 9.19322395324707
