0.0 3.143064022064209
0.0 4.346330165863037
0.0 4.809061050415039
0.0 5.597105503082275
0.0 5.70521879196167
0.0 6.250641345977783
0.0 6.278164863586426
0.0 6.285272598266602
0.0 6.350534915924072
0.0 6.425488471984863
0.0 6.426336288452148
0.0 6.546414375305176
0.0 6.648624420166016
0.0 6.660056114196777
0.0 6.669078826904297
0.0 6.674375057220459
0.0 6.769028186798096
0.0 6.955160140991211
0.0 7.222171783447266
0.0 7.352053165435791
0.0 7.379132270812988
0.0 7.401748180389404
0.0 7.574252128601074
0.0 7.908594131469727
0.0 8.095144271850586
0.0 8.14719009399414
0.0 8.260533332824707
0.0 8.293031692504883
0.0 8.465659141540527
0.0 8.491486549377441
0.0 8.497271537780762
0.0 8.542837142944336
0.0 8.542902946472168
0.0 8.647720336914062
0.0 8.654857635498047
0.0 9.012422561645508
0.0 9.089197158813477
0.0 9.096395492553711
0.0 9.250431060791016
0.0 9.432315826416016
0.0 9.435248374938965
0.0 9.531571388244629
0.0 9.625268936157227
0.0 9.88523006439209
0.0 10.0960693359375
0.0 10.133502960205078
0.0 10.14620304107666
0.0 10.195272445678711
0.0 10.24908447265625
0.0 10.351563453674316
0.0 10.433389663696289
0.0 10.881072044372559
0.0 11.086535453796387
0.0 11.19984245300293
0.0 11.439946174621582
0.0 11.481300354003906
0.0 11.675426483154297
0.0 11.996631622314453
0.0 12.607501029968262
0.0 12.714627265930176
0.0 12.740018844604492
0.0 14.040061950683594
0.0 14.63718318939209
0.0 16.578975677490234
0.0 17.639657974243164
0.0 18.070650100708008
0.0 18.176212310791016
0.0 19.28533172607422
0.0 19.64780044555664
0.0 20.395633697509766
0.0 20.83235740661621
0.0 20.934612274169922
0.0 22.533842086791992
0.0 23.600875854492188
0.0 24.23040008544922
0.0 24.934993743896484
0.0 27.296571731567383
0.0 28.627527236938477
0.0 28.915098190307617
0.0 29.67494010925293
0.0 29.924541473388672
0.0 inf
42.451751708984375 59.91621780395508
37.01276779174805 61.30546951293945
34.09629821777344 37.87822723388672
33.191322326660156 37.517730712890625
22.186513900756836 22.31978988647461
21.040672302246094 28.04917335510254
18.952634811401367 20.024188995361328
17.585248947143555 21.151613235473633
16.61933135986328 20.674036026000977
14.216477394104004 14.369624137878418
13.287694931030273 15.97705078125
11.672718048095703 12.370116233825684
11.585366249084473 13.60848617553711
11.556868553161621 11.822826385498047
11.487302780151367 13.085126876831055
10.562859535217285 13.402583122253418
10.465174674987793 11.65192699432373
10.38808536529541 10.92094612121582
10.082723617553711 16.523956298828125
9.685155868530273 12.50023365020752
8.73000431060791 10.704695701599121
7.9359636306762695 9.369266510009766
