0.0 1.0295172929763794
0.0 1.0399534702301025
0.0 1.0731686353683472
0.0 3.1184473037719727
0.0 3.716468572616577
0.0 4.233985424041748
0.0 4.420351982116699
0.0 4.5357666015625
0.0 4.638494491577148
0.0 4.932586193084717
0.0 5.295712947845459
0.0 5.349794387817383
0.0 5.4168620109558105
0.0 5.802495002746582
0.0 6.01387882232666
0.0 6.181726932525635
0.0 6.307250499725342
0.0 6.324868679046631
0.0 6.338099479675293
0.0 6.3653717041015625
0.0 6.455312728881836
0.0 6.528442859649658
0.0 6.617650508880615
0.0 6.692406177520752
0.0 6.753663539886475
0.0 6.847249507904053
0.0 6.931177139282227
0.0 7.277091026306152
0.0 7.302022457122803
0.0 7.511912822723389
0.0 7.549099445343018
0.0 7.595334053039551
0.0 7.895052909851074
0.0 7.925928592681885
0.0 7.956930160522461
0.0 8.34953498840332
0.0 8.366415023803711
0.0 8.384366035461426
0.0 8.446944236755371
0.0 8.52838134765625
0.0 8.619845390319824
0.0 8.64135456085205
0.0 8.68982982635498
0.0 8.704769134521484
0.0 9.053213119506836
0.0 9.077156066894531
0.0 9.647695541381836
0.0 10.2727632522583
0.0 10.357443809509277
0.0 10.390010833740234
0.0 10.467077255249023
0.0 10.87476634979248
0.0 11.232699394226074
0.0 11.320638656616211
0.0 11.561559677124023
0.0 11.984901428222656
0.0 12.040075302124023
0.0 12.729195594787598
0.0 13.064497947692871
0.0 13.677594184875488
0.0 13.768425941467285
0.0 13.817596435546875
0.0 13.9945068359375
0.0 14.221786499023438
0.0 16.388696670532227
0.0 17.804723739624023
0.0 18.854372024536133
0.0 19.54471778869629
0.0 20.818899154663086
0.0 21.570669174194336
0.0 23.017791748046875
0.0 23.355241775512695
0.0 24.13482093811035
0.0 24.30144500732422
0.0 24.930919647216797
0.0 25.29833984375
0.0 25.74365234375
0.0 26.198902130126953
0.0 29.238374710083008
0.0 30.03109359741211
0.0 30.55127716064453
0.0 inf
40.884361267089844 69.45384979248047
39.495967864990234 67.44461059570312
31.29673957824707 36.767452239990234
19.3157958984375 25.415494918823242
19.239091873168945 21.25566864013672
18.656644821166992 22.129201889038086
18.503040313720703 21.516000747680664
15.788671493530273 18.327165603637695
13.58777904510498 14.744321823120117
11.747075080871582 11.824481964111328
11.698719024658203 12.443672180175781
11.354987144470215 12.00265121459961
11.057106018066406 12.268197059631348
10.962207794189453 13.33786678314209
9.951268196105957 13.278315544128418
9.830904960632324 13.881951332092285
9.668577194213867 11.523762702941895
9.61627197265625 11.043371200561523
8.764692306518555 11.764334678649902
8.392287254333496 9.927038192749023
8.250004768371582 9.046382904052734
7.89653205871582 9.537352561950684
