0.0 4.023056507110596
0.0 4.359523296356201
0.0 5.054927349090576
0.0 5.361992359161377
0.0 5.399895668029785
0.0 5.546121597290039
0.0 5.6805806159973145
0.0 5.6859612464904785
0.0 5.776668071746826
0.0 6.144098281860352
0.0 6.363166809082031
0.0 6.367743492126465
0.0 6.4885149002075195
0.0 6.50883150100708
0.0 6.539011478424072
0.0 6.575486183166504
0.0 6.657374858856201
0.0 6.776849269866943
0.0 6.852091312408447
0.0 6.888704299926758
0.0 6.893632888793945
0.0 6.914199352264404
0.0 6.984443187713623
0.0 7.071926116943359
0.0 7.24003791809082
0.0 7.345737457275391
0.0 7.446689605712891
0.0 7.491796493530273
0.0 7.499941825866699
0.0 7.611033916473389
0.0 7.681364059448242
0.0 7.684751987457275
0.0 7.798787593841553
0.0 7.848306655883789
0.0 8.036561012268066
0.0 8.288003921508789
0.0 8.43293285369873
0.0 8.598052978515625
0.0 8.626073837280273
0.0 8.648818969726562
0.0 8.689814567565918
0.0 8.740184783935547
0.0 8.766393661499023
0.0 8.812390327453613
0.0 9.062535285949707
0.0 9.07313060760498
0.0 9.183030128479004
0.0 9.240057945251465
0.0 9.417739868164062
0.0 9.497941017150879
0.0 9.51343822479248
0.0 9.598618507385254
0.0 10.74279499053955
0.0 11.137653350830078
0.0 11.274911880493164
0.0 12.076828002929688
0.0 12.114656448364258
0.0 12.198360443115234
0.0 12.594481468200684
0.0 12.66893482208252
0.0 12.791166305541992
0.0 13.200958251953125
0.0 14.474845886230469
0.0 14.615755081176758
0.0 16.785539627075195
0.0 17.231094360351562
0.0 17.305255889892578
0.0 18.577526092529297
0.0 18.73809242248535
0.0 18.849044799804688
0.0 19.81536102294922
0.0 20.096391677856445
0.0 21.28607177734375
0.0 22.161863327026367
0.0 26.73328971862793
0.0 27.6767578125
0.0 29.78143310546875
0.0 29.810136795043945
0.0 30.99249839782715
0.0 31.08184242248535
0.0 33.98924255371094
0.0 inf
55.642581939697266 58.024986267089844
51.737518310546875 56.475975036621094
51.01295852661133 62.93800735473633
48.87535095214844 65.44021606445312
37.044246673583984 39.472171783447266
36.996543884277344 41.212703704833984
19.63205337524414 21.285675048828125
19.24652671813965 23.29543685913086
17.790077209472656 21.077207565307617
13.72760009765625 13.883638381958008
13.2201566696167 13.393028259277344
11.314444541931152 11.971480369567871
11.251139640808105 11.89271354675293
10.934659004211426 11.988723754882812
10.556612014770508 12.596994400024414
10.23774528503418 10.658308982849121
9.890050888061523 10.416877746582031
9.888466835021973 10.03258991241455
9.884507179260254 10.33022689819336
9.784215927124023 12.23486614227295
9.670233726501465 11.942798614501953
9.648299217224121 11.95560359954834
9.629966735839844 11.34649658203125
9.60976791381836 13.279800415039062
9.499957084655762 11.06878662109375
9.393139839172363 10.763652801513672
9.316608428955078 12.2954740524292
8.343001365661621 10.078575134277344
8.3077974319458 8.577882766723633
7.25037956237793 8.337106704711914
