0.0 1.250219702720642
0.0 1.7903426885604858
0.0 2.344938039779663
0.0 4.720670223236084
0.0 4.89984130859375
0.0 5.361670970916748
0.0 5.68667459487915
0.0 5.877399921417236
0.0 5.88018798828125
0.0 5.991206645965576
0.0 6.078532695770264
0.0 6.1435441970825195
0.0 6.171063423156738
0.0 6.194637775421143
0.0 6.295671463012695
0.0 6.343902111053467
0.0 6.432980060577393
0.0 6.5397539138793945
0.0 6.5574517250061035
0.0 6.653724670410156
0.0 6.655900001525879
0.0 6.8261919021606445
0.0 6.870582103729248
0.0 7.195174694061279
0.0 7.502753734588623
0.0 7.587203025817871
0.0 7.5875563621521
0.0 7.658753395080566
0.0 7.6797661781311035
0.0 7.706001281738281
0.0 7.722516059875488
0.0 7.7447028160095215
0.0 7.749801158905029
0.0 7.772005558013916
0.0 7.813479900360107
0.0 7.867314338684082
0.0 8.242875099182129
0.0 8.300809860229492
0.0 8.437017440795898
0.0 8.438375473022461
0.0 8.487146377563477
0.0 8.510307312011719
0.0 8.5474853515625
0.0 8.630674362182617
0.0 8.634366989135742
0.0 8.723128318786621
0.0 8.773777961730957
0.0 8.80947494506836
0.0 8.854198455810547
0.0 8.896981239318848
0.0 8.960089683532715
0.0 9.32968807220459
0.0 9.399577140808105
0.0 9.474539756774902
0.0 9.755464553833008
0.0 11.138959884643555
0.0 12.37356185913086
0.0 12.426785469055176
0.0 12.475979804992676
0.0 13.676497459411621
0.0 14.551200866699219
0.0 14.88353157043457
0.0 15.0784912109375
0.0 15.154735565185547
0.0 15.380415916442871
0.0 16.29816436767578
0.0 16.600732803344727
0.0 18.721370697021484
0.0 19.103551864624023
0.0 20.148395538330078
0.0 20.749589920043945
0.0 24.08717918395996
0.0 24.29914093017578
0.0 25.76728630065918
0.0 26.044147491455078
0.0 28.867658615112305
0.0 29.646358489990234
0.0 29.870689392089844
0.0 31.6552677154541
0.0 32.79899978637695
0.0 36.60940933227539
0.0 inf
54.538970947265625 55.017940521240234
52.86842346191406 56.25125503540039
51.8320198059082 75.33802032470703
49.9043083190918 80.32500457763672
20.847204208374023 23.829641342163086
19.207029342651367 21.88482093811035
17.80907440185547 21.263580322265625
14.65192699432373 14.652116775512695
12.590721130371094 13.541553497314453
11.042855262756348 12.674603462219238
10.774205207824707 11.270977020263672
10.75991153717041 11.224467277526855
10.336798667907715 12.072542190551758
10.08525276184082 11.870218276977539
9.573678016662598 10.443720817565918
9.512870788574219 10.772160530090332
9.420751571655273 10.292585372924805
9.411663055419922 13.359586715698242
9.381816864013672 11.17176628112793
9.273885726928711 12.037494659423828
9.194416046142578 12.783154487609863
8.99671459197998 9.16961669921875
8.361603736877441 8.370379447937012
7.685874938964844 7.842485427856445
6.741395950317383 7.033737659454346
