0.0 1.1909252405166626
0.0 1.236934781074524
0.0 1.7703304290771484
0.0 4.991337299346924
0.0 5.021177768707275
0.0 5.400751113891602
0.0 5.597651481628418
0.0 5.970986366271973
0.0 6.076508522033691
0.0 6.143564224243164
0.0 6.217321872711182
0.0 6.301137924194336
0.0 6.338299751281738
0.0 6.367254257202148
0.0 6.465307712554932
0.0 6.658578395843506
0.0 6.810869216918945
0.0 7.012847423553467
0.0 7.142643451690674
0.0 7.166263580322266
0.0 7.3165998458862305
0.0 7.336098670959473
0.0 7.340549468994141
0.0 7.503792762756348
0.0 7.538885116577148
0.0 7.548556327819824
0.0 7.633747577667236
0.0 7.6603899002075195
0.0 7.693686008453369
0.0 7.754616737365723
0.0 7.764517307281494
0.0 7.824199676513672
0.0 8.05694580078125
0.0 8.1425142288208
0.0 8.218646049499512
0.0 8.319747924804688
0.0 8.394987106323242
0.0 8.409806251525879
0.0 8.479949951171875
0.0 8.503495216369629
0.0 8.519575119018555
0.0 8.52487850189209
0.0 8.54647445678711
0.0 8.650347709655762
0.0 8.669156074523926
0.0 8.720500946044922
0.0 8.731629371643066
0.0 8.772063255310059
0.0 8.826766967773438
0.0 8.955475807189941
0.0 9.049335479736328
0.0 9.737566947937012
0.0 9.861213684082031
0.0 10.183082580566406
0.0 10.306586265563965
0.0 10.385498046875
0.0 12.229567527770996
0.0 12.566366195678711
0.0 12.815848350524902
0.0 13.00951099395752
0.0 13.201658248901367
0.0 13.400471687316895
0.0 14.280451774597168
0.0 14.541184425354004
0.0 15.083849906921387
0.0 16.449459075927734
0.0 17.67403221130371
0.0 18.6474666595459
0.0 19.449539184570312
0.0 22.46700668334961
0.0 25.174823760986328
0.0 25.194536209106445
0.0 25.99262237548828
0.0 26.676692962646484
0.0 27.977535247802734
0.0 29.937795639038086
0.0 29.956350326538086
0.0 30.44841194152832
0.0 31.6502685546875
0.0 32.04569625854492
0.0 33.89529800415039
0.0 inf
51.62092590332031 54.94952392578125
50.79130935668945 75.3517837524414
46.63177490234375 69.56812286376953
21.582813262939453 24.23406410217285
19.1189022064209 21.907854080200195
17.929149627685547 18.231739044189453
17.7581844329834 21.351776123046875
12.749061584472656 14.559410095214844
11.04297924041748 12.677908897399902
10.831311225891113 11.450796127319336
10.77612018585205 11.273701667785645
10.700185775756836 11.934491157531738
10.50666332244873 11.651883125305176
10.324026107788086 12.285361289978027
9.72508430480957 10.789361000061035
9.49747085571289 10.004096984863281
9.397528648376465 13.25071907043457
9.356707572937012 11.460939407348633
9.21657657623291 12.044209480285645
8.855690002441406 11.992136001586914
8.60512638092041 10.464463233947754
8.533117294311523 10.299818992614746
8.374603271484375 9.288851737976074
8.374110221862793 9.130623817443848
