0.0 1.2968244552612305
0.0 1.4462413787841797
0.0 1.4830312728881836
0.0 3.2670681476593018
0.0 4.171260833740234
0.0 4.492232799530029
0.0 4.650459289550781
0.0 4.683506488800049
0.0 4.739778995513916
0.0 5.38375186920166
0.0 5.498821258544922
0.0 5.5605058670043945
0.0 5.609011173248291
0.0 5.626162052154541
0.0 6.2052178382873535
0.0 6.256399631500244
0.0 6.315427780151367
0.0 6.363097190856934
0.0 6.393657207489014
0.0 6.4810919761657715
0.0 6.648317337036133
0.0 6.70714807510376
0.0 6.863395690917969
0.0 7.031684398651123
0.0 7.043987274169922
0.0 7.116231918334961
0.0 7.521676063537598
0.0 7.524567604064941
0.0 7.530407905578613
0.0 7.600142002105713
0.0 7.630143165588379
0.0 7.6490631103515625
0.0 7.72258186340332
0.0 7.983663558959961
0.0 7.993178844451904
0.0 8.190884590148926
0.0 8.344927787780762
0.0 8.376177787780762
0.0 8.470684051513672
0.0 8.680163383483887
0.0 8.684541702270508
0.0 8.74070930480957
0.0 8.808527946472168
0.0 8.812729835510254
0.0 8.889883995056152
0.0 8.95732307434082
0.0 8.99052619934082
0.0 9.186732292175293
0.0 9.381087303161621
0.0 9.547462463378906
0.0 9.662395477294922
0.0 9.699239730834961
0.0 10.551225662231445
0.0 10.866377830505371
0.0 11.01906967163086
0.0 12.089823722839355
0.0 13.092954635620117
0.0 13.122247695922852
0.0 13.242867469787598
0.0 13.67654037475586
0.0 13.757503509521484
0.0 13.970735549926758
0.0 14.1495943069458
0.0 14.221097946166992
0.0 15.125722885131836
0.0 15.153178215026855
0.0 15.5460844039917
0.0 15.804547309875488
0.0 16.679826736450195
0.0 18.101852416992188
0.0 18.301532745361328
0.0 18.638477325439453
0.0 20.49483871459961
0.0 23.628232955932617
0.0 24.093069076538086
0.0 24.440195083618164
0.0 28.275962829589844
0.0 29.71834945678711
0.0 30.61090087890625
0.0 31.095808029174805
0.0 33.24485778808594
0.0 inf
48.31170654296875 62.624515533447266
43.77436828613281 44.78712463378906
42.02544021606445 60.01314926147461
35.138790130615234 37.984622955322266
32.3514404296875 34.83488082885742
20.868663787841797 21.95242691040039
17.739646911621094 20.60638999938965
16.575063705444336 24.15631103515625
15.5925931930542 15.99453353881836
14.899142265319824 16.13768768310547
12.42839241027832 12.816241264343262
11.696595191955566 12.013188362121582
10.664064407348633 11.16794490814209
10.388252258300781 11.982542991638184
9.683561325073242 10.302328109741211
9.542412757873535 12.548469543457031
9.478997230529785 12.82662582397461
9.273333549499512 9.468561172485352
9.140464782714844 10.732505798339844
9.035780906677246 9.052136421203613
8.994996070861816 12.648099899291992
7.992489814758301 8.838955879211426
7.3014373779296875 8.369662284851074
