0.0 4.224339962005615
0.0 4.502600193023682
0.0 4.5172295570373535
0.0 4.598647117614746
0.0 4.7705488204956055
0.0 5.453625202178955
0.0 5.526414394378662
0.0 5.814675331115723
0.0 5.978737831115723
0.0 6.184347629547119
0.0 6.301919937133789
0.0 6.334280490875244
0.0 6.399599075317383
0.0 6.5411553382873535
0.0 6.568503379821777
0.0 6.607581615447998
0.0 6.617687225341797
0.0 6.632415294647217
0.0 6.673294544219971
0.0 6.687780380249023
0.0 6.947420120239258
0.0 6.97676420211792
0.0 6.984922409057617
0.0 7.021790504455566
0.0 7.121304035186768
0.0 7.23671817779541
0.0 7.241708278656006
0.0 7.461276054382324
0.0 7.504568576812744
0.0 7.50512170791626
0.0 7.633680820465088
0.0 7.740382671356201
0.0 7.930525779724121
0.0 8.205509185791016
0.0 8.482990264892578
0.0 8.51716136932373
0.0 8.627363204956055
0.0 8.662877082824707
0.0 8.70848560333252
0.0 8.727200508117676
0.0 8.76753044128418
0.0 8.814616203308105
0.0 8.914407730102539
0.0 9.104778289794922
0.0 9.205167770385742
0.0 9.325875282287598
0.0 9.397195816040039
0.0 9.582416534423828
0.0 9.899733543395996
0.0 9.949645042419434
0.0 10.098917007446289
0.0 10.152101516723633
0.0 10.615179061889648
0.0 10.713146209716797
0.0 11.195754051208496
0.0 11.250639915466309
0.0 12.334920883178711
0.0 12.705554962158203
0.0 12.8842191696167
0.0 13.04884147644043
0.0 13.173991203308105
0.0 13.69046401977539
0.0 14.911330223083496
0.0 15.325648307800293
0.0 15.433332443237305
0.0 16.709503173828125
0.0 17.08460235595703
0.0 17.519973754882812
0.0 18.35483741760254
0.0 18.533700942993164
0.0 19.26705551147461
0.0 19.714313507080078
0.0 22.361722946166992
0.0 27.19671058654785
0.0 27.25172996520996
0.0 28.385713577270508
0.0 28.705036163330078
0.0 31.778825759887695
0.0 32.99325180053711
0.0 33.85663986206055
0.0 39.478878021240234
0.0 inf
57.168399810791016 60.208274841308594
55.36468505859375 66.06693267822266
51.43196105957031 73.85810852050781
43.90936279296875 44.59856414794922
20.603450775146484 20.628236770629883
18.668163299560547 19.463397979736328
17.82528305053711 24.87381362915039
15.688939094543457 19.426786422729492
15.65146255493164 16.718475341796875
12.204574584960938 12.876164436340332
11.981510162353516 13.158676147460938
10.671433448791504 12.415003776550293
10.640907287597656 12.700556755065918
10.527575492858887 10.638697624206543
10.190834045410156 10.469980239868164
10.130404472351074 11.298935890197754
10.080345153808594 10.824766159057617
10.04033088684082 11.978222846984863
10.029414176940918 10.579309463500977
9.935358047485352 12.222213745117188
9.778416633605957 10.700547218322754
9.620078086853027 10.321816444396973
9.619989395141602 11.304024696350098
9.259499549865723 9.774340629577637
8.873139381408691 9.304488182067871
8.811037063598633 11.280766487121582
8.743996620178223 8.939122200012207
8.472521781921387 9.091415405273438
8.348714828491211 10.23066234588623
8.150751113891602 9.953534126281738
6.888280391693115 7.638446807861328
