0.0 1.2359803915023804
0.0 1.2518051862716675
0.0 1.3375948667526245
0.0 3.4246201515197754
0.0 3.861341953277588
0.0 4.575042724609375
0.0 5.038747787475586
0.0 5.315937042236328
0.0 5.589295387268066
0.0 5.629203796386719
0.0 5.660652160644531
0.0 5.810724258422852
0.0 6.2640557289123535
0.0 6.308238506317139
0.0 6.39141845703125
0.0 6.5563063621521
0.0 6.710461139678955
0.0 6.765860080718994
0.0 6.821113109588623
0.0 7.086895942687988
0.0 7.346141815185547
0.0 7.355968475341797
0.0 7.3685712814331055
0.0 7.43295955657959
0.0 7.582944869995117
0.0 7.763484477996826
0.0 7.77047061920166
0.0 7.863569736480713
0.0 7.934086322784424
0.0 8.005868911743164
0.0 8.087549209594727
0.0 8.11656665802002
0.0 8.16058349609375
0.0 8.243449211120605
0.0 8.293802261352539
0.0 8.433061599731445
0.0 8.436634063720703
0.0 8.513628005981445
0.0 8.580580711364746
0.0 8.581768989562988
0.0 8.636481285095215
0.0 8.725584030151367
0.0 8.819133758544922
0.0 9.197540283203125
0.0 9.318108558654785
0.0 9.422749519348145
0.0 9.495012283325195
0.0 9.502243041992188
0.0 10.369150161743164
0.0 10.5670804977417
0.0 10.642341613769531
0.0 10.665968894958496
0.0 10.768423080444336
0.0 11.031441688537598
0.0 11.251948356628418
0.0 11.84062385559082
0.0 12.484734535217285
0.0 12.520264625549316
0.0 12.940815925598145
0.0 13.342421531677246
0.0 13.450325965881348
0.0 13.595090866088867
0.0 14.166426658630371
0.0 14.929056167602539
0.0 16.557605743408203
0.0 16.591815948486328
0.0 16.6179141998291
0.0 17.1960391998291
0.0 18.093814849853516
0.0 18.174283981323242
0.0 18.512361526489258
0.0 19.381610870361328
0.0 21.886934280395508
0.0 24.833328247070312
0.0 26.264619827270508
0.0 26.75450325012207
0.0 27.997631072998047
0.0 28.589900970458984
0.0 28.847209930419922
0.0 29.222043991088867
0.0 36.09003448486328
0.0 inf
51.53657150268555 55.57406234741211
48.57877731323242 49.71282196044922
45.180084228515625 63.14138412475586
37.61616134643555 58.94015121459961
34.84040832519531 35.437217712402344
18.997589111328125 21.522823333740234
18.798871994018555 23.904386520385742
16.661529541015625 21.28148078918457
16.443021774291992 16.942489624023438
15.702080726623535 17.716615676879883
14.732514381408691 16.52716636657715
13.174750328063965 14.698400497436523
12.126742362976074 13.974274635314941
11.620477676391602 11.914779663085938
10.94576644897461 12.518471717834473
10.754414558410645 12.269832611083984
10.595707893371582 11.998336791992188
10.497920036315918 12.697089195251465
10.281596183776855 12.825928688049316
9.735261917114258 10.518146514892578
9.697514533996582 9.921016693115234
9.622071266174316 12.065652847290039
9.60548210144043 10.794632911682129
9.600717544555664 13.258166313171387
9.301610946655273 11.321745872497559
9.273651123046875 9.97029972076416
8.886674880981445 9.537469863891602
7.9074201583862305 9.853681564331055
7.869773864746094 8.497467041015625
