0.0 2.100409746170044
0.0 4.312169551849365
0.0 4.7438249588012695
0.0 5.598496437072754
0.0 5.65253210067749
0.0 6.280073165893555
0.0 6.283272743225098
0.0 6.287983417510986
0.0 6.299457550048828
0.0 6.419166564941406
0.0 6.545853614807129
0.0 6.5822601318359375
0.0 6.650290489196777
0.0 6.680979251861572
0.0 6.687865734100342
0.0 6.702118396759033
0.0 6.766948223114014
0.0 6.962622165679932
0.0 7.228688716888428
0.0 7.354406356811523
0.0 7.417756080627441
0.0 7.596632480621338
0.0 7.602904796600342
0.0 7.899018287658691
0.0 8.054847717285156
0.0 8.153624534606934
0.0 8.261634826660156
0.0 8.289764404296875
0.0 8.463197708129883
0.0 8.487663269042969
0.0 8.497817039489746
0.0 8.515944480895996
0.0 8.661125183105469
0.0 8.662540435791016
0.0 8.668485641479492
0.0 9.032883644104004
0.0 9.077997207641602
0.0 9.21186351776123
0.0 9.274110794067383
0.0 9.452620506286621
0.0 9.466655731201172
0.0 9.51880931854248
0.0 9.590424537658691
0.0 9.849502563476562
0.0 10.103093147277832
0.0 10.113908767700195
0.0 10.297219276428223
0.0 10.357562065124512
0.0 10.376897811889648
0.0 10.625585556030273
0.0 10.673600196838379
0.0 10.911673545837402
0.0 11.129507064819336
0.0 11.153068542480469
0.0 11.268094062805176
0.0 11.509193420410156
0.0 11.607587814331055
0.0 12.122862815856934
0.0 12.659246444702148
0.0 12.696866035461426
0.0 12.945182800292969
0.0 14.049376487731934
0.0 14.873651504516602
0.0 15.668689727783203
0.0 17.405351638793945
0.0 17.75226402282715
0.0 18.76703453063965
0.0 19.19302749633789
0.0 20.292085647583008
0.0 20.346158981323242
0.0 20.785316467285156
0.0 21.104877471923828
0.0 22.854822158813477
0.0 23.58368492126465
0.0 24.31857681274414
0.0 24.905303955078125
0.0 27.361263275146484
0.0 28.523954391479492
0.0 28.957962036132812
0.0 29.815702438354492
0.0 29.867244720458984
0.0 inf
42.03593444824219 59.09274673461914
37.42691421508789 60.25907516479492
34.07683181762695 37.94696044921875
33.933319091796875 38.114356994628906
22.36333656311035 28.05257225036621
22.058109283447266 22.34266471862793
19.854652404785156 21.162691116333008
16.474197387695312 19.980472564697266
15.868974685668945 19.85010528564453
14.564488410949707 14.633111953735352
13.27059268951416 15.969710350036621
12.67847728729248 13.2273530960083
11.642965316772461 13.081665992736816
11.554203033447266 11.81827163696289
11.537590026855469 13.688044548034668
10.558737754821777 13.409893035888672
10.468003273010254 11.69650650024414
10.421747207641602 10.946189880371094
10.410969734191895 16.70220947265625
9.6718168258667 13.296320915222168
8.694781303405762 10.66657829284668
7.929436683654785 9.394620895385742
