0.0 2.7996604442596436
0.0 3.4802908897399902
0.0 3.533421516418457
0.0 3.6601407527923584
0.0 4.289635181427002
0.0 4.825188636779785
0.0 4.935795783996582
0.0 5.302918434143066
0.0 5.57472038269043
0.0 5.597882270812988
0.0 6.273891925811768
0.0 6.293066501617432
0.0 6.309276580810547
0.0 6.345985412597656
0.0 6.522759437561035
0.0 6.623836994171143
0.0 6.641201496124268
0.0 6.840828895568848
0.0 6.874116897583008
0.0 6.949060916900635
0.0 7.091930389404297
0.0 7.320618629455566
0.0 7.371018409729004
0.0 7.391541957855225
0.0 7.396793842315674
0.0 7.751406669616699
0.0 7.806371688842773
0.0 7.839792251586914
0.0 7.891900539398193
0.0 8.015469551086426
0.0 8.186637878417969
0.0 8.330738067626953
0.0 8.332077026367188
0.0 8.380709648132324
0.0 8.388562202453613
0.0 8.388594627380371
0.0 8.429211616516113
0.0 8.440342903137207
0.0 8.443187713623047
0.0 8.486846923828125
0.0 8.67795467376709
0.0 8.700520515441895
0.0 9.278970718383789
0.0 9.340813636779785
0.0 9.52862548828125
0.0 9.793296813964844
0.0 9.811960220336914
0.0 9.851295471191406
0.0 10.3292875289917
0.0 10.484950065612793
0.0 10.84147834777832
0.0 10.93679141998291
0.0 10.965121269226074
0.0 10.976763725280762
0.0 11.067559242248535
0.0 11.131065368652344
0.0 11.212910652160645
0.0 12.195034980773926
0.0 12.591275215148926
0.0 12.694838523864746
0.0 13.003893852233887
0.0 14.492840766906738
0.0 14.500852584838867
0.0 15.406938552856445
0.0 17.230087280273438
0.0 17.258995056152344
0.0 19.652956008911133
0.0 20.062124252319336
0.0 20.404054641723633
0.0 20.6141414642334
0.0 20.855493545532227
0.0 21.063852310180664
0.0 22.145008087158203
0.0 22.37295150756836
0.0 26.435009002685547
0.0 26.605627059936523
0.0 27.211589813232422
0.0 27.324661254882812
0.0 29.9403076171875
0.0 30.82448387145996
0.0 34.3105583190918
0.0 inf
46.094383239746094 47.5401496887207
45.57740020751953 46.52080154418945
41.09646224975586 59.21822738647461
40.98593521118164 61.79690170288086
35.813846588134766 40.16759490966797
34.21261978149414 39.03582000732422
22.508682250976562 23.721519470214844
22.213455200195312 28.10682487487793
18.043384552001953 18.426393508911133
16.485126495361328 20.065711975097656
15.696130752563477 19.698606491088867
13.78543472290039 14.445855140686035
12.601597785949707 14.468523979187012
12.48532485961914 15.139528274536133
11.864487648010254 11.892263412475586
11.22404670715332 12.131176948547363
10.736021995544434 13.42031192779541
10.593744277954102 10.67889404296875
10.578256607055664 11.380276679992676
10.085304260253906 12.172633171081543
9.915902137756348 10.274765968322754
9.912389755249023 12.351712226867676
9.541269302368164 9.706192970275879
9.37984561920166 11.795286178588867
9.379209518432617 10.45691204071045
9.268667221069336 10.468106269836426
9.14690113067627 10.07052230834961
8.733412742614746 10.481477737426758
8.464537620544434 11.101862907409668
7.578397750854492 8.973409652709961
7.559614181518555 9.121247291564941
