0.0 1.185568928718567
0.0 1.238843560218811
0.0 1.299365758895874
0.0 3.477316379547119
0.0 3.9810354709625244
0.0 4.244110584259033
0.0 4.723745822906494
0.0 5.191333293914795
0.0 5.346240043640137
0.0 5.5377912521362305
0.0 5.786494255065918
0.0 5.797832489013672
0.0 5.895586013793945
0.0 5.912758827209473
0.0 6.38991117477417
0.0 6.501004219055176
0.0 7.079066276550293
0.0 7.110272407531738
0.0 7.282201290130615
0.0 7.348347187042236
0.0 7.431454658508301
0.0 7.449169635772705
0.0 7.603482246398926
0.0 7.738677501678467
0.0 7.747630596160889
0.0 7.757176399230957
0.0 7.7582316398620605
0.0 7.789451599121094
0.0 7.8103556632995605
0.0 7.997806072235107
0.0 8.1259765625
0.0 8.293542861938477
0.0 8.389211654663086
0.0 8.389331817626953
0.0 8.463455200195312
0.0 8.495149612426758
0.0 8.49877643585205
0.0 8.530223846435547
0.0 8.558069229125977
0.0 8.560809135437012
0.0 8.608713150024414
0.0 9.054503440856934
0.0 9.134325981140137
0.0 9.258618354797363
0.0 9.268662452697754
0.0 9.31884765625
0.0 9.341683387756348
0.0 9.662490844726562
0.0 10.109994888305664
0.0 10.458971977233887
0.0 10.60631275177002
0.0 10.840730667114258
0.0 10.918537139892578
0.0 11.113402366638184
0.0 11.190430641174316
0.0 11.473518371582031
0.0 11.893848419189453
0.0 12.152337074279785
0.0 13.219189643859863
0.0 13.311422348022461
0.0 13.705828666687012
0.0 14.074155807495117
0.0 14.361457824707031
0.0 14.93687629699707
0.0 15.355337142944336
0.0 15.757455825805664
0.0 16.2094669342041
0.0 16.709749221801758
0.0 17.145776748657227
0.0 17.98076057434082
0.0 18.25664710998535
0.0 19.029888153076172
0.0 20.64763069152832
0.0 26.022607803344727
0.0 26.064424514770508
0.0 26.68532943725586
0.0 27.412797927856445
0.0 27.528059005737305
0.0 29.772863388061523
0.0 30.163671493530273
0.0 35.440650939941406
0.0 inf
52.539520263671875 54.886199951171875
49.583133697509766 53.99760055541992
42.176353454589844 64.54393005371094
42.069129943847656 60.117244720458984
37.16457748413086 39.355018615722656
32.26886749267578 35.668113708496094
19.589845657348633 22.998926162719727
17.45471954345703 21.33339500427246
16.99373435974121 18.181455612182617
16.447734832763672 20.25836944580078
15.631434440612793 16.985607147216797
13.138784408569336 14.178520202636719
12.026849746704102 14.041801452636719
11.611773490905762 12.028196334838867
10.947530746459961 12.368884086608887
10.65701961517334 11.110818862915039
10.197752952575684 12.726622581481934
9.934491157531738 11.040647506713867
9.628143310546875 11.125996589660645
9.603684425354004 12.566722869873047
9.515053749084473 9.696303367614746
9.462996482849121 10.408865928649902
9.333436965942383 13.18810749053955
8.91370677947998 10.059993743896484
8.772116661071777 10.712841987609863
8.7001314163208 11.232688903808594
8.335125923156738 8.567373275756836
8.328573226928711 9.729904174804688
7.809017181396484 9.895286560058594
