0.0 1.2806596755981445
0.0 1.4358419179916382
0.0 2.4262795448303223
0.0 4.570351600646973
0.0 5.036007881164551
0.0 5.134310245513916
0.0 5.277023792266846
0.0 5.433058261871338
0.0 5.603894233703613
0.0 5.625954627990723
0.0 5.715041637420654
0.0 5.878432750701904
0.0 6.096587181091309
0.0 6.345354080200195
0.0 6.4043731689453125
0.0 6.445125102996826
0.0 6.5044264793396
0.0 6.571987628936768
0.0 6.61229944229126
0.0 6.613749980926514
0.0 6.801273345947266
0.0 6.8097944259643555
0.0 6.893606185913086
0.0 7.09124755859375
0.0 7.2030534744262695
0.0 7.242534160614014
0.0 7.538804054260254
0.0 7.5448126792907715
0.0 7.581888198852539
0.0 7.593922138214111
0.0 7.648289680480957
0.0 7.703134059906006
0.0 8.088483810424805
0.0 8.12881088256836
0.0 8.324909210205078
0.0 8.32645320892334
0.0 8.389761924743652
0.0 8.457008361816406
0.0 8.477322578430176
0.0 8.64815902709961
0.0 8.789595603942871
0.0 8.871258735656738
0.0 8.944942474365234
0.0 8.99628734588623
0.0 9.05871295928955
0.0 9.177760124206543
0.0 9.304830551147461
0.0 9.422043800354004
0.0 9.45055866241455
0.0 9.805747032165527
0.0 10.247750282287598
0.0 10.533537864685059
0.0 10.539494514465332
0.0 10.873295783996582
0.0 11.116286277770996
0.0 11.168930053710938
0.0 11.26761245727539
0.0 11.962699890136719
0.0 13.170255661010742
0.0 13.221312522888184
0.0 13.249785423278809
0.0 14.042736053466797
0.0 14.412830352783203
0.0 14.42343807220459
0.0 14.843729019165039
0.0 16.430206298828125
0.0 17.10501480102539
0.0 18.711490631103516
0.0 20.617420196533203
0.0 21.042381286621094
0.0 21.800439834594727
0.0 22.844379425048828
0.0 23.49325942993164
0.0 24.06699562072754
0.0 24.568918228149414
0.0 24.713565826416016
0.0 25.232725143432617
0.0 26.702463150024414
0.0 27.34993553161621
0.0 27.59375
0.0 33.125946044921875
0.0 inf
43.60012435913086 62.52464294433594
41.379722595214844 42.986778259277344
37.831512451171875 60.91693115234375
30.793001174926758 35.34553527832031
19.408424377441406 25.32940101623535
18.52691078186035 21.650035858154297
18.490814208984375 22.484907150268555
14.868060111999512 17.379858016967773
13.518691062927246 14.723193168640137
13.463735580444336 13.95765209197998
12.7698974609375 13.728413581848145
11.765631675720215 11.782041549682617
11.717329025268555 13.53988265991211
11.636913299560547 11.79249382019043
10.034160614013672 10.699602127075195
9.780699729919434 11.882465362548828
9.73349666595459 10.49257755279541
9.448267936706543 11.877267837524414
9.435799598693848 11.926885604858398
8.301697731018066 9.228055000305176
8.091876983642578 9.188163757324219
7.914689064025879 9.534852027893066
