0.0 2.4393296241760254
0.0 3.7705817222595215
0.0 4.240954875946045
0.0 4.375270843505859
0.0 4.864335536956787
0.0 5.344174861907959
0.0 5.3899641036987305
0.0 5.690678596496582
0.0 5.733853816986084
0.0 6.202376842498779
0.0 6.342438220977783
0.0 6.381847381591797
0.0 6.6851911544799805
0.0 6.962732315063477
0.0 6.9762163162231445
0.0 7.253657341003418
0.0 7.334135055541992
0.0 7.380862236022949
0.0 7.395371437072754
0.0 7.416821479797363
0.0 7.423856258392334
0.0 7.4500274658203125
0.0 7.465787887573242
0.0 7.477052688598633
0.0 7.489232540130615
0.0 7.77079439163208
0.0 7.855557918548584
0.0 7.889317989349365
0.0 7.94353723526001
0.0 8.261364936828613
0.0 8.285216331481934
0.0 8.303117752075195
0.0 8.39034652709961
0.0 8.418427467346191
0.0 8.514227867126465
0.0 8.526275634765625
0.0 8.716239929199219
0.0 8.815496444702148
0.0 9.102669715881348
0.0 9.25669002532959
0.0 9.274002075195312
0.0 9.285955429077148
0.0 9.289342880249023
0.0 9.43316650390625
0.0 9.515315055847168
0.0 9.587464332580566
0.0 9.597620964050293
0.0 9.632323265075684
0.0 10.261380195617676
0.0 10.357220649719238
0.0 10.676359176635742
0.0 10.742180824279785
0.0 10.866161346435547
0.0 11.068746566772461
0.0 11.153038024902344
0.0 11.45584774017334
0.0 11.711752891540527
0.0 13.033369064331055
0.0 13.113930702209473
0.0 13.207832336425781
0.0 13.508316993713379
0.0 13.707625389099121
0.0 13.844420433044434
0.0 15.85583782196045
0.0 15.904274940490723
0.0 17.403406143188477
0.0 17.53466033935547
0.0 17.591344833374023
0.0 17.748920440673828
0.0 18.803009033203125
0.0 19.233104705810547
0.0 20.454513549804688
0.0 22.28075408935547
0.0 23.663496017456055
0.0 24.922304153442383
0.0 25.90302848815918
0.0 26.34601402282715
0.0 26.378522872924805
0.0 28.6705322265625
0.0 30.590164184570312
0.0 32.47002410888672
0.0 inf
53.81230926513672 54.0191764831543
49.28554916381836 50.99860763549805
47.19975662231445 62.184181213378906
38.59390640258789 58.62696075439453
19.826627731323242 22.93307876586914
19.643829345703125 21.762371063232422
18.621137619018555 24.6104736328125
17.18523597717285 18.19101333618164
15.906414031982422 17.472896575927734
14.836682319641113 18.277873992919922
14.77483081817627 18.16042137145996
13.904555320739746 15.274813652038574
13.858786582946777 14.478083610534668
11.776055335998535 13.076008796691895
11.728222846984863 12.702388763427734
11.325498580932617 11.759350776672363
11.310628890991211 15.265777587890625
10.692739486694336 11.233745574951172
10.237082481384277 12.535046577453613
10.135560989379883 10.524904251098633
10.083415031433105 11.203956604003906
9.440835952758789 11.269845008850098
9.422696113586426 10.751626968383789
8.676523208618164 10.489562034606934
8.347759246826172 9.956343650817871
7.541728496551514 10.371419906616211
7.45111608505249 9.894209861755371
