0.0 3.8030872344970703
0.0 4.482760906219482
0.0 4.715033054351807
0.0 5.33856725692749
0.0 5.3706560134887695
0.0 5.515832901000977
0.0 5.586250305175781
0.0 5.801415920257568
0.0 5.944823265075684
0.0 5.971599102020264
0.0 6.203577041625977
0.0 6.248408317565918
0.0 6.34023380279541
0.0 6.340246200561523
0.0 6.3588056564331055
0.0 6.616464614868164
0.0 6.893240451812744
0.0 6.9153523445129395
0.0 6.983608722686768
0.0 7.084496021270752
0.0 7.240326881408691
0.0 7.328339576721191
0.0 7.3344597816467285
0.0 7.402492523193359
0.0 7.420040607452393
0.0 7.428457260131836
0.0 7.484119415283203
0.0 7.515655517578125
0.0 7.545259952545166
0.0 7.568996906280518
0.0 7.648751735687256
0.0 7.656478404998779
0.0 7.684137344360352
0.0 7.768242359161377
0.0 7.777102947235107
0.0 7.839864730834961
0.0 8.051440238952637
0.0 8.324697494506836
0.0 8.49758243560791
0.0 8.507760047912598
0.0 8.562088012695312
0.0 8.788887977600098
0.0 8.814674377441406
0.0 8.831777572631836
0.0 8.865108489990234
0.0 8.899408340454102
0.0 8.938849449157715
0.0 9.307550430297852
0.0 9.380935668945312
0.0 9.463094711303711
0.0 9.593213081359863
0.0 9.827110290527344
0.0 9.844380378723145
0.0 9.893328666687012
0.0 9.992362976074219
0.0 11.18923568725586
0.0 12.371586799621582
0.0 12.630544662475586
0.0 12.711132049560547
0.0 12.741645812988281
0.0 13.026124954223633
0.0 13.37265682220459
0.0 14.568351745605469
0.0 16.19748878479004
0.0 16.339218139648438
0.0 16.62467384338379
0.0 17.34382438659668
0.0 18.670373916625977
0.0 19.00520133972168
0.0 19.431049346923828
0.0 20.150575637817383
0.0 20.38055419921875
0.0 21.110801696777344
0.0 22.908985137939453
0.0 26.241548538208008
0.0 28.79271125793457
0.0 28.795263290405273
0.0 29.765466690063477
0.0 31.30788230895996
0.0 32.68061065673828
0.0 35.90444564819336
0.0 inf
59.39970397949219 60.306888580322266
51.04828643798828 53.95907211303711
50.368560791015625 66.96441650390625
49.0117073059082 66.46334075927734
37.67300033569336 41.16212844848633
36.44427490234375 39.57218551635742
20.718706130981445 21.05435562133789
20.250991821289062 23.505674362182617
19.17038917541504 21.638822555541992
18.073423385620117 20.410608291625977
11.180001258850098 12.336837768554688
10.772054672241211 11.318821907043457
10.233663558959961 11.774053573608398
10.22144889831543 10.22636604309082
10.09638786315918 12.428760528564453
9.856491088867188 10.264969825744629
9.77679443359375 11.769763946533203
9.76073169708252 12.855173110961914
9.737335205078125 11.952733039855957
9.712286949157715 11.975305557250977
9.649889945983887 11.715609550476074
9.610361099243164 12.060699462890625
9.550808906555176 11.01108169555664
9.44404411315918 10.240213394165039
9.366324424743652 10.225132942199707
9.102140426635742 9.28359317779541
7.669157028198242 7.898611068725586
7.275207042694092 8.540983200073242
7.258473873138428 8.756114959716797
