0.0 1.0584709644317627
0.0 1.05851149559021
0.0 1.1261096000671387
0.0 3.9421098232269287
0.0 4.393744945526123
0.0 4.452869415283203
0.0 4.9861907958984375
0.0 5.291248321533203
0.0 5.292999744415283
0.0 5.685458660125732
0.0 5.702428340911865
0.0 5.831689357757568
0.0 5.84575891494751
0.0 5.885340213775635
0.0 6.192565441131592
0.0 6.233434200286865
0.0 6.447134971618652
0.0 6.507813453674316
0.0 6.513438701629639
0.0 7.021477699279785
0.0 7.184201717376709
0.0 7.226926803588867
0.0 7.234707355499268
0.0 7.279412746429443
0.0 7.294918060302734
0.0 7.390026569366455
0.0 7.442037105560303
0.0 7.456944942474365
0.0 7.575636863708496
0.0 7.836023330688477
0.0 7.8907880783081055
0.0 7.890828609466553
0.0 7.976069927215576
0.0 8.081368446350098
0.0 8.351633071899414
0.0 8.397533416748047
0.0 8.434846878051758
0.0 8.457084655761719
0.0 8.501974105834961
0.0 8.598357200622559
0.0 8.6358642578125
0.0 8.650070190429688
0.0 8.708866119384766
0.0 8.794998168945312
0.0 8.867619514465332
0.0 8.995885848999023
0.0 8.997187614440918
0.0 10.272499084472656
0.0 10.487460136413574
0.0 10.489513397216797
0.0 11.019806861877441
0.0 11.031599998474121
0.0 11.155414581298828
0.0 11.220940589904785
0.0 11.298725128173828
0.0 11.501618385314941
0.0 12.566170692443848
0.0 12.758000373840332
0.0 13.46726131439209
0.0 13.724190711975098
0.0 14.5332612991333
0.0 14.611227989196777
0.0 14.751421928405762
0.0 14.971671104431152
0.0 15.316713333129883
0.0 16.325468063354492
0.0 16.37602996826172
0.0 17.752323150634766
0.0 20.089021682739258
0.0 21.801311492919922
0.0 22.359817504882812
0.0 22.911787033081055
0.0 22.976266860961914
0.0 23.72386932373047
0.0 23.756656646728516
0.0 25.51253318786621
0.0 25.639333724975586
0.0 26.61382293701172
0.0 26.662433624267578
0.0 27.45567512512207
0.0 32.313602447509766
0.0 inf
42.561946868896484 44.34561538696289
42.33576965332031 63.56840896606445
36.49270248413086 64.93304443359375
33.379364013671875 38.012237548828125
31.424030303955078 35.59743881225586
18.95868682861328 24.93798828125
18.498119354248047 21.56547737121582
18.3840274810791 22.75177764892578
16.295473098754883 16.74403953552246
15.777209281921387 17.47825813293457
15.055987358093262 17.9666748046875
12.010401725769043 14.238576889038086
11.936949729919434 11.939373016357422
11.636777877807617 12.506586074829102
11.545368194580078 12.787492752075195
11.511373519897461 13.340328216552734
10.904278755187988 11.347612380981445
10.624485969543457 12.83719253540039
9.679984092712402 12.541247367858887
9.347319602966309 14.37961196899414
9.227109909057617 9.700949668884277
8.544254302978516 9.545297622680664
7.9858174324035645 8.266594886779785
7.541609287261963 8.867908477783203
