0.0 3.5543510913848877
0.0 3.621978998184204
0.0 3.8674721717834473
0.0 3.950496196746826
0.0 4.285585880279541
0.0 4.37139892578125
0.0 4.766815185546875
0.0 5.2184247970581055
0.0 5.227676868438721
0.0 5.242428302764893
0.0 5.381975173950195
0.0 5.58209228515625
0.0 5.619194984436035
0.0 5.709017753601074
0.0 6.181257724761963
0.0 6.221107006072998
0.0 6.221579551696777
0.0 6.23527193069458
0.0 6.345874786376953
0.0 6.395520210266113
0.0 6.591640949249268
0.0 6.80083703994751
0.0 6.852231502532959
0.0 7.299765110015869
0.0 7.438291549682617
0.0 7.452121734619141
0.0 7.58374547958374
0.0 7.760563850402832
0.0 7.886194705963135
0.0 7.93583345413208
0.0 7.939515590667725
0.0 7.98715877532959
0.0 8.075952529907227
0.0 8.098942756652832
0.0 8.336976051330566
0.0 8.417263984680176
0.0 8.446077346801758
0.0 8.495118141174316
0.0 8.74337387084961
0.0 8.84096908569336
0.0 8.945170402526855
0.0 8.972282409667969
0.0 9.061773300170898
0.0 9.11682415008545
0.0 9.121365547180176
0.0 9.20431900024414
0.0 9.452801704406738
0.0 9.578815460205078
0.0 9.861031532287598
0.0 9.867337226867676
0.0 10.109528541564941
0.0 10.253607749938965
0.0 10.35966682434082
0.0 10.803692817687988
0.0 10.871787071228027
0.0 11.6678466796875
0.0 11.794886589050293
0.0 12.66014289855957
0.0 12.775742530822754
0.0 13.023111343383789
0.0 13.258139610290527
0.0 13.615874290466309
0.0 14.865166664123535
0.0 15.035757064819336
0.0 15.885998725891113
0.0 16.587032318115234
0.0 17.302461624145508
0.0 18.384756088256836
0.0 20.13006019592285
0.0 20.833627700805664
0.0 20.846839904785156
0.0 21.584548950195312
0.0 22.41632080078125
0.0 23.152931213378906
0.0 23.198827743530273
0.0 25.13410758972168
0.0 25.363216400146484
0.0 28.019290924072266
0.0 29.142114639282227
0.0 29.63163185119629
0.0 33.28980255126953
0.0 inf
46.932952880859375 51.696571350097656
46.48259353637695 61.25909423828125
34.46428298950195 63.33347702026367
19.50879669189453 20.85209846496582
19.054763793945312 21.5279541015625
16.829788208007812 27.75264549255371
16.570219039916992 16.77305030822754
16.00783920288086 19.535627365112305
15.803412437438965 16.13984489440918
14.608781814575195 14.674773216247559
13.474302291870117 14.984262466430664
13.34819507598877 13.682665824890137
11.743850708007812 11.862462997436523
11.346294403076172 13.316191673278809
10.861798286437988 11.524250030517578
10.843260765075684 12.580225944519043
10.76734733581543 11.355626106262207
10.688216209411621 11.147481918334961
10.557385444641113 11.313492774963379
10.375269889831543 11.184605598449707
9.78157901763916 13.456669807434082
9.550639152526855 10.149067878723145
9.52065658569336 11.908695220947266
9.41397762298584 9.801360130310059
9.401246070861816 10.049043655395508
9.341054916381836 9.84255599975586
8.7185640335083 9.006114959716797
7.800400257110596 9.624710083007812
7.469115734100342 8.977843284606934
