0.0 2.400968551635742
0.0 3.314708948135376
0.0 4.2328200340271
0.0 5.313896179199219
0.0 5.582803726196289
0.0 5.5991668701171875
0.0 5.920970439910889
0.0 5.929925441741943
0.0 6.290600299835205
0.0 6.29682731628418
0.0 6.487110614776611
0.0 6.569624423980713
0.0 6.5909810066223145
0.0 6.608575344085693
0.0 6.633909702301025
0.0 7.038296699523926
0.0 7.052957057952881
0.0 7.3777947425842285
0.0 7.380346298217773
0.0 7.389247417449951
0.0 7.484457969665527
0.0 7.583545684814453
0.0 7.588397979736328
0.0 7.676677703857422
0.0 7.697598457336426
0.0 7.855387210845947
0.0 8.292309761047363
0.0 8.381345748901367
0.0 8.397475242614746
0.0 8.421276092529297
0.0 8.451789855957031
0.0 8.59323787689209
0.0 8.605673789978027
0.0 8.606118202209473
0.0 8.728450775146484
0.0 8.9611234664917
0.0 8.974660873413086
0.0 9.22055435180664
0.0 9.263270378112793
0.0 9.299629211425781
0.0 9.358586311340332
0.0 9.50330638885498
0.0 9.546212196350098
0.0 9.678670883178711
0.0 9.739338874816895
0.0 10.155238151550293
0.0 10.26877212524414
0.0 10.372537612915039
0.0 10.423443794250488
0.0 10.538812637329102
0.0 10.838258743286133
0.0 10.83867359161377
0.0 10.911602973937988
0.0 11.051322937011719
0.0 11.063156127929688
0.0 11.091257095336914
0.0 12.505337715148926
0.0 12.52149772644043
0.0 13.148329734802246
0.0 13.36501693725586
0.0 13.401134490966797
0.0 13.62299919128418
0.0 15.047759056091309
0.0 16.137292861938477
0.0 17.523212432861328
0.0 18.47352409362793
0.0 18.92328643798828
0.0 19.221511840820312
0.0 20.714155197143555
0.0 20.875633239746094
0.0 21.31100082397461
0.0 21.975038528442383
0.0 22.360671997070312
0.0 24.46696662902832
0.0 24.67234992980957
0.0 25.36713218688965
0.0 25.72121810913086
0.0 26.290050506591797
0.0 29.31001091003418
0.0 30.594234466552734
0.0 31.280982971191406
0.0 inf
40.485008239746094 60.84366226196289
36.86869430541992 61.03620529174805
35.22850036621094 40.64722442626953
23.691242218017578 28.691831588745117
18.733600616455078 20.955516815185547
17.789655685424805 19.12962532043457
17.22403335571289 20.234207153320312
16.815397262573242 16.86317253112793
15.944204330444336 16.2528076171875
14.60903263092041 16.27954864501953
14.573091506958008 14.74548053741455
13.453775405883789 16.100994110107422
13.300383567810059 15.759483337402344
11.623920440673828 12.274275779724121
10.968941688537598 13.225419998168945
10.468807220458984 11.84605598449707
10.428023338317871 11.625743865966797
9.805136680603027 12.877378463745117
9.442697525024414 12.55737018585205
8.62217903137207 8.984309196472168
8.528047561645508 10.59451961517334
7.673621654510498 9.02540111541748
