0.0 2.054478645324707
0.0 2.5435631275177
0.0 2.808065891265869
0.0 3.756967782974243
0.0 4.2490668296813965
0.0 4.335062026977539
0.0 4.380233287811279
0.0 5.187557220458984
0.0 5.213332176208496
0.0 5.229581356048584
0.0 5.249289035797119
0.0 5.335229873657227
0.0 5.40765905380249
0.0 5.594478130340576
0.0 5.661703109741211
0.0 6.280670166015625
0.0 6.310510635375977
0.0 6.3658294677734375
0.0 6.395044326782227
0.0 6.412014961242676
0.0 6.42430305480957
0.0 6.5423455238342285
0.0 6.658549785614014
0.0 7.063816070556641
0.0 7.127501010894775
0.0 7.243792533874512
0.0 7.287198066711426
0.0 7.337893486022949
0.0 7.452265739440918
0.0 7.466622352600098
0.0 7.488022327423096
0.0 7.8768134117126465
0.0 8.00496768951416
0.0 8.019031524658203
0.0 8.16373348236084
0.0 8.201358795166016
0.0 8.261750221252441
0.0 8.427310943603516
0.0 8.437373161315918
0.0 8.441150665283203
0.0 8.458741188049316
0.0 8.458846092224121
0.0 8.521799087524414
0.0 8.729020118713379
0.0 8.787249565124512
0.0 8.837388038635254
0.0 9.134573936462402
0.0 9.42113971710205
0.0 9.581103324890137
0.0 9.807405471801758
0.0 10.100423812866211
0.0 10.172257423400879
0.0 11.157780647277832
0.0 11.431123733520508
0.0 11.854239463806152
0.0 12.070838928222656
0.0 12.203961372375488
0.0 12.781439781188965
0.0 12.973745346069336
0.0 13.752952575683594
0.0 13.878325462341309
0.0 15.71148681640625
0.0 16.10250473022461
0.0 16.188480377197266
0.0 16.444772720336914
0.0 17.511945724487305
0.0 19.764949798583984
0.0 20.398502349853516
0.0 20.621253967285156
0.0 21.2053165435791
0.0 23.29074478149414
0.0 24.03536605834961
0.0 24.549230575561523
0.0 24.782377243041992
0.0 25.470035552978516
0.0 29.15858268737793
0.0 29.251371383666992
0.0 29.40436553955078
0.0 29.41476821899414
0.0 33.46038055419922
0.0 34.73110580444336
0.0 inf
51.61555480957031 58.906166076660156
48.58119201660156 72.40510559082031
46.8042106628418 48.146236419677734
36.46444320678711 64.27509307861328
20.43231201171875 21.447345733642578
19.64325714111328 20.944643020629883
19.480762481689453 23.28573226928711
18.354686737060547 19.358156204223633
17.814128875732422 24.852218627929688
16.65016746520996 18.703004837036133
15.928173065185547 15.93532943725586
14.683855056762695 17.188188552856445
14.308889389038086 15.39613151550293
14.285157203674316 14.52168083190918
12.946979522705078 13.725667953491211
11.105620384216309 11.67989730834961
10.639513969421387 12.8093843460083
10.226933479309082 10.403517723083496
9.809306144714355 11.524445533752441
9.680246353149414 10.12043571472168
9.63815689086914 11.099823951721191
9.322604179382324 12.042440414428711
8.51702880859375 9.826476097106934
8.46540355682373 9.83613395690918
8.3129301071167 8.464139938354492
7.691658973693848 9.666851043701172
7.294375896453857 9.688118934631348
