0.0 1.2221014499664307
0.0 1.2482116222381592
0.0 1.321262240409851
0.0 3.2947490215301514
0.0 3.428288221359253
0.0 4.9716877937316895
0.0 5.315506458282471
0.0 5.540173530578613
0.0 5.623804092407227
0.0 5.654294967651367
0.0 5.765995502471924
0.0 5.8412652015686035
0.0 6.061200141906738
0.0 6.320331573486328
0.0 6.420685768127441
0.0 6.556992053985596
0.0 6.720180988311768
0.0 6.857326507568359
0.0 7.0007476806640625
0.0 7.346214771270752
0.0 7.355900287628174
0.0 7.4415388107299805
0.0 7.582067012786865
0.0 7.700747013092041
0.0 7.792011260986328
0.0 7.801368236541748
0.0 7.935678482055664
0.0 7.971329212188721
0.0 8.010631561279297
0.0 8.0318021774292
0.0 8.077472686767578
0.0 8.230052947998047
0.0 8.278756141662598
0.0 8.430481910705566
0.0 8.435992240905762
0.0 8.505594253540039
0.0 8.515838623046875
0.0 8.535975456237793
0.0 8.560343742370605
0.0 8.569684982299805
0.0 8.632206916809082
0.0 8.897075653076172
0.0 9.370914459228516
0.0 9.396407127380371
0.0 9.41761589050293
0.0 9.488179206848145
0.0 9.49550724029541
0.0 9.517753601074219
0.0 10.342960357666016
0.0 10.539992332458496
0.0 10.650886535644531
0.0 10.673981666564941
0.0 10.774439811706543
0.0 10.86644172668457
0.0 11.196908950805664
0.0 11.827313423156738
0.0 12.381921768188477
0.0 12.492476463317871
0.0 12.853939056396484
0.0 13.496424674987793
0.0 13.655848503112793
0.0 13.998552322387695
0.0 14.226622581481934
0.0 14.926121711730957
0.0 15.715507507324219
0.0 16.302701950073242
0.0 17.063867568969727
0.0 17.41677474975586
0.0 17.69237518310547
0.0 18.162614822387695
0.0 18.327451705932617
0.0 18.855236053466797
0.0 19.32499122619629
0.0 24.843385696411133
0.0 26.34228515625
0.0 26.84903907775879
0.0 27.5317325592041
0.0 27.77863121032715
0.0 28.975311279296875
0.0 29.829105377197266
0.0 36.23194122314453
0.0 inf
51.180294036865234 55.1776008605957
48.7952995300293 49.66868209838867
44.417449951171875 60.88442611694336
37.49724578857422 58.53620529174805
36.00368881225586 39.52314376831055
34.80202102661133 35.86001968383789
18.939231872558594 20.540321350097656
18.791173934936523 23.803476333618164
16.615827560424805 20.93463706970215
16.448482513427734 16.895524978637695
15.725973129272461 17.762601852416992
14.559395790100098 16.20599937438965
13.17133617401123 14.632609367370605
12.119657516479492 13.977289199829102
11.615303039550781 11.919629096984863
10.952651023864746 12.50656795501709
10.846014976501465 12.299175262451172
10.668107032775879 10.860186576843262
10.598743438720703 12.00381088256836
10.376977920532227 13.89314079284668
10.296228408813477 12.804393768310547
9.970443725585938 11.332402229309082
9.679122924804688 10.930991172790527
9.633463859558105 12.043144226074219
9.594308853149414 13.260154724121094
8.882554054260254 9.930994987487793
8.809185981750488 10.541260719299316
8.332706451416016 8.51351547241211
8.297392845153809 9.824146270751953
7.882143974304199 9.858255386352539
