0.0 2.0947554111480713
0.0 3.398988962173462
0.0 4.549927711486816
0.0 4.952897071838379
0.0 5.494385719299316
0.0 5.6078948974609375
0.0 6.295560836791992
0.0 6.310009479522705
0.0 6.310622215270996
0.0 6.312525272369385
0.0 6.329312324523926
0.0 6.58026123046875
0.0 6.6395649909973145
0.0 6.667569160461426
0.0 6.721600532531738
0.0 6.782506942749023
0.0 6.8984527587890625
0.0 7.256202220916748
0.0 7.31281042098999
0.0 7.376282215118408
0.0 7.485857009887695
0.0 7.496402263641357
0.0 7.525354862213135
0.0 7.635080814361572
0.0 7.714499473571777
0.0 7.9492669105529785
0.0 8.2605562210083
0.0 8.275982856750488
0.0 8.387335777282715
0.0 8.42025089263916
0.0 8.44442367553711
0.0 8.451406478881836
0.0 8.451942443847656
0.0 8.54759693145752
0.0 8.555473327636719
0.0 8.741021156311035
0.0 8.848207473754883
0.0 8.878302574157715
0.0 9.107803344726562
0.0 9.252784729003906
0.0 9.420284271240234
0.0 9.501286506652832
0.0 9.534185409545898
0.0 9.644844055175781
0.0 9.7234468460083
0.0 9.830981254577637
0.0 10.228577613830566
0.0 10.236567497253418
0.0 10.248727798461914
0.0 10.304607391357422
0.0 10.366034507751465
0.0 10.812429428100586
0.0 10.855652809143066
0.0 11.003500938415527
0.0 11.19588565826416
0.0 11.493210792541504
0.0 11.74031925201416
0.0 12.533961296081543
0.0 12.777362823486328
0.0 13.334083557128906
0.0 13.414645195007324
0.0 14.290608406066895
0.0 15.058765411376953
0.0 15.879149436950684
0.0 17.633459091186523
0.0 18.320505142211914
0.0 18.491073608398438
0.0 19.638208389282227
0.0 20.202810287475586
0.0 20.439369201660156
0.0 21.275941848754883
0.0 21.778778076171875
0.0 22.27386474609375
0.0 24.342294692993164
0.0 25.243061065673828
0.0 25.26764678955078
0.0 25.412628173828125
0.0 26.068391799926758
0.0 28.97293472290039
0.0 30.962526321411133
0.0 32.03166580200195
0.0 inf
36.973758697509766 62.11764144897461
36.96925735473633 57.33451843261719
34.65313720703125 40.58046340942383
22.16405487060547 28.099658966064453
19.617387771606445 21.491662979125977
17.07624053955078 19.255517959594727
16.792301177978516 20.00743865966797
15.907310485839844 16.422340393066406
15.423320770263672 16.719667434692383
14.129287719726562 16.305139541625977
13.567636489868164 15.870377540588379
10.773584365844727 13.157442092895508
10.48245906829834 11.933427810668945
10.48084831237793 10.546707153320312
9.556281089782715 11.425941467285156
9.460021018981934 11.149274826049805
9.383346557617188 11.724550247192383
8.874236106872559 11.77934741973877
8.489919662475586 10.222002983093262
7.986185073852539 9.491731643676758
