0.0 1.2831593751907349
0.0 1.4111030101776123
0.0 2.5709445476531982
0.0 4.301741600036621
0.0 4.3608856201171875
0.0 4.3892621994018555
0.0 4.4058356285095215
0.0 5.465593338012695
0.0 5.779478549957275
0.0 5.803979396820068
0.0 6.324460983276367
0.0 6.329241752624512
0.0 6.362978935241699
0.0 6.398191928863525
0.0 6.440193176269531
0.0 6.5429558753967285
0.0 6.549975395202637
0.0 6.567470550537109
0.0 6.645341873168945
0.0 6.699501991271973
0.0 6.7439093589782715
0.0 6.883761882781982
0.0 6.90758752822876
0.0 6.9173688888549805
0.0 7.08860969543457
0.0 7.500933647155762
0.0 7.516988754272461
0.0 7.51796293258667
0.0 7.541987419128418
0.0 7.903098106384277
0.0 8.01329517364502
0.0 8.027997970581055
0.0 8.182212829589844
0.0 8.377018928527832
0.0 8.414595603942871
0.0 8.441937446594238
0.0 8.473604202270508
0.0 8.501510620117188
0.0 8.5407075881958
0.0 8.719675064086914
0.0 8.796429634094238
0.0 8.864035606384277
0.0 8.865425109863281
0.0 8.913249969482422
0.0 9.033208847045898
0.0 9.12405776977539
0.0 9.299234390258789
0.0 9.317523956298828
0.0 9.550247192382812
0.0 9.61708927154541
0.0 9.742657661437988
0.0 9.777265548706055
0.0 10.003711700439453
0.0 10.082039833068848
0.0 10.762102127075195
0.0 11.044955253601074
0.0 11.375834465026855
0.0 12.177087783813477
0.0 12.5100679397583
0.0 12.727643013000488
0.0 12.788883209228516
0.0 13.191526412963867
0.0 14.754819869995117
0.0 14.976554870605469
0.0 16.347280502319336
0.0 17.330062866210938
0.0 17.79314613342285
0.0 17.808429718017578
0.0 17.870803833007812
0.0 18.690885543823242
0.0 21.182804107666016
0.0 22.13661003112793
0.0 23.553646087646484
0.0 24.641284942626953
0.0 27.271207809448242
0.0 27.43574333190918
0.0 27.503442764282227
0.0 27.9361629486084
0.0 28.209129333496094
0.0 31.707006454467773
0.0 34.276580810546875
0.0 inf
41.69463348388672 44.295101165771484
41.21641159057617 61.97983169555664
37.749393463134766 41.11035919189453
36.495452880859375 37.916473388671875
35.04351806640625 59.58499526977539
34.4182243347168 38.53645706176758
20.15463638305664 24.640047073364258
18.764678955078125 22.599275588989258
17.88982391357422 21.152835845947266
14.799044609069824 15.566643714904785
13.300516128540039 16.51011085510254
12.347406387329102 13.65796184539795
11.769521713256836 12.007287979125977
11.450464248657227 12.398370742797852
10.567902565002441 11.808626174926758
10.279982566833496 11.991106033325195
10.130216598510742 11.72867488861084
9.808968544006348 12.030682563781738
9.673108100891113 11.609432220458984
9.569095611572266 12.40307903289795
9.340831756591797 10.727490425109863
8.835554122924805 8.9426851272583
8.808444023132324 9.233874320983887
8.450693130493164 9.262375831604004
8.373459815979004 8.879181861877441
8.339839935302734 9.24533462524414
