0.0 1.1568657159805298
0.0 1.1968681812286377
0.0 1.3302147388458252
0.0 3.601273536682129
0.0 4.04425048828125
0.0 4.197457313537598
0.0 4.283165454864502
0.0 4.913341522216797
0.0 5.174687385559082
0.0 5.2501606941223145
0.0 5.31187105178833
0.0 5.356790065765381
0.0 5.3790740966796875
0.0 5.46705436706543
0.0 5.481322288513184
0.0 5.755350589752197
0.0 5.8985490798950195
0.0 5.90464973449707
0.0 6.314416408538818
0.0 6.345086574554443
0.0 6.523535251617432
0.0 6.560201644897461
0.0 6.649747371673584
0.0 6.679917335510254
0.0 6.791717529296875
0.0 6.803869247436523
0.0 7.320079326629639
0.0 7.458490371704102
0.0 7.585311412811279
0.0 7.659257411956787
0.0 7.700081825256348
0.0 7.732558727264404
0.0 7.956800937652588
0.0 8.074912071228027
0.0 8.135016441345215
0.0 8.186630249023438
0.0 8.291805267333984
0.0 8.367987632751465
0.0 8.43856143951416
0.0 8.463735580444336
0.0 8.491118431091309
0.0 8.658771514892578
0.0 8.740159034729004
0.0 8.748537063598633
0.0 9.10944652557373
0.0 9.222308158874512
0.0 9.341273307800293
0.0 9.881360054016113
0.0 9.98099136352539
0.0 10.021811485290527
0.0 10.469104766845703
0.0 10.718202590942383
0.0 11.181291580200195
0.0 11.437154769897461
0.0 11.834701538085938
0.0 12.564770698547363
0.0 12.848445892333984
0.0 13.048238754272461
0.0 13.174039840698242
0.0 13.233972549438477
0.0 13.277545928955078
0.0 13.326091766357422
0.0 13.44810676574707
0.0 13.603958129882812
0.0 14.755932807922363
0.0 16.295799255371094
0.0 16.359878540039062
0.0 17.499650955200195
0.0 19.746706008911133
0.0 21.015012741088867
0.0 21.756206512451172
0.0 22.97842788696289
0.0 23.795700073242188
0.0 24.025129318237305
0.0 24.586898803710938
0.0 25.222335815429688
0.0 25.286123275756836
0.0 26.44204330444336
0.0 28.575239181518555
0.0 28.82844352722168
0.0 32.96428680419922
0.0 inf
45.4637336730957 46.25993728637695
45.34918212890625 62.67689895629883
38.82538604736328 63.314876556396484
37.66654586791992 39.21769714355469
31.34398078918457 37.32096481323242
19.165616989135742 26.47294044494629
18.3710880279541 21.53449058532715
17.446001052856445 20.63368797302246
16.84425926208496 19.071205139160156
15.80695915222168 16.385730743408203
14.08734130859375 16.628978729248047
12.881973266601562 14.035923957824707
11.232090950012207 11.715254783630371
10.356374740600586 11.674201965332031
10.310603141784668 10.797233581542969
10.234522819519043 11.4463529586792
9.646647453308105 14.871131896972656
9.645742416381836 10.271926879882812
8.613713264465332 10.703280448913574
8.411480903625488 9.842249870300293
8.334980010986328 9.153803825378418
7.91823673248291 8.780534744262695
7.767814636230469 9.447673797607422
