0.0 4.209409713745117
0.0 4.237056255340576
0.0 4.504408359527588
0.0 4.69650411605835
0.0 4.992737770080566
0.0 5.264698028564453
0.0 5.3959245681762695
0.0 5.629823684692383
0.0 5.699586868286133
0.0 6.579030990600586
0.0 6.62080192565918
0.0 6.742539882659912
0.0 6.885739803314209
0.0 7.315374374389648
0.0 7.574845790863037
0.0 7.576242446899414
0.0 7.6744842529296875
0.0 7.91029691696167
0.0 7.9193501472473145
0.0 7.934173583984375
0.0 7.9686150550842285
0.0 7.99821662902832
0.0 8.28011417388916
0.0 8.390713691711426
0.0 8.397584915161133
0.0 8.399683952331543
0.0 8.447345733642578
0.0 8.450085639953613
0.0 8.48829460144043
0.0 8.489235877990723
0.0 8.5967435836792
0.0 8.695533752441406
0.0 8.885883331298828
0.0 9.195791244506836
0.0 9.260632514953613
0.0 9.266719818115234
0.0 9.3527193069458
0.0 9.410860061645508
0.0 9.47727108001709
0.0 9.523527145385742
0.0 9.567317008972168
0.0 9.58517074584961
0.0 9.705818176269531
0.0 9.843526840209961
0.0 9.916260719299316
0.0 10.21510124206543
0.0 10.255704879760742
0.0 10.660930633544922
0.0 10.877394676208496
0.0 11.064440727233887
0.0 11.185800552368164
0.0 11.225850105285645
0.0 11.233583450317383
0.0 12.026670455932617
0.0 12.080601692199707
0.0 12.196285247802734
0.0 12.25120735168457
0.0 12.597413063049316
0.0 13.456292152404785
0.0 13.52826976776123
0.0 13.888447761535645
0.0 14.157205581665039
0.0 14.49368953704834
0.0 14.712384223937988
0.0 14.94674015045166
0.0 15.440454483032227
0.0 16.537721633911133
0.0 16.9146728515625
0.0 17.46751594543457
0.0 18.40854835510254
0.0 18.513912200927734
0.0 19.41646385192871
0.0 20.257532119750977
0.0 25.86302375793457
0.0 26.133384704589844
0.0 26.347341537475586
0.0 27.652713775634766
0.0 29.008087158203125
0.0 29.287281036376953
0.0 30.855302810668945
0.0 37.8618049621582
0.0 inf
53.242122650146484 57.49933624267578
52.505184173583984 59.08816909790039
45.416988372802734 61.99155044555664
45.356658935546875 64.07193756103516
18.551637649536133 22.972482681274414
17.560400009155273 22.169841766357422
16.552204132080078 20.13086700439453
16.028358459472656 17.326204299926758
15.905488014221191 17.22332763671875
15.59343433380127 18.284738540649414
14.749028205871582 15.917267799377441
13.177874565124512 14.520655632019043
13.012028694152832 13.176921844482422
12.925861358642578 15.425300598144531
11.98790168762207 14.112800598144531
10.61300277709961 13.763941764831543
10.55229663848877 12.251066207885742
10.498154640197754 12.046429634094238
9.727516174316406 10.151342391967773
9.67634105682373 12.645411491394043
9.59426498413086 12.47645378112793
9.462882995605469 13.260031700134277
9.346184730529785 10.13862133026123
9.110692024230957 10.874319076538086
9.072240829467773 9.693342208862305
8.796231269836426 9.254059791564941
8.175625801086426 9.201468467712402
