0.0 1.270746111869812
0.0 1.397926926612854
0.0 2.524921178817749
0.0 4.298611640930176
0.0 4.3610076904296875
0.0 4.3880615234375
0.0 4.389877796173096
0.0 5.498597145080566
0.0 5.7991042137146
0.0 5.871471881866455
0.0 6.324529647827148
0.0 6.329573631286621
0.0 6.374423027038574
0.0 6.39164400100708
0.0 6.438898086547852
0.0 6.549561023712158
0.0 6.568968772888184
0.0 6.605929374694824
0.0 6.6465630531311035
0.0 6.735011100769043
0.0 6.738875865936279
0.0 6.895887851715088
0.0 6.908201217651367
0.0 6.917034149169922
0.0 7.0971360206604
0.0 7.489829063415527
0.0 7.513768196105957
0.0 7.536843776702881
0.0 7.545701026916504
0.0 7.926932334899902
0.0 8.013050079345703
0.0 8.04552936553955
0.0 8.152740478515625
0.0 8.383804321289062
0.0 8.392962455749512
0.0 8.432538986206055
0.0 8.471457481384277
0.0 8.481014251708984
0.0 8.555906295776367
0.0 8.694000244140625
0.0 8.793338775634766
0.0 8.806072235107422
0.0 8.870296478271484
0.0 8.911659240722656
0.0 9.043867111206055
0.0 9.177264213562012
0.0 9.302701950073242
0.0 9.397727966308594
0.0 9.551582336425781
0.0 9.65491008758545
0.0 9.761439323425293
0.0 9.778606414794922
0.0 10.075539588928223
0.0 10.080306053161621
0.0 10.7962064743042
0.0 11.109843254089355
0.0 11.408113479614258
0.0 12.182557106018066
0.0 12.56898021697998
0.0 12.615248680114746
0.0 12.716233253479004
0.0 13.18824577331543
0.0 14.651805877685547
0.0 14.999124526977539
0.0 16.286388397216797
0.0 17.82236099243164
0.0 17.8325252532959
0.0 18.694177627563477
0.0 19.486818313598633
0.0 19.9267635345459
0.0 21.013858795166016
0.0 22.076396942138672
0.0 23.829904556274414
0.0 25.438257217407227
0.0 26.55121421813965
0.0 27.222400665283203
0.0 27.40694236755371
0.0 27.944263458251953
0.0 28.270851135253906
0.0 31.641599655151367
0.0 32.28721237182617
0.0 inf
42.78890609741211 43.41218566894531
41.44753646850586 42.913795471191406
41.40890121459961 66.65312194824219
37.183956146240234 37.97337341308594
35.06032943725586 59.08414840698242
34.65901184082031 38.67966079711914
20.206031799316406 24.63759994506836
18.7559757232666 22.478574752807617
17.929784774780273 21.144643783569336
14.780722618103027 15.546905517578125
13.23876667022705 16.46648406982422
12.392077445983887 13.650126457214355
11.75246810913086 12.008776664733887
11.560827255249023 11.564130783081055
11.438776969909668 12.482666015625
10.570731163024902 11.829744338989258
10.299666404724121 11.99997615814209
10.05454158782959 11.6598539352417
9.765518188476562 12.034614562988281
9.582803726196289 11.546091079711914
9.573287963867188 12.391386032104492
9.351910591125488 10.739869117736816
8.838398933410645 8.950295448303223
8.785163879394531 9.215668678283691
8.444786071777344 8.89297866821289
8.444229125976562 9.275114059448242
8.343628883361816 9.257157325744629
