0.0 4.874905586242676
0.0 5.13226318359375
0.0 5.528428554534912
0.0 5.572927474975586
0.0 5.6684393882751465
0.0 5.7742791175842285
0.0 5.789112091064453
0.0 5.971987724304199
0.0 6.00931978225708
0.0 6.077547550201416
0.0 6.23301887512207
0.0 6.329204559326172
0.0 6.348519802093506
0.0 6.367073059082031
0.0 6.373356819152832
0.0 6.426914215087891
0.0 6.441575527191162
0.0 6.470816612243652
0.0 6.495483875274658
0.0 6.59014368057251
0.0 6.640718460083008
0.0 6.761952877044678
0.0 6.768054962158203
0.0 6.914734840393066
0.0 6.969295978546143
0.0 7.08296537399292
0.0 7.115119457244873
0.0 7.404519557952881
0.0 7.462831974029541
0.0 7.528604984283447
0.0 7.601990699768066
0.0 7.90241003036499
0.0 7.918207168579102
0.0 8.110183715820312
0.0 8.130796432495117
0.0 8.379117012023926
0.0 8.431258201599121
0.0 8.444597244262695
0.0 8.488778114318848
0.0 8.565542221069336
0.0 8.586024284362793
0.0 8.610033988952637
0.0 8.639976501464844
0.0 8.686232566833496
0.0 8.757288932800293
0.0 8.796432495117188
0.0 9.103201866149902
0.0 9.384617805480957
0.0 9.421650886535645
0.0 9.656279563903809
0.0 9.69006061553955
0.0 9.838616371154785
0.0 10.109465599060059
0.0 10.142725944519043
0.0 10.817780494689941
0.0 11.374817848205566
0.0 11.377312660217285
0.0 11.415670394897461
0.0 12.098432540893555
0.0 12.150594711303711
0.0 12.388696670532227
0.0 14.055307388305664
0.0 14.19631290435791
0.0 14.658672332763672
0.0 14.79727554321289
0.0 16.604516983032227
0.0 18.457509994506836
0.0 18.51913833618164
0.0 18.75971794128418
0.0 19.967594146728516
0.0 20.12353515625
0.0 21.853940963745117
0.0 23.543344497680664
0.0 26.59210205078125
0.0 27.643178939819336
0.0 28.258867263793945
0.0 30.670875549316406
0.0 30.766246795654297
0.0 31.61276626586914
0.0 33.44480514526367
0.0 36.60162353515625
0.0 inf
48.87314987182617 68.17163848876953
44.21514892578125 81.5864486694336
20.77063751220703 21.970117568969727
19.331008911132812 25.536325454711914
17.703824996948242 19.917205810546875
14.215864181518555 15.66471004486084
12.848334312438965 15.334268569946289
11.494592666625977 11.590867042541504
10.952839851379395 12.153826713562012
10.904000282287598 11.177245140075684
10.601673126220703 11.484561920166016
10.204362869262695 11.21621322631836
9.950333595275879 11.05386734008789
9.886824607849121 10.818191528320312
9.473644256591797 11.78068733215332
9.401416778564453 12.069975852966309
9.39651870727539 11.190328598022461
9.36690616607666 10.25911808013916
8.982728004455566 9.552227020263672
8.726706504821777 9.671579360961914
8.475241661071777 9.75524616241455
8.4644193649292 9.948345184326172
8.436357498168945 8.695821762084961
8.41965103149414 9.927301406860352
8.272022247314453 9.417654991149902
