0.0 4.199434757232666
0.0 4.371547698974609
0.0 4.481846332550049
0.0 4.540839195251465
0.0 4.770132541656494
0.0 5.220176696777344
0.0 5.280010223388672
0.0 5.74266242980957
0.0 6.002704620361328
0.0 6.258471488952637
0.0 6.390902996063232
0.0 6.435500144958496
0.0 6.533843517303467
0.0 6.655694961547852
0.0 6.862151622772217
0.0 7.023537635803223
0.0 7.027069091796875
0.0 7.095081806182861
0.0 7.350407123565674
0.0 7.393619060516357
0.0 7.429422378540039
0.0 7.603126525878906
0.0 7.681365489959717
0.0 7.992647171020508
0.0 8.220330238342285
0.0 8.289386749267578
0.0 8.459253311157227
0.0 8.476777076721191
0.0 8.524575233459473
0.0 8.52585506439209
0.0 8.55415153503418
0.0 8.687363624572754
0.0 8.704276084899902
0.0 8.826196670532227
0.0 8.833588600158691
0.0 8.87355899810791
0.0 9.011651039123535
0.0 9.281767845153809
0.0 9.3067626953125
0.0 9.342975616455078
0.0 9.377352714538574
0.0 9.420113563537598
0.0 9.421928405761719
0.0 9.640962600708008
0.0 9.654582977294922
0.0 9.722979545593262
0.0 10.31628704071045
0.0 10.36043643951416
0.0 10.383299827575684
0.0 10.439988136291504
0.0 10.493206977844238
0.0 10.549139976501465
0.0 10.604092597961426
0.0 10.790295600891113
0.0 11.054447174072266
0.0 11.540692329406738
0.0 11.57299518585205
0.0 12.092095375061035
0.0 12.196820259094238
0.0 13.10741138458252
0.0 13.152039527893066
0.0 13.889605522155762
0.0 14.425521850585938
0.0 16.04782485961914
0.0 16.07741355895996
0.0 16.805950164794922
0.0 16.870330810546875
0.0 18.645437240600586
0.0 18.78893280029297
0.0 19.751724243164062
0.0 20.112234115600586
0.0 22.509532928466797
0.0 22.551807403564453
0.0 23.48489761352539
0.0 25.50283432006836
0.0 25.974109649658203
0.0 26.588668823242188
0.0 29.655925750732422
0.0 30.967140197753906
0.0 30.9726619720459
0.0 31.73238182067871
0.0 inf
43.23920440673828 61.86811828613281
36.66767501831055 63.21756362915039
19.51189613342285 23.39230728149414
17.909923553466797 20.954486846923828
17.622255325317383 24.413700103759766
17.330415725708008 18.654155731201172
15.019453048706055 15.066461563110352
14.764997482299805 18.757719039916992
14.522815704345703 16.79964256286621
14.416346549987793 15.343073844909668
13.377978324890137 13.561605453491211
12.92270565032959 13.62873649597168
11.964227676391602 14.493561744689941
11.735549926757812 13.997556686401367
11.7177734375 13.343116760253906
11.460230827331543 14.606101036071777
10.918886184692383 14.28897762298584
10.20101547241211 10.776225090026855
10.130671501159668 10.626446723937988
9.762452125549316 10.61170482635498
9.702524185180664 13.39565658569336
9.457685470581055 11.407206535339355
9.374373435974121 9.930423736572266
9.319622039794922 10.649537086486816
8.891030311584473 10.461223602294922
8.526955604553223 9.732295036315918
8.01144027709961 10.408366203308105
