0.0 4.459203720092773
0.0 5.242392539978027
0.0 5.27548360824585
0.0 5.643164157867432
0.0 5.654106140136719
0.0 5.988694667816162
0.0 6.337465286254883
0.0 6.35976505279541
0.0 6.378978252410889
0.0 6.525998592376709
0.0 6.563849449157715
0.0 6.571869373321533
0.0 6.759548664093018
0.0 6.9116997718811035
0.0 7.018466949462891
0.0 7.050079822540283
0.0 7.219100475311279
0.0 7.372468948364258
0.0 7.438853740692139
0.0 7.534384727478027
0.0 7.641595363616943
0.0 7.741765975952148
0.0 7.925445556640625
0.0 7.928226947784424
0.0 7.939615726470947
0.0 8.203120231628418
0.0 8.209174156188965
0.0 8.298911094665527
0.0 8.330007553100586
0.0 8.335844039916992
0.0 8.512341499328613
0.0 8.536439895629883
0.0 8.543251991271973
0.0 8.566145896911621
0.0 8.686661720275879
0.0 9.201181411743164
0.0 9.321696281433105
0.0 9.361421585083008
0.0 9.379368782043457
0.0 9.385470390319824
0.0 9.412713050842285
0.0 9.478028297424316
0.0 9.510538101196289
0.0 9.612146377563477
0.0 9.668961524963379
0.0 9.70767879486084
0.0 9.789807319641113
0.0 10.158100128173828
0.0 10.35210132598877
0.0 10.698089599609375
0.0 11.135117530822754
0.0 11.302844047546387
0.0 11.945571899414062
0.0 12.043766021728516
0.0 12.374104499816895
0.0 12.467466354370117
0.0 12.55642318725586
0.0 12.88373851776123
0.0 13.32740306854248
0.0 13.55751895904541
0.0 14.106192588806152
0.0 14.306821823120117
0.0 14.708660125732422
0.0 14.827390670776367
0.0 14.949339866638184
0.0 15.216456413269043
0.0 15.475558280944824
0.0 17.522808074951172
0.0 17.578123092651367
0.0 18.42866325378418
0.0 18.569517135620117
0.0 19.518733978271484
0.0 19.80365753173828
0.0 25.15178871154785
0.0 26.151716232299805
0.0 26.42333984375
0.0 28.742307662963867
0.0 29.157791137695312
0.0 29.833574295043945
0.0 30.343585968017578
0.0 38.514801025390625
0.0 inf
53.77660369873047 57.6085205078125
50.49287796020508 59.94474792480469
45.39790725708008 65.05766296386719
45.245574951171875 61.80870056152344
19.395172119140625 22.980846405029297
17.72391128540039 21.000244140625
16.49662971496582 20.767108917236328
15.7939453125 17.34724998474121
15.719029426574707 17.10598373413086
15.508913040161133 18.509716033935547
14.024763107299805 15.660798072814941
12.520575523376465 14.018330574035645
12.114686012268066 12.778890609741211
12.073287963867188 12.082304000854492
10.987876892089844 11.594425201416016
10.595309257507324 12.092233657836914
10.559460639953613 13.305890083312988
9.988574981689453 12.144291877746582
9.731924057006836 11.625654220581055
9.676311492919922 12.175527572631836
9.446709632873535 11.481696128845215
9.41759967803955 11.714858055114746
9.413004875183105 11.544468879699707
9.387585639953613 12.548264503479004
9.055012702941895 10.826245307922363
8.996404647827148 10.23233699798584
8.321473121643066 10.464179992675781
8.25878620147705 10.546258926391602
8.138797760009766 9.171309471130371
7.926024436950684 9.150803565979004
