0.0 2.418421745300293
0.0 2.54195499420166
0.0 2.5818097591400146
0.0 3.30770206451416
0.0 3.3300976753234863
0.0 3.855745792388916
0.0 4.540444374084473
0.0 5.151427745819092
0.0 5.2695183753967285
0.0 5.310204982757568
0.0 5.8202290534973145
0.0 6.057106018066406
0.0 6.337268829345703
0.0 6.453840255737305
0.0 6.4912848472595215
0.0 6.640327453613281
0.0 6.660034656524658
0.0 6.963013648986816
0.0 7.1737589836120605
0.0 7.25062894821167
0.0 7.305726051330566
0.0 7.366301536560059
0.0 7.377217769622803
0.0 7.595211029052734
0.0 7.652979850769043
0.0 7.6569037437438965
0.0 7.659433841705322
0.0 7.727466583251953
0.0 7.8918352127075195
0.0 7.949767112731934
0.0 7.964961528778076
0.0 7.990391254425049
0.0 8.026955604553223
0.0 8.248751640319824
0.0 8.261093139648438
0.0 8.456430435180664
0.0 8.529608726501465
0.0 8.53627872467041
0.0 8.556506156921387
0.0 8.557402610778809
0.0 8.621021270751953
0.0 8.640710830688477
0.0 8.669991493225098
0.0 8.72961711883545
0.0 8.756546020507812
0.0 8.990445137023926
0.0 9.045897483825684
0.0 9.37673568725586
0.0 9.467945098876953
0.0 9.488768577575684
0.0 10.03505802154541
0.0 10.237369537353516
0.0 10.362492561340332
0.0 10.507475852966309
0.0 10.591611862182617
0.0 11.153671264648438
0.0 11.180891036987305
0.0 11.645539283752441
0.0 12.525848388671875
0.0 12.851115226745605
0.0 12.891176223754883
0.0 14.217418670654297
0.0 15.266706466674805
0.0 15.524862289428711
0.0 15.746580123901367
0.0 18.080448150634766
0.0 19.621198654174805
0.0 19.98504638671875
0.0 20.80474090576172
0.0 20.82143211364746
0.0 21.372133255004883
0.0 21.895870208740234
0.0 22.724037170410156
0.0 22.97492790222168
0.0 25.00516700744629
0.0 26.48985481262207
0.0 27.214719772338867
0.0 28.569469451904297
0.0 28.697433471679688
0.0 28.86014175415039
0.0 33.669677734375
0.0 inf
43.16870880126953 62.777679443359375
42.59465789794922 44.16070556640625
39.900447845458984 63.52462387084961
36.01594924926758 39.57221221923828
22.009363174438477 22.36146354675293
21.34904670715332 27.285545349121094
17.504743576049805 20.382225036621094
16.990476608276367 20.430706024169922
16.742740631103516 17.249422073364258
14.528617858886719 15.014996528625488
13.663305282592773 15.493184089660645
12.084736824035645 13.311405181884766
11.61780071258545 12.784573554992676
11.210631370544434 13.336936950683594
10.705707550048828 12.103144645690918
10.68616008758545 11.795165061950684
10.54643726348877 11.759149551391602
10.29326057434082 10.39972972869873
10.164494514465332 11.261809349060059
10.137353897094727 11.515162467956543
10.02332878112793 12.263684272766113
9.29713249206543 12.750065803527832
9.064781188964844 11.155610084533691
8.75562858581543 12.560372352600098
7.83601188659668 9.586373329162598
7.576756477355957 8.517333030700684
