0.0 1.030696988105774
0.0 1.0462244749069214
0.0 1.077582836151123
0.0 2.0831658840179443
0.0 3.7627511024475098
0.0 4.298267841339111
0.0 4.4313764572143555
0.0 4.522777557373047
0.0 4.728977203369141
0.0 4.84629487991333
0.0 5.292263031005859
0.0 5.784909725189209
0.0 5.806987762451172
0.0 6.31798791885376
0.0 6.3715105056762695
0.0 6.400753974914551
0.0 6.4214606285095215
0.0 6.46036958694458
0.0 6.461586952209473
0.0 6.476375579833984
0.0 6.629264831542969
0.0 6.671868801116943
0.0 6.6868414878845215
0.0 6.838833332061768
0.0 6.864607810974121
0.0 7.281937599182129
0.0 7.293349266052246
0.0 7.301309585571289
0.0 7.514142990112305
0.0 7.529272556304932
0.0 7.547914981842041
0.0 7.8797407150268555
0.0 7.934125900268555
0.0 7.977794170379639
0.0 8.18797492980957
0.0 8.323626518249512
0.0 8.364059448242188
0.0 8.389657020568848
0.0 8.423794746398926
0.0 8.486572265625
0.0 8.632287979125977
0.0 8.692438125610352
0.0 8.717700004577637
0.0 8.789627075195312
0.0 8.847906112670898
0.0 9.154313087463379
0.0 9.403610229492188
0.0 9.628719329833984
0.0 10.144617080688477
0.0 10.423707962036133
0.0 10.541035652160645
0.0 10.63175106048584
0.0 11.098023414611816
0.0 11.222146034240723
0.0 11.630581855773926
0.0 11.638195037841797
0.0 12.01775074005127
0.0 12.684062004089355
0.0 13.20635986328125
0.0 13.492177963256836
0.0 13.593995094299316
0.0 13.634984970092773
0.0 13.833415031433105
0.0 13.994190216064453
0.0 16.38860321044922
0.0 17.738645553588867
0.0 18.87293815612793
0.0 19.074169158935547
0.0 20.813865661621094
0.0 21.728313446044922
0.0 23.029434204101562
0.0 23.353185653686523
0.0 24.105554580688477
0.0 24.269453048706055
0.0 24.669130325317383
0.0 25.406225204467773
0.0 25.84445571899414
0.0 25.923606872558594
0.0 28.79190444946289
0.0 29.971084594726562
0.0 30.98410415649414
0.0 inf
40.92120361328125 68.94623565673828
39.10964584350586 67.94597625732422
31.405797958374023 36.684913635253906
19.242156982421875 21.38673973083496
19.031648635864258 25.51603889465332
18.591352462768555 22.143877029418945
18.500690460205078 21.496604919433594
15.841242790222168 18.425203323364258
12.613700866699219 14.03095531463623
11.604371070861816 12.126486778259277
11.107477188110352 12.470681190490723
10.989501953125 13.417224884033203
10.862442970275879 11.761946678161621
10.569587707519531 10.879685401916504
10.353052139282227 12.648470878601074
10.306894302368164 11.994890213012695
9.826631546020508 14.015107154846191
9.64623737335205 11.528461456298828
9.637555122375488 9.79831314086914
9.10705280303955 11.789456367492676
8.38782787322998 9.020004272460938
8.381024360656738 9.453963279724121
7.918234348297119 9.578398704528809
