0.0 1.0416187047958374
0.0 1.071669340133667
0.0 1.1003997325897217
0.0 3.3086249828338623
0.0 3.777048110961914
0.0 4.461906909942627
0.0 5.316945552825928
0.0 5.750683307647705
0.0 5.857192516326904
0.0 5.952220439910889
0.0 5.98826265335083
0.0 6.082164287567139
0.0 6.203009605407715
0.0 6.259413242340088
0.0 6.316834926605225
0.0 6.31832218170166
0.0 6.376169204711914
0.0 6.386428356170654
0.0 6.437305450439453
0.0 6.564637184143066
0.0 6.600452899932861
0.0 6.7017741203308105
0.0 6.784128665924072
0.0 6.837635040283203
0.0 7.267240047454834
0.0 7.3941731452941895
0.0 7.400874614715576
0.0 7.4208984375
0.0 7.560655117034912
0.0 7.572057247161865
0.0 7.577097415924072
0.0 7.603164196014404
0.0 8.040824890136719
0.0 8.071085929870605
0.0 8.0829496383667
0.0 8.257634162902832
0.0 8.299694061279297
0.0 8.348220825195312
0.0 8.353909492492676
0.0 8.371575355529785
0.0 8.402145385742188
0.0 8.55795669555664
0.0 8.61388111114502
0.0 8.638509750366211
0.0 8.798833847045898
0.0 8.846982955932617
0.0 8.982020378112793
0.0 10.296158790588379
0.0 10.584966659545898
0.0 10.677966117858887
0.0 11.060052871704102
0.0 11.534996032714844
0.0 11.575973510742188
0.0 11.634602546691895
0.0 12.444377899169922
0.0 12.900029182434082
0.0 13.10207462310791
0.0 13.238019943237305
0.0 13.402899742126465
0.0 13.516894340515137
0.0 13.520928382873535
0.0 14.233141899108887
0.0 14.498249053955078
0.0 14.666803359985352
0.0 16.417293548583984
0.0 16.58763313293457
0.0 18.01721954345703
0.0 18.37641143798828
0.0 21.451213836669922
0.0 21.8968448638916
0.0 22.0529842376709
0.0 23.057226181030273
0.0 23.140472412109375
0.0 23.96474266052246
0.0 24.626523971557617
0.0 24.667829513549805
0.0 24.919612884521484
0.0 27.33169937133789
0.0 27.415102005004883
0.0 29.610769271850586
0.0 36.37027359008789
0.0 inf
45.718544006347656 48.370628356933594
43.454551696777344 68.53226470947266
39.21033477783203 64.0608139038086
38.320621490478516 40.206825256347656
34.84922790527344 36.80208969116211
19.994346618652344 20.633319854736328
18.48215675354004 21.39323616027832
18.470998764038086 22.511640548706055
18.36359214782715 21.853334426879883
18.25421714782715 26.142587661743164
15.587196350097656 18.677101135253906
15.26949691772461 15.712334632873535
11.796817779541016 13.446272850036621
10.360929489135742 12.193559646606445
9.993891716003418 11.150527000427246
9.747553825378418 11.85550594329834
9.654560089111328 11.07648754119873
9.571905136108398 12.778105735778809
9.470110893249512 11.312460899353027
9.299732208251953 13.304695129394531
8.728215217590332 9.803483009338379
8.648640632629395 9.947373390197754
8.423383712768555 8.91398811340332
7.673248291015625 9.348033905029297
