0.0 1.0332891941070557
0.0 1.039041519165039
0.0 1.0404014587402344
0.0 4.181845664978027
0.0 4.214672088623047
0.0 4.2318878173828125
0.0 4.263423442840576
0.0 4.28070592880249
0.0 4.309610843658447
0.0 4.551642417907715
0.0 4.794040679931641
0.0 5.033817291259766
0.0 5.215508937835693
0.0 5.329270839691162
0.0 5.395995616912842
0.0 5.432967662811279
0.0 5.715643405914307
0.0 5.9782257080078125
0.0 6.323031902313232
0.0 6.331251621246338
0.0 6.342220306396484
0.0 6.487214088439941
0.0 6.514713764190674
0.0 6.6027326583862305
0.0 6.828606605529785
0.0 6.9450812339782715
0.0 7.019922256469727
0.0 7.094374656677246
0.0 7.303004741668701
0.0 7.454283237457275
0.0 7.498233318328857
0.0 7.51247501373291
0.0 7.5417022705078125
0.0 7.547755718231201
0.0 7.54902982711792
0.0 7.603422164916992
0.0 7.685654163360596
0.0 7.701690673828125
0.0 8.034347534179688
0.0 8.320584297180176
0.0 8.381372451782227
0.0 8.511688232421875
0.0 8.552898406982422
0.0 8.628449440002441
0.0 8.658873558044434
0.0 8.81900405883789
0.0 9.324645042419434
0.0 9.606517791748047
0.0 10.12057876586914
0.0 10.547181129455566
0.0 10.983663558959961
0.0 11.404365539550781
0.0 11.406949043273926
0.0 11.537518501281738
0.0 12.654827117919922
0.0 12.715849876403809
0.0 13.037477493286133
0.0 13.207880020141602
0.0 13.856144905090332
0.0 14.020373344421387
0.0 14.192402839660645
0.0 15.089299201965332
0.0 15.145512580871582
0.0 16.489070892333984
0.0 16.673160552978516
0.0 17.28557586669922
0.0 17.657255172729492
0.0 20.05583381652832
0.0 20.84176254272461
0.0 22.746234893798828
0.0 22.910533905029297
0.0 23.012317657470703
0.0 23.085006713867188
0.0 24.232807159423828
0.0 25.053098678588867
0.0 25.06548309326172
0.0 26.27623748779297
0.0 27.068462371826172
0.0 28.767946243286133
0.0 29.469959259033203
0.0 30.011287689208984
0.0 inf
41.90081787109375 69.94867706298828
38.73395538330078 67.61058807373047
30.62321662902832 37.31568908691406
19.94656753540039 26.170711517333984
18.72715187072754 21.43793487548828
18.52652359008789 22.117956161499023
18.424592971801758 19.65633201599121
17.25870132446289 19.765506744384766
17.159048080444336 17.732479095458984
16.14168357849121 18.73563003540039
15.461798667907715 17.17603874206543
12.012063026428223 12.192370414733887
11.737272262573242 12.079720497131348
10.613174438476562 11.059103965759277
9.915403366088867 10.349154472351074
9.683810234069824 10.90160083770752
9.336050033569336 11.975037574768066
9.224461555480957 12.786585807800293
8.714914321899414 9.011151313781738
8.592891693115234 9.39062213897705
8.419649124145508 9.301194190979004
8.396490097045898 9.013602256774902
8.326926231384277 10.10997200012207
8.27561092376709 9.743898391723633
8.087800979614258 9.498970985412598
