0.0 2.2848074436187744
0.0 3.280526876449585
0.0 3.3520915508270264
0.0 3.417820930480957
0.0 4.199038028717041
0.0 4.408270835876465
0.0 4.488511562347412
0.0 4.611691951751709
0.0 4.674657821655273
0.0 5.1726813316345215
0.0 5.295737266540527
0.0 5.43658971786499
0.0 5.667513847351074
0.0 5.95949649810791
0.0 6.216994762420654
0.0 6.27911901473999
0.0 6.453790664672852
0.0 6.472461223602295
0.0 6.535671234130859
0.0 6.650722980499268
0.0 6.743400573730469
0.0 6.874305725097656
0.0 6.923065662384033
0.0 6.996606826782227
0.0 7.149280071258545
0.0 7.203476905822754
0.0 7.211554527282715
0.0 7.33980655670166
0.0 7.434223651885986
0.0 7.451170921325684
0.0 7.469223976135254
0.0 7.581611156463623
0.0 7.590466499328613
0.0 8.026408195495605
0.0 8.390036582946777
0.0 8.427657127380371
0.0 8.433271408081055
0.0 8.451152801513672
0.0 8.476302146911621
0.0 8.73613166809082
0.0 8.939798355102539
0.0 8.94334602355957
0.0 9.00123119354248
0.0 9.290118217468262
0.0 9.467020034790039
0.0 9.522101402282715
0.0 9.593223571777344
0.0 10.268903732299805
0.0 10.331700325012207
0.0 10.5911226272583
0.0 10.623961448669434
0.0 10.860013961791992
0.0 11.384649276733398
0.0 12.194735527038574
0.0 12.43346881866455
0.0 13.086766242980957
0.0 13.25389575958252
0.0 13.607041358947754
0.0 13.71169376373291
0.0 13.749598503112793
0.0 13.775151252746582
0.0 13.94541072845459
0.0 14.02220630645752
0.0 14.45569896697998
0.0 14.645256996154785
0.0 14.991290092468262
0.0 16.491580963134766
0.0 16.860193252563477
0.0 17.66152000427246
0.0 17.760204315185547
0.0 19.863893508911133
0.0 21.01683235168457
0.0 22.42945098876953
0.0 24.62419319152832
0.0 26.15806770324707
0.0 27.031078338623047
0.0 28.340845108032227
0.0 28.75990104675293
0.0 29.52030372619629
0.0 31.313186645507812
0.0 36.45204544067383
0.0 inf
51.86838912963867 72.74262237548828
47.26694107055664 66.03515625
20.6129207611084 22.32963752746582
18.65424346923828 19.872163772583008
17.918296813964844 19.639358520507812
17.710283279418945 21.123260498046875
16.585674285888672 22.539833068847656
14.645041465759277 21.370512008666992
14.524103164672852 16.973745346069336
12.738466262817383 13.452608108520508
12.24497127532959 13.842069625854492
11.500222206115723 13.406912803649902
11.380741119384766 13.03012466430664
10.951827049255371 12.11398696899414
10.259818077087402 10.990397453308105
9.712421417236328 10.67940902709961
9.013108253479004 9.958272933959961
8.609222412109375 8.954873085021973
8.572931289672852 8.95886516571045
8.047222137451172 8.70373821258545
7.430700778961182 8.040056228637695
