0.0 2.4717462062835693
0.0 3.782557487487793
0.0 4.210078239440918
0.0 4.48049259185791
0.0 5.187717437744141
0.0 5.258288383483887
0.0 5.392877101898193
0.0 5.394588470458984
0.0 5.52849817276001
0.0 5.534675598144531
0.0 5.5935235023498535
0.0 5.769608497619629
0.0 6.296865940093994
0.0 6.3452301025390625
0.0 6.385765075683594
0.0 6.459914207458496
0.0 6.695419788360596
0.0 6.766994476318359
0.0 6.9873576164245605
0.0 7.00018310546875
0.0 7.3317084312438965
0.0 7.372706890106201
0.0 7.423974990844727
0.0 7.434126853942871
0.0 7.481049537658691
0.0 7.725986480712891
0.0 7.742273330688477
0.0 8.142643928527832
0.0 8.218437194824219
0.0 8.256668090820312
0.0 8.31174373626709
0.0 8.399035453796387
0.0 8.483885765075684
0.0 8.520674705505371
0.0 8.599470138549805
0.0 8.669065475463867
0.0 9.027496337890625
0.0 9.045907020568848
0.0 9.211544036865234
0.0 9.265007019042969
0.0 9.401130676269531
0.0 9.457688331604004
0.0 9.542458534240723
0.0 9.568512916564941
0.0 9.602580070495605
0.0 9.696969985961914
0.0 9.860235214233398
0.0 9.897492408752441
0.0 10.146413803100586
0.0 10.2022705078125
0.0 10.773056030273438
0.0 10.790322303771973
0.0 10.901673316955566
0.0 11.105785369873047
0.0 11.16693115234375
0.0 11.340630531311035
0.0 11.489274978637695
0.0 12.191594123840332
0.0 12.846946716308594
0.0 13.402873039245605
0.0 13.497572898864746
0.0 13.711546897888184
0.0 14.174881935119629
0.0 16.241575241088867
0.0 16.31521224975586
0.0 16.408918380737305
0.0 17.565601348876953
0.0 18.221149444580078
0.0 18.3884334564209
0.0 19.226299285888672
0.0 19.720064163208008
0.0 20.156448364257812
0.0 23.056800842285156
0.0 23.15176773071289
0.0 24.844223022460938
0.0 26.158235549926758
0.0 26.316377639770508
0.0 26.49492835998535
0.0 29.323307037353516
0.0 29.91238021850586
0.0 32.969329833984375
0.0 inf
49.964481353759766 52.68220901489258
49.61271286010742 60.14243698120117
37.446842193603516 58.42890167236328
19.65726661682129 21.87071990966797
19.5972957611084 23.10438346862793
18.353742599487305 24.289236068725586
17.53435516357422 17.96208953857422
17.277191162109375 18.203380584716797
14.797754287719727 18.4726505279541
13.94274616241455 14.945030212402344
13.84049129486084 17.6875
12.360359191894531 12.535088539123535
12.28494930267334 12.654074668884277
12.106461524963379 12.496853828430176
11.788416862487793 13.674036979675293
10.661053657531738 14.574049949645996
10.642476081848145 11.850397109985352
10.559064865112305 12.574350357055664
10.124622344970703 10.649328231811523
9.888669967651367 10.778216361999512
9.417398452758789 11.42169189453125
9.360698699951172 9.922578811645508
8.512904167175293 9.951290130615234
8.322710990905762 9.66086483001709
7.548898220062256 9.028719902038574
7.386408805847168 9.021672248840332
