0.0 2.0851402282714844
0.0 4.296332836151123
0.0 5.587069988250732
0.0 5.600150108337402
0.0 5.676069259643555
0.0 5.858617782592773
0.0 5.877130508422852
0.0 6.122274875640869
0.0 6.293603897094727
0.0 6.300154209136963
0.0 6.386801719665527
0.0 6.582483768463135
0.0 6.582528114318848
0.0 6.594350814819336
0.0 6.60825777053833
0.0 6.610506057739258
0.0 6.624757289886475
0.0 7.0188374519348145
0.0 7.350162506103516
0.0 7.4322190284729
0.0 7.487990856170654
0.0 7.6162800788879395
0.0 7.725546360015869
0.0 7.872392654418945
0.0 7.993031024932861
0.0 8.149162292480469
0.0 8.15333366394043
0.0 8.30132007598877
0.0 8.322564125061035
0.0 8.435615539550781
0.0 8.453421592712402
0.0 8.516731262207031
0.0 8.547393798828125
0.0 8.666644096374512
0.0 8.683086395263672
0.0 8.809775352478027
0.0 8.908592224121094
0.0 9.066057205200195
0.0 9.378813743591309
0.0 9.415877342224121
0.0 9.539544105529785
0.0 9.547755241394043
0.0 9.549059867858887
0.0 9.59433364868164
0.0 9.851861000061035
0.0 9.889427185058594
0.0 10.187859535217285
0.0 10.18813705444336
0.0 10.626897811889648
0.0 10.692037582397461
0.0 10.937809944152832
0.0 10.99128532409668
0.0 11.12932014465332
0.0 11.60127067565918
0.0 11.913314819335938
0.0 12.236583709716797
0.0 12.430689811706543
0.0 12.462059020996094
0.0 12.915780067443848
0.0 13.212779998779297
0.0 13.299347877502441
0.0 13.389195442199707
0.0 13.443574905395508
0.0 15.593056678771973
0.0 17.318557739257812
0.0 17.724943161010742
0.0 18.27601432800293
0.0 18.787813186645508
0.0 19.665006637573242
0.0 20.15593147277832
0.0 20.764812469482422
0.0 21.18666648864746
0.0 22.834835052490234
0.0 23.581636428833008
0.0 24.319000244140625
0.0 24.726789474487305
0.0 27.355558395385742
0.0 27.55381202697754
0.0 29.076753616333008
0.0 29.520902633666992
0.0 29.657470703125
0.0 inf
41.20360565185547 57.8347053527832
37.66348648071289 63.08928298950195
35.91207504272461 38.19154357910156
30.502120971679688 37.500572204589844
22.269765853881836 28.100107192993164
19.855371475219727 21.095504760742188
17.528318405151367 20.48394012451172
16.8429012298584 19.87388038635254
15.45107364654541 15.72752571105957
13.771910667419434 14.790910720825195
13.643555641174316 14.15096664428711
13.423879623413086 15.463290214538574
11.619916915893555 11.97453784942627
11.588460922241211 11.830039024353027
11.261224746704102 12.935674667358398
10.743267059326172 13.71912670135498
10.656539916992188 12.762502670288086
10.42428970336914 11.67036247253418
10.396939277648926 15.987509727478027
9.750716209411621 13.272618293762207
8.615553855895996 8.989845275878906
8.613102912902832 10.611202239990234
7.6571431159973145 9.014644622802734
