0.0 4.1921234130859375
0.0 4.3299713134765625
0.0 4.393270969390869
0.0 4.515078067779541
0.0 4.5612359046936035
0.0 5.157339572906494
0.0 5.246998310089111
0.0 5.2988176345825195
0.0 5.952913761138916
0.0 6.044661521911621
0.0 6.260473251342773
0.0 6.450237274169922
0.0 6.454222202301025
0.0 6.577064514160156
0.0 6.650837421417236
0.0 6.845086097717285
0.0 7.158650875091553
0.0 7.271421909332275
0.0 7.346184253692627
0.0 7.407563209533691
0.0 7.41887092590332
0.0 7.477945327758789
0.0 7.599145889282227
0.0 7.611919403076172
0.0 7.667349815368652
0.0 7.862500190734863
0.0 7.902636528015137
0.0 8.310110092163086
0.0 8.461271286010742
0.0 8.473187446594238
0.0 8.516535758972168
0.0 8.53389835357666
0.0 8.613752365112305
0.0 8.696919441223145
0.0 8.722437858581543
0.0 8.724400520324707
0.0 8.762628555297852
0.0 8.862837791442871
0.0 9.009612083435059
0.0 9.288641929626465
0.0 9.318425178527832
0.0 9.34372615814209
0.0 9.370044708251953
0.0 9.39508056640625
0.0 9.396781921386719
0.0 9.50297737121582
0.0 9.513326644897461
0.0 9.648151397705078
0.0 10.2072114944458
0.0 10.296107292175293
0.0 10.332783699035645
0.0 10.489870071411133
0.0 10.505593299865723
0.0 10.683555603027344
0.0 11.188093185424805
0.0 11.594454765319824
0.0 11.679267883300781
0.0 12.07818603515625
0.0 12.18984317779541
0.0 14.033441543579102
0.0 14.091889381408691
0.0 14.131856918334961
0.0 14.424610137939453
0.0 16.084686279296875
0.0 16.204235076904297
0.0 16.56367301940918
0.0 17.191333770751953
0.0 17.94371223449707
0.0 18.64972686767578
0.0 19.830066680908203
0.0 19.890764236450195
0.0 21.446836471557617
0.0 22.529075622558594
0.0 23.514850616455078
0.0 25.961069107055664
0.0 26.54106330871582
0.0 27.559232711791992
0.0 29.264097213745117
0.0 29.687850952148438
0.0 30.263408660888672
0.0 32.54311752319336
0.0 inf
43.22321701049805 63.284393310546875
36.009620666503906 62.45407485961914
19.53324317932129 23.385051727294922
17.91931915283203 20.953174591064453
17.625301361083984 24.505260467529297
17.349821090698242 18.68170166015625
15.01949691772461 15.057793617248535
14.777961730957031 18.74156379699707
14.674164772033691 15.363133430480957
14.52755355834961 16.7445068359375
14.492570877075195 14.598215103149414
13.330095291137695 13.459059715270996
12.864988327026367 13.551006317138672
11.742999076843262 12.623292922973633
11.711127281188965 12.465045928955078
11.361798286437988 13.249455451965332
10.645955085754395 13.600489616394043
10.645197868347168 12.858804702758789
10.303000450134277 12.375320434570312
10.221217155456543 10.761580467224121
10.164650917053223 12.467214584350586
10.1284818649292 10.622403144836426
9.739008903503418 10.488540649414062
9.575723648071289 12.393091201782227
9.562995910644531 10.022214889526367
9.459205627441406 11.44367504119873
9.425841331481934 9.915363311767578
8.641230583190918 8.834565162658691
8.612119674682617 9.697493553161621
8.048791885375977 10.434159278869629
