0.0 1.036279559135437
0.0 1.0388201475143433
0.0 1.086155652999878
0.0 4.135699272155762
0.0 4.3918585777282715
0.0 4.402053356170654
0.0 5.293656349182129
0.0 5.679018974304199
0.0 5.714519500732422
0.0 6.2145819664001465
0.0 6.266711711883545
0.0 6.308011531829834
0.0 6.325979232788086
0.0 6.379279136657715
0.0 6.51432466506958
0.0 6.53220272064209
0.0 6.597155570983887
0.0 6.878001689910889
0.0 6.88229513168335
0.0 7.1119585037231445
0.0 7.116464614868164
0.0 7.196290969848633
0.0 7.230998992919922
0.0 7.233885765075684
0.0 7.263388633728027
0.0 7.308917999267578
0.0 7.32983922958374
0.0 7.425636291503906
0.0 7.47610330581665
0.0 7.483648777008057
0.0 7.525186538696289
0.0 7.879383563995361
0.0 7.89642333984375
0.0 8.035273551940918
0.0 8.358240127563477
0.0 8.392633438110352
0.0 8.42595386505127
0.0 8.434917449951172
0.0 8.445378303527832
0.0 8.61027717590332
0.0 8.649604797363281
0.0 8.703888893127441
0.0 8.729994773864746
0.0 8.864046096801758
0.0 8.91942310333252
0.0 9.012377738952637
0.0 9.03877067565918
0.0 10.01348876953125
0.0 10.259222030639648
0.0 10.396039962768555
0.0 10.612936019897461
0.0 10.998906135559082
0.0 11.027969360351562
0.0 11.038029670715332
0.0 11.389240264892578
0.0 11.479607582092285
0.0 12.065009117126465
0.0 12.7996826171875
0.0 13.106521606445312
0.0 13.807990074157715
0.0 14.493470191955566
0.0 14.582364082336426
0.0 14.717996597290039
0.0 14.925741195678711
0.0 15.328530311584473
0.0 16.3883056640625
0.0 17.98621368408203
0.0 18.985422134399414
0.0 20.67701530456543
0.0 22.794137954711914
0.0 22.970314025878906
0.0 22.974699020385742
0.0 23.032581329345703
0.0 23.51776123046875
0.0 23.56023597717285
0.0 24.482685089111328
0.0 25.212430953979492
0.0 25.768325805664062
0.0 26.829299926757812
0.0 28.103408813476562
0.0 34.67999267578125
0.0 inf
45.11765670776367 45.94366455078125
44.19589614868164 45.925270080566406
38.63313293457031 62.38270950317383
37.873531341552734 38.31928634643555
35.76640319824219 66.21340942382812
31.87881088256836 35.72834396362305
19.00090980529785 24.80157470703125
18.51434326171875 21.644397735595703
18.377138137817383 22.62580680847168
16.232561111450195 16.729907989501953
15.793709754943848 17.277387619018555
15.151729583740234 17.854354858398438
14.089235305786133 14.144552230834961
11.90814208984375 13.632306098937988
11.822117805480957 12.02491569519043
11.645121574401855 12.51602840423584
11.54556941986084 12.77415657043457
11.529577255249023 13.34050464630127
10.667771339416504 12.883132934570312
10.216129302978516 11.234809875488281
9.692075729370117 12.55811595916748
9.362696647644043 14.188920974731445
9.172521591186523 9.482169151306152
8.66706657409668 10.074942588806152
7.95897912979126 8.21933364868164
7.5392374992370605 9.5518159866333
