0.0 4.243670463562012
0.0 4.280228137969971
0.0 4.286331653594971
0.0 4.458229064941406
0.0 5.329653263092041
0.0 5.989466190338135
0.0 6.3070292472839355
0.0 6.324489593505859
0.0 6.367628574371338
0.0 6.450761318206787
0.0 6.606401443481445
0.0 6.683149337768555
0.0 6.818445205688477
0.0 7.332302570343018
0.0 7.568504333496094
0.0 7.652440071105957
0.0 7.722087860107422
0.0 7.886333465576172
0.0 7.919092178344727
0.0 7.923773288726807
0.0 8.110428810119629
0.0 8.304091453552246
0.0 8.30997371673584
0.0 8.323930740356445
0.0 8.363643646240234
0.0 8.398869514465332
0.0 8.46999740600586
0.0 8.474344253540039
0.0 8.488088607788086
0.0 8.489108085632324
0.0 8.514408111572266
0.0 8.554258346557617
0.0 8.765250205993652
0.0 8.896991729736328
0.0 9.01186466217041
0.0 9.229347229003906
0.0 9.332148551940918
0.0 9.38681697845459
0.0 9.47084903717041
0.0 9.515734672546387
0.0 9.583001136779785
0.0 9.638798713684082
0.0 9.784490585327148
0.0 9.961213111877441
0.0 10.07338809967041
0.0 10.207721710205078
0.0 10.407551765441895
0.0 10.652618408203125
0.0 10.77888298034668
0.0 10.864133834838867
0.0 11.115747451782227
0.0 11.148934364318848
0.0 11.25832748413086
0.0 11.269869804382324
0.0 11.9671630859375
0.0 12.025073051452637
0.0 12.243902206420898
0.0 12.538022994995117
0.0 13.102228164672852
0.0 13.220161437988281
0.0 13.763885498046875
0.0 14.19737720489502
0.0 14.369915008544922
0.0 14.717527389526367
0.0 14.912191390991211
0.0 15.426358222961426
0.0 16.231718063354492
0.0 16.68672752380371
0.0 17.260791778564453
0.0 18.594467163085938
0.0 19.163118362426758
0.0 19.315181732177734
0.0 19.89103126525879
0.0 25.63740348815918
0.0 26.147871017456055
0.0 26.416797637939453
0.0 28.73429298400879
0.0 28.81572723388672
0.0 29.507780075073242
0.0 30.159608840942383
0.0 40.353858947753906
0.0 inf
52.225677490234375 59.870201110839844
51.4774169921875 60.014583587646484
44.922149658203125 64.59521484375
42.840911865234375 61.87357711791992
18.595645904541016 23.026451110839844
17.57597541809082 22.22732925415039
16.528779983520508 19.783700942993164
15.760490417480469 17.14089012145996
15.627423286437988 18.47071075439453
15.27653980255127 15.311185836791992
15.053821563720703 16.451536178588867
14.788911819458008 16.552898406982422
14.341355323791504 14.433056831359863
13.460341453552246 13.51188850402832
12.247632026672363 13.824751853942871
12.046260833740234 15.169788360595703
11.729955673217773 13.878575325012207
10.720686912536621 12.847063064575195
10.532302856445312 12.306892395019531
10.476466178894043 12.291253089904785
10.42463207244873 13.2940034866333
9.712221145629883 12.644942283630371
9.493813514709473 13.26385498046875
9.354835510253906 11.687405586242676
9.321316719055176 10.793705940246582
9.063647270202637 11.089765548706055
8.982518196105957 10.169194221496582
8.563277244567871 10.389443397521973
8.163527488708496 9.83581829071045
7.9552435874938965 9.196024894714355
