0.0 1.200852632522583
0.0 2.5412511825561523
0.0 3.021914005279541
0.0 4.102855205535889
0.0 4.3140177726745605
0.0 4.358737468719482
0.0 4.473649978637695
0.0 4.690449237823486
0.0 4.763188362121582
0.0 5.246786594390869
0.0 5.335289001464844
0.0 5.383791923522949
0.0 5.406729698181152
0.0 5.502764701843262
0.0 5.5150322914123535
0.0 5.561789035797119
0.0 5.887695789337158
0.0 5.920089244842529
0.0 6.111364364624023
0.0 6.214903831481934
0.0 6.3471174240112305
0.0 6.402167797088623
0.0 6.438772678375244
0.0 6.475534915924072
0.0 6.602001190185547
0.0 6.6421403884887695
0.0 6.645641803741455
0.0 6.713331699371338
0.0 6.726034164428711
0.0 7.15721321105957
0.0 7.336557388305664
0.0 7.357608795166016
0.0 7.372178077697754
0.0 7.412388324737549
0.0 7.489019870758057
0.0 7.541886806488037
0.0 7.549880504608154
0.0 8.133430480957031
0.0 8.27194595336914
0.0 8.296693801879883
0.0 8.313759803771973
0.0 8.65125846862793
0.0 8.657147407531738
0.0 9.293529510498047
0.0 9.371245384216309
0.0 9.588979721069336
0.0 9.673677444458008
0.0 9.981656074523926
0.0 9.99071979522705
0.0 10.179475784301758
0.0 10.376567840576172
0.0 11.144209861755371
0.0 11.228289604187012
0.0 11.263330459594727
0.0 11.343353271484375
0.0 11.46960735321045
0.0 11.50676155090332
0.0 11.666617393493652
0.0 12.667850494384766
0.0 13.01119327545166
0.0 13.490507125854492
0.0 14.17508602142334
0.0 14.608274459838867
0.0 14.642956733703613
0.0 16.569067001342773
0.0 16.779598236083984
0.0 17.75339698791504
0.0 19.6898250579834
0.0 20.875160217285156
0.0 21.216184616088867
0.0 23.072580337524414
0.0 23.81193733215332
0.0 24.178627014160156
0.0 24.20712661743164
0.0 24.604379653930664
0.0 24.656673431396484
0.0 25.257081985473633
0.0 26.860214233398438
0.0 27.73223304748535
0.0 32.2275276184082
0.0 32.91644287109375
0.0 inf
36.918365478515625 66.17898559570312
36.05712127685547 63.14006042480469
19.50737190246582 20.44221305847168
19.214805603027344 19.917808532714844
18.595592498779297 19.032733917236328
17.632198333740234 20.78026008605957
17.153976440429688 24.5911865234375
14.977377891540527 15.11621379852295
14.52825927734375 16.082109451293945
13.166882514953613 13.500919342041016
13.000945091247559 13.534550666809082
11.754894256591797 12.408228874206543
10.881186485290527 12.29676628112793
10.684128761291504 11.165212631225586
10.546656608581543 12.507185935974121
10.149982452392578 12.76711368560791
10.104033470153809 10.28935718536377
9.337368965148926 11.063590049743652
8.749871253967285 10.523428916931152
8.644099235534668 10.245062828063965
8.39828109741211 9.010157585144043
8.387184143066406 8.478510856628418
7.773749828338623 9.321501731872559
7.572694301605225 8.537176132202148
7.441935062408447 8.869612693786621
