0.0 2.3518097400665283
0.0 3.8042151927948
0.0 4.2143754959106445
0.0 4.43303108215332
0.0 4.953792095184326
0.0 5.214461803436279
0.0 5.2398681640625
0.0 5.392236232757568
0.0 5.750943183898926
0.0 5.965965747833252
0.0 6.339529991149902
0.0 6.362110137939453
0.0 6.6105217933654785
0.0 6.8596601486206055
0.0 6.924637794494629
0.0 6.996281623840332
0.0 7.200189113616943
0.0 7.3624372482299805
0.0 7.403794765472412
0.0 7.426604747772217
0.0 7.480221271514893
0.0 7.516324996948242
0.0 7.551260471343994
0.0 7.575441837310791
0.0 7.634114742279053
0.0 7.670677185058594
0.0 7.774627685546875
0.0 7.92982816696167
0.0 8.219648361206055
0.0 8.228471755981445
0.0 8.231619834899902
0.0 8.297508239746094
0.0 8.387354850769043
0.0 8.428655624389648
0.0 8.473775863647461
0.0 8.474587440490723
0.0 8.52713680267334
0.0 8.536650657653809
0.0 8.64199161529541
0.0 8.866654396057129
0.0 8.928666114807129
0.0 9.027100563049316
0.0 9.271537780761719
0.0 9.379810333251953
0.0 9.452900886535645
0.0 9.487588882446289
0.0 9.63491439819336
0.0 9.645861625671387
0.0 9.745323181152344
0.0 9.92127513885498
0.0 10.273669242858887
0.0 10.375126838684082
0.0 10.664648056030273
0.0 11.49979305267334
0.0 11.510772705078125
0.0 11.731372833251953
0.0 12.915250778198242
0.0 13.168375968933105
0.0 13.170584678649902
0.0 13.315509796142578
0.0 13.570051193237305
0.0 13.678201675415039
0.0 14.146489143371582
0.0 15.755791664123535
0.0 15.935272216796875
0.0 16.336442947387695
0.0 17.45345687866211
0.0 17.570999145507812
0.0 18.672536849975586
0.0 19.646215438842773
0.0 20.58591079711914
0.0 21.187393188476562
0.0 23.125398635864258
0.0 24.136987686157227
0.0 24.733455657958984
0.0 24.960391998291016
0.0 26.045536041259766
0.0 26.51523780822754
0.0 28.90594482421875
0.0 30.926668167114258
0.0 31.92743682861328
0.0 inf
55.23785400390625 55.5881233215332
49.48453140258789 63.072444915771484
36.32781982421875 56.99644470214844
19.7191162109375 20.982980728149414
19.599992752075195 23.030561447143555
17.50545883178711 24.315364837646484
17.324081420898438 19.0747013092041
15.67878532409668 16.12801742553711
15.398776054382324 17.234254837036133
14.905426025390625 15.164022445678711
14.682126998901367 16.947690963745117
13.924403190612793 14.909534454345703
13.867354393005371 15.874845504760742
12.053699493408203 13.144007682800293
11.415224075317383 12.34241008758545
11.280684471130371 11.901054382324219
10.734539985656738 14.598797798156738
10.638345718383789 12.74179744720459
10.457924842834473 11.885254859924316
10.173687934875488 10.543632507324219
9.50577449798584 11.211103439331055
9.40908432006836 10.857535362243652
8.713510513305664 9.956766128540039
8.642597198486328 10.38426399230957
8.52954387664795 10.424869537353516
8.285685539245605 9.504918098449707
7.806893348693848 10.560364723205566
