0.0 4.425335884094238
0.0 4.622786521911621
0.0 5.262368202209473
0.0 5.4313063621521
0.0 5.4696760177612305
0.0 5.509642601013184
0.0 5.613467693328857
0.0 5.6440300941467285
0.0 6.082525730133057
0.0 6.2241902351379395
0.0 6.3255462646484375
0.0 6.3396406173706055
0.0 6.448055744171143
0.0 6.506157398223877
0.0 6.5096259117126465
0.0 6.561629772186279
0.0 6.660453796386719
0.0 6.751303195953369
0.0 6.8705878257751465
0.0 6.87746000289917
0.0 6.890243053436279
0.0 6.97733211517334
0.0 6.999769687652588
0.0 7.110391616821289
0.0 7.2721991539001465
0.0 7.3168768882751465
0.0 7.319463729858398
0.0 7.4736714363098145
0.0 7.5229926109313965
0.0 7.587828159332275
0.0 7.630680084228516
0.0 7.702905178070068
0.0 7.739645957946777
0.0 7.791846752166748
0.0 7.932651996612549
0.0 7.9613823890686035
0.0 7.979950428009033
0.0 8.29313850402832
0.0 8.488752365112305
0.0 8.505778312683105
0.0 8.508386611938477
0.0 8.572763442993164
0.0 8.57310676574707
0.0 8.58044147491455
0.0 8.593167304992676
0.0 8.608124732971191
0.0 8.650979042053223
0.0 8.758780479431152
0.0 8.955145835876465
0.0 9.441638946533203
0.0 9.596891403198242
0.0 9.676431655883789
0.0 9.839147567749023
0.0 10.121391296386719
0.0 11.611493110656738
0.0 11.774359703063965
0.0 12.057966232299805
0.0 12.308815956115723
0.0 12.46751594543457
0.0 12.765305519104004
0.0 12.803046226501465
0.0 13.068676948547363
0.0 13.626258850097656
0.0 13.76700496673584
0.0 16.929363250732422
0.0 17.167724609375
0.0 17.70078468322754
0.0 18.499296188354492
0.0 18.662660598754883
0.0 18.690282821655273
0.0 18.781818389892578
0.0 19.768625259399414
0.0 20.40221405029297
0.0 22.11833381652832
0.0 25.625272750854492
0.0 27.729944229125977
0.0 28.598102569580078
0.0 31.070287704467773
0.0 31.156858444213867
0.0 33.64671325683594
0.0 34.33674621582031
0.0 inf
61.592124938964844 63.15385055541992
55.10142135620117 59.30271911621094
53.053184509277344 64.86062622070312
51.164520263671875 65.67269134521484
39.09791946411133 42.37838363647461
19.682405471801758 22.547121047973633
17.928695678710938 23.289264678955078
17.802335739135742 21.573436737060547
14.59831428527832 16.782222747802734
11.67751693725586 12.732559204101562
11.674620628356934 13.333084106445312
11.194795608520508 11.454756736755371
10.847725868225098 11.317306518554688
10.708868980407715 11.992727279663086
10.169102668762207 10.825800895690918
9.989933013916016 10.925605773925781
9.935336112976074 13.850485801696777
9.819436073303223 11.1950044631958
9.79665470123291 11.309358596801758
9.697240829467773 11.645357131958008
9.605592727661133 11.748209953308105
9.541556358337402 10.512833595275879
9.092805862426758 9.996240615844727
9.054755210876465 9.93168830871582
8.61276626586914 10.606586456298828
8.513662338256836 10.587775230407715
8.460429191589355 9.767498970031738
8.205126762390137 8.998359680175781
8.07787036895752 9.568008422851562
8.077324867248535 9.95987606048584
7.51014518737793 8.9583158493042
