0.0 1.1313060522079468
0.0 1.2134981155395508
0.0 2.4329257011413574
0.0 3.9389970302581787
0.0 4.222200870513916
0.0 4.5566086769104
0.0 4.832385063171387
0.0 5.336991786956787
0.0 6.14176082611084
0.0 6.176717758178711
0.0 6.278179168701172
0.0 6.279544353485107
0.0 6.322479724884033
0.0 6.63891077041626
0.0 6.739330291748047
0.0 6.856312274932861
0.0 7.359495162963867
0.0 7.387340068817139
0.0 7.468972206115723
0.0 7.47107458114624
0.0 7.526246070861816
0.0 7.5774688720703125
0.0 7.6809892654418945
0.0 7.780676364898682
0.0 7.793709754943848
0.0 7.810452461242676
0.0 7.893948078155518
0.0 7.927025318145752
0.0 8.062055587768555
0.0 8.168286323547363
0.0 8.187262535095215
0.0 8.265433311462402
0.0 8.385441780090332
0.0 8.394752502441406
0.0 8.409717559814453
0.0 8.41387939453125
0.0 8.43621826171875
0.0 8.538270950317383
0.0 8.612905502319336
0.0 8.832515716552734
0.0 9.161412239074707
0.0 9.182999610900879
0.0 9.204635620117188
0.0 9.300415992736816
0.0 9.401506423950195
0.0 9.573951721191406
0.0 9.830830574035645
0.0 9.906061172485352
0.0 10.260581016540527
0.0 10.467193603515625
0.0 11.177911758422852
0.0 11.204483985900879
0.0 11.536238670349121
0.0 11.628030776977539
0.0 11.926197052001953
0.0 12.344837188720703
0.0 12.493508338928223
0.0 12.528809547424316
0.0 12.649003982543945
0.0 13.30465030670166
0.0 13.590888977050781
0.0 14.696819305419922
0.0 14.929118156433105
0.0 15.43243408203125
0.0 15.79184627532959
0.0 16.234024047851562
0.0 17.05827522277832
0.0 17.182350158691406
0.0 17.39380645751953
0.0 18.141494750976562
0.0 18.560916900634766
0.0 19.633821487426758
0.0 19.98151969909668
0.0 25.07569694519043
0.0 25.446048736572266
0.0 28.619293212890625
0.0 28.790159225463867
0.0 29.891281127929688
0.0 30.31436538696289
0.0 30.50949478149414
0.0 41.97325134277344
0.0 inf
53.633689880371094 61.97838592529297
51.8232307434082 57.698272705078125
44.2374153137207 63.400794982910156
43.62583923339844 65.46333312988281
18.578540802001953 22.99309539794922
18.02116584777832 19.73626708984375
17.66079330444336 21.336179733276367
16.513839721679688 19.76536750793457
16.0650691986084 17.126405715942383
15.89068603515625 18.635316848754883
15.057088851928711 16.441740036010742
13.447096824645996 13.572979927062988
12.806376457214355 13.995261192321777
10.565004348754883 11.990104675292969
9.94968032836914 12.208975791931152
9.94044017791748 12.716565132141113
9.535462379455566 12.20707893371582
9.488374710083008 9.51528263092041
9.483222007751465 12.54435920715332
9.41859245300293 10.475371360778809
9.4163236618042 11.589973449707031
9.355542182922363 13.087642669677734
9.351471900939941 10.152700424194336
9.215339660644531 10.39532470703125
9.07840347290039 11.108684539794922
8.791302680969238 9.237146377563477
8.28174877166748 8.295860290527344
8.268527030944824 9.971821784973145
8.112748146057129 9.743631362915039
