0.0 4.155453681945801
0.0 4.46073055267334
0.0 5.167891025543213
0.0 5.293564319610596
0.0 5.767029762268066
0.0 5.842638969421387
0.0 5.920581817626953
0.0 6.047915458679199
0.0 6.429198741912842
0.0 6.534597873687744
0.0 6.593963146209717
0.0 6.61536979675293
0.0 6.653865337371826
0.0 6.691202163696289
0.0 6.762006759643555
0.0 6.820960998535156
0.0 6.839780807495117
0.0 6.855846881866455
0.0 6.861958980560303
0.0 6.923543453216553
0.0 6.9459710121154785
0.0 7.009183883666992
0.0 7.188843250274658
0.0 7.236021518707275
0.0 7.286077976226807
0.0 7.409242153167725
0.0 7.581923007965088
0.0 7.616824626922607
0.0 7.681176662445068
0.0 7.693149089813232
0.0 7.757767677307129
0.0 7.791792869567871
0.0 7.880184173583984
0.0 8.110819816589355
0.0 8.214855194091797
0.0 8.224555015563965
0.0 8.272189140319824
0.0 8.330450057983398
0.0 8.340585708618164
0.0 8.486336708068848
0.0 8.502204895019531
0.0 8.530583381652832
0.0 8.62051773071289
0.0 8.65807056427002
0.0 8.661235809326172
0.0 8.669878959655762
0.0 8.703588485717773
0.0 8.741251945495605
0.0 8.890560150146484
0.0 8.950915336608887
0.0 9.090591430664062
0.0 9.483222961425781
0.0 9.960188865661621
0.0 10.214814186096191
0.0 11.167342185974121
0.0 12.050204277038574
0.0 12.178796768188477
0.0 12.192075729370117
0.0 12.209341049194336
0.0 12.264551162719727
0.0 12.630387306213379
0.0 13.352629661560059
0.0 13.361136436462402
0.0 13.41860294342041
0.0 14.981707572937012
0.0 16.758068084716797
0.0 17.671066284179688
0.0 18.567188262939453
0.0 19.549352645874023
0.0 19.80844497680664
0.0 20.041826248168945
0.0 20.112159729003906
0.0 21.10139274597168
0.0 22.11298179626465
0.0 24.828092575073242
0.0 27.48118782043457
0.0 27.61505889892578
0.0 30.013643264770508
0.0 30.30607032775879
0.0 31.9578857421875
0.0 33.996368408203125
0.0 inf
54.03859329223633 56.96306610107422
52.72665023803711 56.72832489013672
52.08146667480469 64.74497985839844
48.178897857666016 63.40156173706055
39.330970764160156 42.204505920410156
37.2344856262207 37.94308090209961
19.60004425048828 22.311838150024414
19.212921142578125 23.876977920532227
17.8699893951416 21.128612518310547
13.390493392944336 14.13419246673584
13.197948455810547 13.353141784667969
10.575450897216797 11.821263313293457
10.324808120727539 11.208846092224121
10.114787101745605 10.521468162536621
9.891521453857422 10.148545265197754
9.750055313110352 9.782994270324707
9.74751091003418 11.634024620056152
9.665980339050293 11.92503833770752
9.663443565368652 10.403780937194824
9.657569885253906 11.150945663452148
9.634167671203613 11.248458862304688
9.632440567016602 11.93029499053955
9.619563102722168 12.837080001831055
9.571758270263672 11.495807647705078
9.228957176208496 9.830525398254395
8.835074424743652 10.338451385498047
8.33253288269043 10.16049861907959
8.275040626525879 8.513818740844727
7.293974876403809 9.299229621887207
7.253439426422119 8.423290252685547
