0.0 1.1430656909942627
0.0 1.1616860628128052
0.0 1.1761809587478638
0.0 3.516522169113159
0.0 5.346895694732666
0.0 5.413964748382568
0.0 5.637262344360352
0.0 5.9232611656188965
0.0 5.983885765075684
0.0 6.0205464363098145
0.0 6.106491565704346
0.0 6.227175712585449
0.0 6.289226531982422
0.0 6.354158878326416
0.0 6.633757591247559
0.0 6.651711463928223
0.0 6.6837029457092285
0.0 6.743481159210205
0.0 6.784867763519287
0.0 6.949240684509277
0.0 7.045207977294922
0.0 7.286365509033203
0.0 7.361233711242676
0.0 7.436549186706543
0.0 7.470664978027344
0.0 7.499563694000244
0.0 7.519281387329102
0.0 7.547232627868652
0.0 7.574145317077637
0.0 7.585655689239502
0.0 7.617781639099121
0.0 7.6349592208862305
0.0 7.648085117340088
0.0 7.725235939025879
0.0 7.872035026550293
0.0 8.007791519165039
0.0 8.062198638916016
0.0 8.394904136657715
0.0 8.417577743530273
0.0 8.526402473449707
0.0 8.539326667785645
0.0 8.62226676940918
0.0 8.71074390411377
0.0 8.74617862701416
0.0 8.750045776367188
0.0 8.802192687988281
0.0 8.812430381774902
0.0 8.85940170288086
0.0 8.92602825164795
0.0 9.027135848999023
0.0 9.108098030090332
0.0 9.239269256591797
0.0 9.407242774963379
0.0 9.71749210357666
0.0 10.0263032913208
0.0 11.579304695129395
0.0 12.130393028259277
0.0 12.448734283447266
0.0 13.226890563964844
0.0 13.994746208190918
0.0 14.143486976623535
0.0 15.255823135375977
0.0 15.646942138671875
0.0 15.696029663085938
0.0 16.55654525756836
0.0 16.580764770507812
0.0 18.221027374267578
0.0 18.917282104492188
0.0 19.883407592773438
0.0 19.886859893798828
0.0 19.955854415893555
0.0 21.959095001220703
0.0 22.390626907348633
0.0 23.10182762145996
0.0 24.52659797668457
0.0 26.776649475097656
0.0 27.855796813964844
0.0 28.833433151245117
0.0 30.157068252563477
0.0 30.295612335205078
0.0 33.33372497558594
0.0 inf
54.482872009277344 60.55867385864258
52.33976745605469 65.73114776611328
46.04647445678711 66.9056396484375
38.032928466796875 40.28794479370117
20.40931510925293 22.438562393188477
18.106464385986328 21.750638961791992
17.908966064453125 21.490760803222656
17.715370178222656 17.77657127380371
13.604549407958984 13.6151762008667
12.547381401062012 13.516196250915527
11.29526138305664 11.444939613342285
11.223714828491211 11.947746276855469
10.743928909301758 12.112424850463867
10.74145793914795 11.215827941894531
10.448687553405762 12.325651168823242
9.797469139099121 12.248954772949219
9.642094612121582 11.231931686401367
9.622858047485352 9.684398651123047
9.612853050231934 13.387737274169922
9.563652038574219 10.79140567779541
9.403156280517578 12.147041320800781
9.334296226501465 10.254849433898926
9.098959922790527 12.765766143798828
9.084589004516602 9.867266654968262
8.741730690002441 9.579931259155273
8.359297752380371 8.371556282043457
8.356231689453125 9.203216552734375
7.6870293617248535 8.997659683227539
