0.0 2.3939311504364014
0.0 3.7979774475097656
0.0 4.24180793762207
0.0 4.390079975128174
0.0 4.750634670257568
0.0 5.036532878875732
0.0 5.310375213623047
0.0 5.382735729217529
0.0 5.698066234588623
0.0 5.800876140594482
0.0 6.311167240142822
0.0 6.34825325012207
0.0 6.353183746337891
0.0 6.686888694763184
0.0 6.955531120300293
0.0 7.083267688751221
0.0 7.13507604598999
0.0 7.3613481521606445
0.0 7.363999366760254
0.0 7.366307735443115
0.0 7.423089504241943
0.0 7.424561977386475
0.0 7.4369120597839355
0.0 7.458070755004883
0.0 7.504192352294922
0.0 7.510648250579834
0.0 7.544002056121826
0.0 8.275415420532227
0.0 8.295879364013672
0.0 8.301794052124023
0.0 8.36330795288086
0.0 8.412351608276367
0.0 8.452041625976562
0.0 8.453543663024902
0.0 8.505863189697266
0.0 8.714804649353027
0.0 8.765764236450195
0.0 8.821768760681152
0.0 8.930529594421387
0.0 9.083849906921387
0.0 9.332032203674316
0.0 9.406917572021484
0.0 9.452445030212402
0.0 9.455010414123535
0.0 9.548714637756348
0.0 9.573925971984863
0.0 9.695921897888184
0.0 9.8882417678833
0.0 9.90351390838623
0.0 10.134233474731445
0.0 10.401520729064941
0.0 10.72688102722168
0.0 10.81399917602539
0.0 11.037501335144043
0.0 11.442323684692383
0.0 11.54939079284668
0.0 12.178321838378906
0.0 13.029895782470703
0.0 13.248577117919922
0.0 13.458685874938965
0.0 13.475075721740723
0.0 13.522627830505371
0.0 13.642786026000977
0.0 15.761388778686523
0.0 15.884408950805664
0.0 16.234180450439453
0.0 17.319894790649414
0.0 17.464385986328125
0.0 18.69329261779785
0.0 19.305620193481445
0.0 19.31350326538086
0.0 19.76841926574707
0.0 22.53940200805664
0.0 23.445608139038086
0.0 24.795682907104492
0.0 25.101289749145508
0.0 26.116374969482422
0.0 26.597061157226562
0.0 29.610198974609375
0.0 31.770009994506836
0.0 32.09135818481445
0.0 inf
53.01335144042969 53.65138244628906
49.30008316040039 61.37439727783203
38.45637130737305 57.34468460083008
19.634765625 21.373218536376953
19.530567169189453 23.129207611083984
18.06740951538086 24.417383193969727
17.187946319580078 18.538970947265625
16.420162200927734 16.92265510559082
14.713837623596191 17.709264755249023
14.105695724487305 14.78553295135498
13.913036346435547 15.13247013092041
13.581252098083496 16.88324546813965
12.354753494262695 13.304045677185059
11.865732192993164 13.071005821228027
11.333827018737793 11.862592697143555
10.625016212463379 11.856815338134766
10.62415599822998 14.625307083129883
10.410026550292969 12.655689239501953
10.118429183959961 10.517962455749512
9.509664535522461 11.261073112487793
9.410394668579102 10.740285873413086
8.778534889221191 10.126762390136719
8.667319297790527 10.370699882507324
8.571971893310547 10.449344635009766
8.307144165039062 9.225349426269531
7.699004173278809 10.572354316711426
