0.0 2.27939772605896
0.0 2.523341417312622
0.0 2.5541040897369385
0.0 4.4883646965026855
0.0 4.597889423370361
0.0 4.853296756744385
0.0 4.90819787979126
0.0 5.215115547180176
0.0 5.231778621673584
0.0 5.277912139892578
0.0 5.345218658447266
0.0 5.42805814743042
0.0 5.6456146240234375
0.0 5.743889808654785
0.0 6.093828201293945
0.0 6.173338413238525
0.0 6.176909923553467
0.0 6.209102153778076
0.0 6.284266948699951
0.0 6.330845355987549
0.0 6.336435317993164
0.0 6.3673200607299805
0.0 6.419031143188477
0.0 6.749159336090088
0.0 6.784729480743408
0.0 7.361785888671875
0.0 7.435767650604248
0.0 7.523263454437256
0.0 7.63442850112915
0.0 7.675497531890869
0.0 7.753708362579346
0.0 8.025423049926758
0.0 8.27076530456543
0.0 8.294736862182617
0.0 8.295270919799805
0.0 8.427495956420898
0.0 8.521767616271973
0.0 8.522509574890137
0.0 8.524300575256348
0.0 8.556538581848145
0.0 8.570469856262207
0.0 8.646805763244629
0.0 8.714852333068848
0.0 8.793807983398438
0.0 8.93799877166748
0.0 8.994834899902344
0.0 9.240620613098145
0.0 9.626372337341309
0.0 9.935702323913574
0.0 9.942801475524902
0.0 10.67551326751709
0.0 10.88359260559082
0.0 10.956305503845215
0.0 11.057863235473633
0.0 11.269272804260254
0.0 11.765236854553223
0.0 12.039509773254395
0.0 12.41978931427002
0.0 12.536394119262695
0.0 12.81138801574707
0.0 12.971431732177734
0.0 13.257925987243652
0.0 13.572739601135254
0.0 15.089570045471191
0.0 16.06049156188965
0.0 16.57005500793457
0.0 17.343997955322266
0.0 17.560617446899414
0.0 18.149154663085938
0.0 18.700672149658203
0.0 19.739334106445312
0.0 22.249176025390625
0.0 23.722990036010742
0.0 23.905282974243164
0.0 24.640459060668945
0.0 24.920740127563477
0.0 25.3013858795166
0.0 25.683170318603516
0.0 28.41097068786621
0.0 29.746549606323242
0.0 35.68893051147461
0.0 inf
52.21678161621094 52.277809143066406
49.981346130371094 56.406612396240234
47.7909049987793 62.67533874511719
37.69554901123047 58.87320327758789
19.482486724853516 22.192663192749023
18.577850341796875 21.121061325073242
18.232961654663086 18.842145919799805
17.613636016845703 26.316186904907227
17.355545043945312 18.175424575805664
16.891700744628906 18.200489044189453
16.111791610717773 17.82857322692871
15.175312995910645 16.936229705810547
13.614506721496582 14.152294158935547
12.666138648986816 12.886990547180176
11.67868423461914 12.640384674072266
10.087746620178223 11.752827644348145
10.071160316467285 10.594339370727539
9.750194549560547 10.613511085510254
9.589274406433105 10.070220947265625
9.585305213928223 10.365435600280762
9.492032051086426 11.236384391784668
9.487679481506348 10.467656135559082
9.342517852783203 11.39228630065918
9.33784294128418 9.577322959899902
9.116850852966309 11.829893112182617
8.724579811096191 11.916365623474121
8.614033699035645 9.580473899841309
8.496489524841309 9.956425666809082
