0.0 1.217895269393921
0.0 1.33688223361969
0.0 1.3765889406204224
0.0 4.697327136993408
0.0 4.738167762756348
0.0 4.9969682693481445
0.0 5.312378883361816
0.0 5.323216438293457
0.0 5.571046352386475
0.0 5.6527533531188965
0.0 5.6641459465026855
0.0 5.70708703994751
0.0 5.716248512268066
0.0 5.777457237243652
0.0 5.871485710144043
0.0 5.981184959411621
0.0 6.318423271179199
0.0 6.325883388519287
0.0 6.420009136199951
0.0 6.497968673706055
0.0 6.511117458343506
0.0 6.580226421356201
0.0 6.587645530700684
0.0 6.715214729309082
0.0 7.033336162567139
0.0 7.2364726066589355
0.0 7.391017436981201
0.0 7.447694301605225
0.0 7.461707592010498
0.0 7.566854476928711
0.0 7.728394031524658
0.0 8.010383605957031
0.0 8.446560859680176
0.0 8.503007888793945
0.0 8.504790306091309
0.0 8.537381172180176
0.0 8.632851600646973
0.0 8.680211067199707
0.0 8.759931564331055
0.0 8.830621719360352
0.0 8.900266647338867
0.0 8.922410011291504
0.0 8.954062461853027
0.0 8.96956729888916
0.0 9.034826278686523
0.0 9.095523834228516
0.0 9.399778366088867
0.0 9.80372428894043
0.0 9.998405456542969
0.0 10.387701988220215
0.0 10.423632621765137
0.0 10.785055160522461
0.0 11.652745246887207
0.0 11.892047882080078
0.0 11.97731876373291
0.0 12.274918556213379
0.0 12.350279808044434
0.0 13.229063987731934
0.0 13.393095016479492
0.0 13.519274711608887
0.0 14.227093696594238
0.0 14.432052612304688
0.0 14.673421859741211
0.0 15.068881034851074
0.0 15.702749252319336
0.0 16.40390968322754
0.0 17.369932174682617
0.0 19.798215866088867
0.0 20.408456802368164
0.0 21.816728591918945
0.0 22.209537506103516
0.0 22.718809127807617
0.0 22.891761779785156
0.0 23.793264389038086
0.0 25.161603927612305
0.0 25.619688034057617
0.0 25.979875564575195
0.0 26.163766860961914
0.0 27.52922248840332
0.0 28.67201042175293
0.0 30.19773292541504
0.0 inf
41.75510025024414 43.24589538574219
41.0482063293457 63.524864196777344
39.83415222167969 41.88443374633789
37.83182907104492 64.33383178710938
34.30610275268555 35.764469146728516
19.719327926635742 25.53018569946289
18.564189910888672 22.319385528564453
18.54496955871582 21.710439682006836
15.82584285736084 18.413209915161133
14.549089431762695 15.498150825500488
14.020092010498047 15.906359672546387
12.279695510864258 14.0051908493042
11.705033302307129 13.43908977508545
11.690384864807129 11.76439094543457
11.66252613067627 11.799190521240234
10.431084632873535 10.56396770477295
10.100686073303223 12.031954765319824
9.879579544067383 11.023058891296387
9.74951457977295 10.219468116760254
9.427042007446289 12.536957740783691
9.332366943359375 12.634774208068848
9.063797950744629 9.349961280822754
9.003621101379395 9.29898452758789
8.246711730957031 8.818463325500488
7.989086627960205 8.694221496582031
