0.0 4.301395893096924
0.0 4.655856132507324
0.0 4.66287088394165
0.0 5.495588302612305
0.0 5.500219821929932
0.0 5.510764122009277
0.0 5.521814346313477
0.0 5.603651523590088
0.0 5.630306720733643
0.0 5.69871187210083
0.0 5.8119635581970215
0.0 5.876615047454834
0.0 5.9891510009765625
0.0 6.400330066680908
0.0 6.483865737915039
0.0 6.764019012451172
0.0 6.911906719207764
0.0 6.919304370880127
0.0 6.939336776733398
0.0 7.025444507598877
0.0 7.161556243896484
0.0 7.238640785217285
0.0 7.340555667877197
0.0 7.367294788360596
0.0 7.399109840393066
0.0 7.4266276359558105
0.0 7.430534362792969
0.0 7.475159645080566
0.0 7.478681564331055
0.0 7.596782207489014
0.0 7.605754852294922
0.0 7.62313175201416
0.0 7.6475911140441895
0.0 7.92716121673584
0.0 7.93598747253418
0.0 8.118626594543457
0.0 8.365006446838379
0.0 8.383672714233398
0.0 8.426801681518555
0.0 8.451017379760742
0.0 8.511857032775879
0.0 8.552894592285156
0.0 8.570793151855469
0.0 8.650413513183594
0.0 8.78488826751709
0.0 8.850664138793945
0.0 8.91339111328125
0.0 8.913923263549805
0.0 9.014130592346191
0.0 9.371106147766113
0.0 9.567243576049805
0.0 9.60531997680664
0.0 10.053532600402832
0.0 10.663321495056152
0.0 11.187424659729004
0.0 11.28821086883545
0.0 11.623952865600586
0.0 11.6890869140625
0.0 11.758258819580078
0.0 12.224126815795898
0.0 12.448792457580566
0.0 12.508340835571289
0.0 13.341813087463379
0.0 14.28044319152832
0.0 15.152833938598633
0.0 16.804061889648438
0.0 18.495594024658203
0.0 18.69985580444336
0.0 19.971113204956055
0.0 21.0245361328125
0.0 21.41792869567871
0.0 21.627151489257812
0.0 22.08205223083496
0.0 26.46700668334961
0.0 28.099266052246094
0.0 28.249589920043945
0.0 28.57537078857422
0.0 29.51386260986328
0.0 30.064332962036133
0.0 30.94508934020996
0.0 35.449981689453125
0.0 inf
50.288753509521484 68.2395248413086
48.93899154663086 78.81771087646484
19.688678741455078 21.726022720336914
19.512531280517578 27.058820724487305
17.819015502929688 20.042705535888672
14.603515625 14.814045906066895
14.462560653686523 16.028709411621094
13.906710624694824 14.045646667480469
13.145854949951172 14.341269493103027
10.50850772857666 12.026886940002441
10.193127632141113 11.85807991027832
10.103495597839355 11.386786460876465
9.761259078979492 10.232065200805664
9.749439239501953 11.884172439575195
9.567907333374023 12.832725524902344
9.51865291595459 10.479948997497559
9.485520362854004 9.913073539733887
9.418367385864258 11.785686492919922
9.374313354492188 10.821669578552246
9.044595718383789 10.519986152648926
9.04396915435791 11.184015274047852
9.02648639678955 9.607341766357422
9.007858276367188 9.783950805664062
8.949751853942871 9.659795761108398
8.423603057861328 9.94753360748291
7.958986759185791 8.610801696777344
7.351842403411865 8.421710014343262
