0.0 1.1679195165634155
0.0 1.2068061828613281
0.0 1.210653305053711
0.0 4.451277732849121
0.0 4.482056140899658
0.0 4.923224925994873
0.0 5.279662132263184
0.0 5.298887729644775
0.0 5.321449279785156
0.0 5.612453937530518
0.0 5.671477317810059
0.0 5.6725029945373535
0.0 5.791436672210693
0.0 5.854325294494629
0.0 6.158373832702637
0.0 6.229479789733887
0.0 6.508184909820557
0.0 6.511224269866943
0.0 6.858740329742432
0.0 7.070906639099121
0.0 7.191959381103516
0.0 7.203488826751709
0.0 7.230082988739014
0.0 7.2685394287109375
0.0 7.348283767700195
0.0 7.402402877807617
0.0 7.534513473510742
0.0 7.553989887237549
0.0 7.617468357086182
0.0 7.646618366241455
0.0 7.666505813598633
0.0 7.810535907745361
0.0 7.838388919830322
0.0 7.860105514526367
0.0 7.870471954345703
0.0 7.887242794036865
0.0 8.384950637817383
0.0 8.388668060302734
0.0 8.491510391235352
0.0 8.55711841583252
0.0 8.584983825683594
0.0 8.629485130310059
0.0 8.648138046264648
0.0 8.665886878967285
0.0 8.827445983886719
0.0 8.862215042114258
0.0 8.882781982421875
0.0 10.32236099243164
0.0 10.417486190795898
0.0 10.765043258666992
0.0 11.126111030578613
0.0 11.130229949951172
0.0 11.298558235168457
0.0 11.316110610961914
0.0 11.585320472717285
0.0 12.340585708618164
0.0 12.55228042602539
0.0 12.615684509277344
0.0 13.359749794006348
0.0 13.637187957763672
0.0 14.608258247375488
0.0 14.763930320739746
0.0 14.823517799377441
0.0 14.829263687133789
0.0 15.270148277282715
0.0 16.369831085205078
0.0 16.37642478942871
0.0 17.19220733642578
0.0 21.033153533935547
0.0 21.687744140625
0.0 22.877819061279297
0.0 22.971267700195312
0.0 23.019123077392578
0.0 23.116914749145508
0.0 23.48986053466797
0.0 23.85150909423828
0.0 25.89727783203125
0.0 26.620601654052734
0.0 28.28428077697754
0.0 28.677404403686523
0.0 31.737815856933594
0.0 inf
44.2750129699707 66.50248718261719
40.514957427978516 40.72574234008789
36.55222702026367 37.96354293823242
35.63286590576172 62.63032531738281
31.342796325683594 35.93274688720703
18.781248092651367 25.1029052734375
18.479385375976562 21.512866973876953
18.37607192993164 22.64212989807129
16.55138397216797 17.00074577331543
15.744832992553711 17.616748809814453
15.02528190612793 18.245237350463867
12.54196834564209 14.057055473327637
11.64054012298584 11.671830177307129
11.590232849121094 12.53466510772705
11.342203140258789 12.884786605834961
10.6829252243042 12.773834228515625
10.56817626953125 11.738661766052246
10.414313316345215 10.484064102172852
9.823576927185059 10.075396537780762
9.337268829345703 14.063611030578613
8.937260627746582 11.776124954223633
8.60122013092041 9.534727096557617
8.140713691711426 8.284364700317383
7.552015781402588 8.822195053100586
