0.0 1.1592692136764526
0.0 1.199527621269226
0.0 1.2249799966812134
0.0 3.4518418312072754
0.0 5.342187881469727
0.0 5.376540184020996
0.0 5.594437599182129
0.0 5.898268699645996
0.0 5.995609283447266
0.0 6.115256309509277
0.0 6.26981258392334
0.0 6.29754114151001
0.0 6.338894844055176
0.0 6.370693206787109
0.0 6.384203910827637
0.0 6.543192386627197
0.0 6.686621189117432
0.0 6.6928606033325195
0.0 6.715749740600586
0.0 6.7500834465026855
0.0 6.779414653778076
0.0 6.923032283782959
0.0 7.045369625091553
0.0 7.181655406951904
0.0 7.45223331451416
0.0 7.492736339569092
0.0 7.504272937774658
0.0 7.510200023651123
0.0 7.511336803436279
0.0 7.5150041580200195
0.0 7.53313684463501
0.0 7.588556289672852
0.0 7.625051498413086
0.0 7.652651786804199
0.0 7.664911270141602
0.0 7.734288692474365
0.0 7.897042751312256
0.0 7.994852542877197
0.0 8.32437801361084
0.0 8.417686462402344
0.0 8.49492359161377
0.0 8.51704216003418
0.0 8.553478240966797
0.0 8.643060684204102
0.0 8.704598426818848
0.0 8.745088577270508
0.0 8.758644104003906
0.0 8.771463394165039
0.0 9.143085479736328
0.0 9.28677749633789
0.0 9.41427993774414
0.0 9.687758445739746
0.0 9.714476585388184
0.0 9.818528175354004
0.0 9.997591018676758
0.0 11.180965423583984
0.0 11.299701690673828
0.0 11.814632415771484
0.0 13.266581535339355
0.0 13.960283279418945
0.0 14.426704406738281
0.0 14.99410343170166
0.0 15.274205207824707
0.0 15.291129112243652
0.0 16.549829483032227
0.0 16.618907928466797
0.0 18.44504165649414
0.0 18.737634658813477
0.0 18.86030387878418
0.0 19.87556266784668
0.0 20.221324920654297
0.0 20.226119995117188
0.0 21.248695373535156
0.0 23.388164520263672
0.0 24.82956314086914
0.0 27.73597526550293
0.0 28.811784744262695
0.0 30.064189910888672
0.0 30.08803939819336
0.0 32.5804328918457
0.0 36.37327194213867
0.0 inf
55.17202377319336 59.6073112487793
52.967987060546875 64.56687927246094
45.47722625732422 70.19117736816406
21.865955352783203 23.465173721313477
18.1672306060791 21.560874938964844
18.0752010345459 21.208120346069336
11.46071720123291 12.557150840759277
11.348808288574219 11.560567855834961
11.207655906677246 12.799664497375488
10.75029182434082 11.26291275024414
10.357251167297363 12.28409194946289
10.333734512329102 11.156248092651367
10.24659252166748 10.894303321838379
9.78502082824707 12.229923248291016
9.640387535095215 11.23990249633789
9.629216194152832 10.459724426269531
9.62548828125 9.672775268554688
9.610824584960938 13.328926086425781
9.568615913391113 10.846117973327637
9.500429153442383 9.780109405517578
9.421004295349121 12.12341594696045
8.875036239624023 10.584784507751465
8.784028053283691 12.478747367858887
7.510202407836914 8.108122825622559
7.293176174163818 7.329139232635498
7.287174701690674 9.18020248413086
