0.0 1.0323655605316162
0.0 1.0428135395050049
0.0 1.0615230798721313
0.0 3.233570098876953
0.0 4.177712917327881
0.0 4.424063682556152
0.0 5.327714920043945
0.0 5.685312271118164
0.0 5.732287883758545
0.0 5.83432674407959
0.0 5.893797874450684
0.0 6.211848735809326
0.0 6.227932453155518
0.0 6.359002113342285
0.0 6.39686393737793
0.0 6.415440559387207
0.0 6.511021137237549
0.0 6.769500732421875
0.0 6.793545246124268
0.0 6.991914749145508
0.0 7.117804527282715
0.0 7.200253009796143
0.0 7.252169609069824
0.0 7.268243789672852
0.0 7.296045303344727
0.0 7.347655773162842
0.0 7.370954990386963
0.0 7.427189826965332
0.0 7.600012302398682
0.0 7.608018398284912
0.0 7.90336275100708
0.0 7.953316688537598
0.0 8.094512939453125
0.0 8.240843772888184
0.0 8.390707969665527
0.0 8.397603034973145
0.0 8.430403709411621
0.0 8.45593547821045
0.0 8.529818534851074
0.0 8.604050636291504
0.0 8.783337593078613
0.0 8.853545188903809
0.0 8.888426780700684
0.0 8.931320190429688
0.0 8.959307670593262
0.0 8.971492767333984
0.0 9.216089248657227
0.0 9.336658477783203
0.0 10.061908721923828
0.0 10.508609771728516
0.0 10.671416282653809
0.0 11.038448333740234
0.0 11.168367385864258
0.0 11.253670692443848
0.0 11.433234214782715
0.0 11.600765228271484
0.0 12.012162208557129
0.0 12.714933395385742
0.0 13.212876319885254
0.0 13.7051420211792
0.0 14.304431915283203
0.0 14.449378967285156
0.0 14.665375709533691
0.0 14.673928260803223
0.0 15.773106575012207
0.0 16.407577514648438
0.0 17.557294845581055
0.0 17.644672393798828
0.0 21.267715454101562
0.0 21.869470596313477
0.0 22.96274757385254
0.0 22.973539352416992
0.0 23.334692001342773
0.0 23.34601593017578
0.0 23.94647979736328
0.0 24.47426414489746
0.0 25.14457893371582
0.0 26.01051139831543
0.0 27.239521026611328
0.0 27.93886947631836
0.0 33.3719596862793
0.0 inf
39.7304801940918 65.95851135253906
38.218833923339844 63.08708572387695
38.144962310791016 38.71919631958008
31.783010482788086 35.397945404052734
19.323013305664062 24.991355895996094
18.529342651367188 21.64267349243164
18.45760726928711 22.482877731323242
16.29314613342285 18.347822189331055
14.68348503112793 17.84901237487793
14.045743942260742 14.0967435836792
11.899595260620117 12.523488998413086
11.36833381652832 13.362709999084473
10.76272964477539 12.1477632522583
10.595656394958496 12.573338508605957
10.057196617126465 11.583077430725098
9.81306266784668 12.526662826538086
9.38895034790039 13.751794815063477
9.38216781616211 12.061912536621094
9.227482795715332 9.451738357543945
8.982416152954102 9.982300758361816
7.390181064605713 8.942880630493164
