0.0 1.2705504894256592
0.0 1.338437795639038
0.0 1.3601716756820679
0.0 2.0909483432769775
0.0 3.1354551315307617
0.0 3.1530778408050537
0.0 3.1537294387817383
0.0 3.241614580154419
0.0 3.3461008071899414
0.0 3.667961359024048
0.0 3.702808141708374
0.0 5.277073383331299
0.0 5.283140659332275
0.0 5.602068901062012
0.0 5.67846155166626
0.0 5.766242980957031
0.0 5.9739556312561035
0.0 5.988022327423096
0.0 6.233696460723877
0.0 6.341277122497559
0.0 6.397832870483398
0.0 6.478878021240234
0.0 6.528337478637695
0.0 6.60473108291626
0.0 6.813228130340576
0.0 6.986598968505859
0.0 7.202142238616943
0.0 7.251016616821289
0.0 7.262019634246826
0.0 7.265706539154053
0.0 7.269547939300537
0.0 7.334243297576904
0.0 7.343801975250244
0.0 7.416092872619629
0.0 7.455023765563965
0.0 7.623154163360596
0.0 8.178261756896973
0.0 8.258676528930664
0.0 8.296234130859375
0.0 8.611018180847168
0.0 8.61398983001709
0.0 8.616113662719727
0.0 8.663326263427734
0.0 8.681041717529297
0.0 8.802412033081055
0.0 9.002567291259766
0.0 9.032570838928223
0.0 9.82665729522705
0.0 10.475926399230957
0.0 10.882221221923828
0.0 11.44333267211914
0.0 11.522221565246582
0.0 11.708991050720215
0.0 12.023777961730957
0.0 12.452208518981934
0.0 12.54702091217041
0.0 13.334635734558105
0.0 13.481708526611328
0.0 14.147170066833496
0.0 14.258091926574707
0.0 14.399948120117188
0.0 14.675012588500977
0.0 15.684194564819336
0.0 16.13046646118164
0.0 16.259260177612305
0.0 16.414703369140625
0.0 17.10410499572754
0.0 17.836292266845703
0.0 20.663715362548828
0.0 20.668033599853516
0.0 22.744760513305664
0.0 23.056407928466797
0.0 23.7786922454834
0.0 24.01750946044922
0.0 24.080751419067383
0.0 24.39703369140625
0.0 25.882200241088867
0.0 26.79023551940918
0.0 27.38472557067871
0.0 28.17711067199707
0.0 33.776485443115234
0.0 inf
45.01767349243164 45.6737174987793
42.21091842651367 62.14552307128906
41.178714752197266 42.67133331298828
38.097896575927734 40.433815002441406
36.931556701660156 64.79915618896484
31.453065872192383 36.59827423095703
20.815221786499023 21.247936248779297
18.836740493774414 19.01386260986328
18.4898624420166 21.427146911621094
18.395402908325195 18.931819915771484
18.384925842285156 25.606632232666016
18.356029510498047 22.2199764251709
16.812227249145508 18.10383415222168
16.807615280151367 19.396411895751953
16.75540542602539 19.031822204589844
11.572518348693848 11.697371482849121
11.002017974853516 12.02989673614502
10.56852912902832 13.176815032958984
10.372705459594727 10.456480026245117
10.210360527038574 10.550806999206543
9.717864990234375 9.794021606445312
9.24561882019043 13.290928840637207
8.801231384277344 9.348825454711914
8.37768840789795 9.631978988647461
8.240461349487305 8.32808780670166
7.41994047164917 8.813519477844238
