0.0 3.4258923530578613
0.0 3.4304144382476807
0.0 4.3267412185668945
0.0 4.335819721221924
0.0 4.36419153213501
0.0 4.440469741821289
0.0 5.256743907928467
0.0 5.372705459594727
0.0 5.449289798736572
0.0 5.587741851806641
0.0 6.068737506866455
0.0 6.297369956970215
0.0 6.365694522857666
0.0 6.405813217163086
0.0 6.414695739746094
0.0 6.498693943023682
0.0 6.5170135498046875
0.0 6.689611911773682
0.0 7.363858699798584
0.0 7.4117584228515625
0.0 7.527526378631592
0.0 7.56036901473999
0.0 7.670379161834717
0.0 7.816355228424072
0.0 7.85627555847168
0.0 7.937563896179199
0.0 7.938264846801758
0.0 7.966782569885254
0.0 8.249853134155273
0.0 8.302772521972656
0.0 8.332985877990723
0.0 8.56777572631836
0.0 8.604941368103027
0.0 8.61240005493164
0.0 8.88232707977295
0.0 9.253108024597168
0.0 9.305282592773438
0.0 9.340548515319824
0.0 9.358755111694336
0.0 9.360102653503418
0.0 9.374184608459473
0.0 9.48130989074707
0.0 9.628323554992676
0.0 9.810754776000977
0.0 10.059418678283691
0.0 10.220781326293945
0.0 10.33654499053955
0.0 10.46872615814209
0.0 10.564153671264648
0.0 11.027508735656738
0.0 11.272699356079102
0.0 11.376032829284668
0.0 12.011037826538086
0.0 12.334662437438965
0.0 12.936836242675781
0.0 13.270194053649902
0.0 13.416749000549316
0.0 13.561493873596191
0.0 13.759333610534668
0.0 14.190094947814941
0.0 14.624072074890137
0.0 15.420574188232422
0.0 15.523762702941895
0.0 16.29599380493164
0.0 16.390438079833984
0.0 16.814029693603516
0.0 17.181957244873047
0.0 17.1843204498291
0.0 17.854578018188477
0.0 18.388975143432617
0.0 18.522035598754883
0.0 19.821130752563477
0.0 20.68088150024414
0.0 25.15146255493164
0.0 25.38035011291504
0.0 26.00775146484375
0.0 28.78902816772461
0.0 28.9835262298584
0.0 29.031728744506836
0.0 29.723209381103516
0.0 35.36498260498047
0.0 inf
52.071834564208984 56.806495666503906
51.876827239990234 55.915531158447266
47.53202438354492 62.94395446777344
44.23928451538086 62.69093322753906
35.25746536254883 35.327186584472656
21.12112808227539 21.594114303588867
20.216707229614258 21.664852142333984
18.57741355895996 22.9891414642334
18.3729190826416 18.864614486694336
17.456165313720703 22.531530380249023
16.546222686767578 20.04868507385254
16.33368492126465 19.797992706298828
15.678306579589844 15.74118423461914
15.587207794189453 16.34358024597168
14.757966995239258 15.670928001403809
14.566675186157227 15.303868293762207
13.776398658752441 16.998550415039062
11.610916137695312 11.744833946228027
10.53017520904541 13.248661994934082
9.512467384338379 11.839886665344238
9.486424446105957 11.261558532714844
9.303535461425781 10.895394325256348
9.299826622009277 9.586694717407227
9.264569282531738 9.718814849853516
9.107287406921387 10.794206619262695
9.009867668151855 10.148481369018555
8.88005256652832 9.672085762023926
8.597166061401367 9.912256240844727
8.16191577911377 9.099752426147461
7.955231666564941 9.111762046813965
