0.0 3.1634316444396973
0.0 4.105488300323486
0.0 4.317391872406006
0.0 4.997569561004639
0.0 5.237234115600586
0.0 5.23805046081543
0.0 5.561240196228027
0.0 5.5988640785217285
0.0 5.6030426025390625
0.0 6.064469337463379
0.0 6.1258745193481445
0.0 6.142073154449463
0.0 6.205647945404053
0.0 6.279247760772705
0.0 6.3108062744140625
0.0 6.370368957519531
0.0 6.3764328956604
0.0 6.564059734344482
0.0 6.587279319763184
0.0 6.6319499015808105
0.0 6.633211612701416
0.0 6.657398223876953
0.0 6.732516765594482
0.0 6.782954216003418
0.0 7.042995452880859
0.0 7.314530849456787
0.0 7.38248872756958
0.0 7.38611364364624
0.0 7.406868934631348
0.0 7.558375835418701
0.0 7.588597297668457
0.0 7.7372236251831055
0.0 7.961015224456787
0.0 8.014730453491211
0.0 8.020858764648438
0.0 8.07366943359375
0.0 8.255533218383789
0.0 8.267354965209961
0.0 8.28331184387207
0.0 8.393767356872559
0.0 8.43822956085205
0.0 8.446971893310547
0.0 8.8269624710083
0.0 9.24675464630127
0.0 9.288934707641602
0.0 9.48298168182373
0.0 9.556049346923828
0.0 9.852453231811523
0.0 9.882140159606934
0.0 9.965529441833496
0.0 10.352654457092285
0.0 10.63207721710205
0.0 10.823997497558594
0.0 10.911710739135742
0.0 10.98502254486084
0.0 11.024026870727539
0.0 11.03262710571289
0.0 11.721110343933105
0.0 11.766058921813965
0.0 12.730188369750977
0.0 12.851014137268066
0.0 14.356057167053223
0.0 14.656716346740723
0.0 15.55910587310791
0.0 16.900114059448242
0.0 18.323244094848633
0.0 19.728025436401367
0.0 19.821372985839844
0.0 20.36490821838379
0.0 20.99935531616211
0.0 21.663631439208984
0.0 22.014440536499023
0.0 22.221012115478516
0.0 23.121828079223633
0.0 26.31412124633789
0.0 26.66106605529785
0.0 27.424875259399414
0.0 27.54793357849121
0.0 30.311147689819336
0.0 31.47298240661621
0.0 35.009822845458984
0.0 inf
48.02444076538086 48.507781982421875
46.151451110839844 47.787696838378906
42.19112014770508 63.48406982421875
40.72844696044922 60.182762145996094
39.330230712890625 40.26912307739258
34.525352478027344 39.62104034423828
22.558134078979492 22.76874542236328
22.035701751708984 28.12150001525879
18.019001007080078 18.484357833862305
16.531970977783203 20.329681396484375
15.601044654846191 19.86981773376465
12.357483863830566 14.019853591918945
11.895337104797363 12.682734489440918
11.790451049804688 13.47506046295166
10.998616218566895 11.061142921447754
10.845795631408691 13.24622917175293
10.598923683166504 11.416683197021484
10.336287498474121 11.438321113586426
9.780678749084473 9.848074913024902
9.647316932678223 11.955730438232422
9.480719566345215 11.204695701599121
9.178946495056152 9.948284149169922
9.079568862915039 10.543525695800781
8.471237182617188 11.085956573486328
8.416210174560547 11.199456214904785
7.564056873321533 8.987820625305176
7.541866302490234 8.231405258178711
