0.0 2.4966983795166016
0.0 2.541818857192993
0.0 2.709507465362549
0.0 3.1575236320495605
0.0 3.407219886779785
0.0 3.566279411315918
0.0 4.197839736938477
0.0 4.215538024902344
0.0 4.242748737335205
0.0 4.244001865386963
0.0 4.316919326782227
0.0 5.289241790771484
0.0 5.377137184143066
0.0 5.451121807098389
0.0 5.494573593139648
0.0 5.585411548614502
0.0 5.5949883460998535
0.0 5.598422527313232
0.0 6.178398132324219
0.0 6.199722766876221
0.0 6.326253890991211
0.0 6.378786087036133
0.0 6.438868999481201
0.0 6.503208637237549
0.0 6.520809173583984
0.0 6.558038234710693
0.0 6.624756336212158
0.0 6.963645935058594
0.0 6.971225261688232
0.0 7.102043151855469
0.0 7.359453201293945
0.0 7.362987518310547
0.0 7.372778415679932
0.0 7.4368462562561035
0.0 7.64442253112793
0.0 7.732210636138916
0.0 7.745661735534668
0.0 7.8664960861206055
0.0 8.075239181518555
0.0 8.277555465698242
0.0 8.522201538085938
0.0 8.569351196289062
0.0 8.615382194519043
0.0 8.748441696166992
0.0 8.83991527557373
0.0 9.033946990966797
0.0 9.088844299316406
0.0 9.26698112487793
0.0 10.821344375610352
0.0 10.902881622314453
0.0 11.140912055969238
0.0 11.370820999145508
0.0 12.132251739501953
0.0 12.215507507324219
0.0 12.410407066345215
0.0 12.493033409118652
0.0 12.964699745178223
0.0 13.232222557067871
0.0 13.251973152160645
0.0 13.293760299682617
0.0 13.656655311584473
0.0 14.435752868652344
0.0 15.104774475097656
0.0 15.891600608825684
0.0 16.509794235229492
0.0 16.74611473083496
0.0 17.602771759033203
0.0 17.67996597290039
0.0 17.818531036376953
0.0 19.561378479003906
0.0 19.868391036987305
0.0 21.590042114257812
0.0 21.9340763092041
0.0 24.243478775024414
0.0 24.641809463500977
0.0 27.359310150146484
0.0 27.602312088012695
0.0 27.852148056030273
0.0 28.95692253112793
0.0 29.80780792236328
0.0 33.797767639160156
0.0 inf
53.5240364074707 53.6271858215332
47.65855026245117 62.234561920166016
45.55414581298828 46.6829948425293
35.59872055053711 64.33621215820312
19.692659378051758 22.923009872436523
19.645971298217773 20.146217346191406
19.542823791503906 24.27484703063965
17.704877853393555 19.914955139160156
17.624223709106445 20.35573387145996
15.420488357543945 15.847373008728027
14.556903839111328 16.290437698364258
13.239734649658203 14.217683792114258
11.018470764160156 11.643549919128418
10.356324195861816 12.027153015136719
10.03751277923584 11.56640338897705
9.531291961669922 11.990468978881836
9.50356674194336 11.133136749267578
8.68946647644043 9.05357551574707
8.604581832885742 9.816543579101562
8.484356880187988 9.581060409545898
8.434537887573242 10.452898025512695
8.294881820678711 8.534732818603516
8.238917350769043 8.344005584716797
7.437869071960449 8.113448143005371
