0.0 1.147624135017395
0.0 1.1493306159973145
0.0 1.8073930740356445
0.0 3.5253663063049316
0.0 5.337008476257324
0.0 5.404927730560303
0.0 5.653244495391846
0.0 5.876129627227783
0.0 5.893829345703125
0.0 6.078646659851074
0.0 6.172382831573486
0.0 6.286326885223389
0.0 6.345202445983887
0.0 6.399163246154785
0.0 6.650550842285156
0.0 6.653566360473633
0.0 6.658507823944092
0.0 6.79400634765625
0.0 6.888553142547607
0.0 6.9736809730529785
0.0 7.056494235992432
0.0 7.218240737915039
0.0 7.435680389404297
0.0 7.43620491027832
0.0 7.491116046905518
0.0 7.505143165588379
0.0 7.59183931350708
0.0 7.6261515617370605
0.0 7.651376724243164
0.0 7.663723945617676
0.0 7.668982028961182
0.0 7.670599460601807
0.0 7.7869367599487305
0.0 7.872173309326172
0.0 7.978281021118164
0.0 8.129280090332031
0.0 8.39112663269043
0.0 8.433423042297363
0.0 8.47172737121582
0.0 8.508339881896973
0.0 8.530498504638672
0.0 8.603089332580566
0.0 8.627214431762695
0.0 8.64918041229248
0.0 8.654280662536621
0.0 8.722124099731445
0.0 8.764677047729492
0.0 8.853631019592285
0.0 8.881690979003906
0.0 8.915213584899902
0.0 8.941987991333008
0.0 9.132074356079102
0.0 9.20791244506836
0.0 9.75437068939209
0.0 10.151253700256348
0.0 11.284663200378418
0.0 12.32495403289795
0.0 12.437956809997559
0.0 13.225726127624512
0.0 13.776951789855957
0.0 15.218653678894043
0.0 15.28624439239502
0.0 15.649470329284668
0.0 15.876590728759766
0.0 16.409221649169922
0.0 16.54831886291504
0.0 17.937210083007812
0.0 19.914602279663086
0.0 20.419580459594727
0.0 20.8933048248291
0.0 21.24420738220215
0.0 21.466184616088867
0.0 21.492494583129883
0.0 24.383563995361328
0.0 24.649925231933594
0.0 26.670934677124023
0.0 28.776996612548828
0.0 29.81507682800293
0.0 30.06875991821289
0.0 30.415950775146484
0.0 31.78404998779297
0.0 inf
55.914756774902344 59.579349517822266
48.99515914916992 65.17668914794922
48.613548278808594 70.65453338623047
20.246519088745117 22.451251983642578
17.9124698638916 22.05307960510254
17.818649291992188 21.71004295349121
13.605999946594238 13.711167335510254
12.528965950012207 13.522930145263672
11.2326021194458 11.936612129211426
11.223991394042969 11.365124702453613
10.774285316467285 12.055732727050781
10.759223937988281 11.224596977233887
10.476655960083008 12.297764778137207
9.80603313446045 12.24779987335205
9.583090782165527 10.34213924407959
9.533169746398926 10.785284042358398
9.407943725585938 13.436861038208008
9.378783226013184 10.261561393737793
9.326937675476074 12.16627025604248
9.148250579833984 12.767772674560547
8.93384075164795 9.808627128601074
8.71102237701416 10.518614768981934
8.35673713684082 8.369991302490234
8.353388786315918 9.243215560913086
7.679497241973877 8.990381240844727
6.707270622253418 7.065413475036621
