0.0 4.29627799987793
0.0 4.516526699066162
0.0 4.609894275665283
0.0 4.610644817352295
0.0 5.2616963386535645
0.0 5.286334037780762
0.0 5.466609477996826
0.0 5.558096408843994
0.0 5.709292888641357
0.0 5.716166973114014
0.0 5.787910461425781
0.0 6.0740647315979
0.0 6.3535332679748535
0.0 6.39298152923584
0.0 6.401699542999268
0.0 6.567038059234619
0.0 6.603609085083008
0.0 6.6075758934021
0.0 6.794227123260498
0.0 6.9567341804504395
0.0 7.094162940979004
0.0 7.325265407562256
0.0 7.485671043395996
0.0 7.522705554962158
0.0 7.68280553817749
0.0 7.689020156860352
0.0 7.690108776092529
0.0 7.702355861663818
0.0 7.748141288757324
0.0 7.827524662017822
0.0 7.969787120819092
0.0 8.066877365112305
0.0 8.068068504333496
0.0 8.176704406738281
0.0 8.179435729980469
0.0 8.181596755981445
0.0 8.290260314941406
0.0 8.299717903137207
0.0 8.36972713470459
0.0 8.45288372039795
0.0 8.476219177246094
0.0 8.529672622680664
0.0 8.839767456054688
0.0 8.89080810546875
0.0 9.06458854675293
0.0 9.066695213317871
0.0 9.269522666931152
0.0 9.472661018371582
0.0 9.520570755004883
0.0 9.694574356079102
0.0 9.936593055725098
0.0 10.181390762329102
0.0 10.607951164245605
0.0 10.866235733032227
0.0 10.931050300598145
0.0 10.960484504699707
0.0 11.077038764953613
0.0 12.811002731323242
0.0 13.02448558807373
0.0 13.027907371520996
0.0 13.579030990600586
0.0 13.785930633544922
0.0 14.119958877563477
0.0 14.272551536560059
0.0 14.60944938659668
0.0 15.515678405761719
0.0 16.65305519104004
0.0 17.306209564208984
0.0 17.50069236755371
0.0 18.076379776000977
0.0 18.30803680419922
0.0 19.658449172973633
0.0 22.653642654418945
0.0 24.322290420532227
0.0 28.305931091308594
0.0 28.691951751708984
0.0 28.773427963256836
0.0 29.77342987060547
0.0 30.786584854125977
0.0 33.27497863769531
0.0 37.76689529418945
0.0 inf
55.593902587890625 58.32523727416992
54.541358947753906 65.10375213623047
54.13169479370117 72.45922088623047
19.671449661254883 25.150379180908203
18.812345504760742 19.749095916748047
15.650670051574707 19.52400016784668
14.52691650390625 16.271223068237305
13.843087196350098 15.068886756896973
11.830528259277344 11.944671630859375
11.79101848602295 12.595797538757324
11.325617790222168 12.213589668273926
11.012617111206055 13.514437675476074
10.982828140258789 11.254020690917969
10.40991497039795 12.964057922363281
10.131546020507812 11.921736717224121
10.041118621826172 10.09326457977295
9.914772987365723 9.916374206542969
9.393488883972168 9.661595344543457
9.392386436462402 10.104137420654297
9.1021728515625 11.432208061218262
8.854910850524902 9.244603157043457
8.770819664001465 9.894515037536621
8.69540023803711 9.613515853881836
8.638745307922363 11.524092674255371
8.062283515930176 9.076937675476074
7.996582984924316 7.999075412750244
6.993490219116211 8.15438461303711
