0.0 2.5172877311706543
0.0 3.3583924770355225
0.0 4.467544078826904
0.0 4.999792098999023
0.0 5.40709114074707
0.0 5.573404312133789
0.0 5.625514030456543
0.0 5.701024055480957
0.0 6.053295135498047
0.0 6.2847418785095215
0.0 6.315428733825684
0.0 6.334721088409424
0.0 6.578579902648926
0.0 6.5803327560424805
0.0 6.636622428894043
0.0 6.654239654541016
0.0 6.761285781860352
0.0 6.932727336883545
0.0 7.321455001831055
0.0 7.380373001098633
0.0 7.500421047210693
0.0 7.530418395996094
0.0 7.586523056030273
0.0 7.618105888366699
0.0 7.646049499511719
0.0 7.925436496734619
0.0 8.282086372375488
0.0 8.307361602783203
0.0 8.395669937133789
0.0 8.441736221313477
0.0 8.444161415100098
0.0 8.55820083618164
0.0 8.565153121948242
0.0 8.871185302734375
0.0 9.026359558105469
0.0 9.098544120788574
0.0 9.219294548034668
0.0 9.242450714111328
0.0 9.270296096801758
0.0 9.389013290405273
0.0 9.500924110412598
0.0 9.521012306213379
0.0 9.545844078063965
0.0 9.577370643615723
0.0 9.837063789367676
0.0 10.1386079788208
0.0 10.197847366333008
0.0 10.239256858825684
0.0 10.265859603881836
0.0 10.354079246520996
0.0 10.394701957702637
0.0 10.850614547729492
0.0 10.912020683288574
0.0 10.924939155578613
0.0 11.053333282470703
0.0 11.521745681762695
0.0 12.494928359985352
0.0 12.549761772155762
0.0 13.035229682922363
0.0 13.348703384399414
0.0 13.397014617919922
0.0 14.45891284942627
0.0 14.843003273010254
0.0 15.97659969329834
0.0 17.450016021728516
0.0 17.616426467895508
0.0 18.962657928466797
0.0 19.071842193603516
0.0 19.6881046295166
0.0 20.251230239868164
0.0 21.242835998535156
0.0 21.971168518066406
0.0 22.170394897460938
0.0 24.703929901123047
0.0 24.95024871826172
0.0 25.49083137512207
0.0 26.01890754699707
0.0 27.579513549804688
0.0 29.389856338500977
0.0 29.990413665771484
0.0 30.669750213623047
0.0 inf
38.479068756103516 59.08821487426758
37.0989875793457 61.815860748291016
34.52412414550781 40.48279571533203
23.574216842651367 28.607812881469727
19.371570587158203 21.23634910583496
17.277484893798828 19.176692962646484
16.937923431396484 20.051698684692383
15.72269344329834 16.020519256591797
15.450206756591797 16.678232192993164
14.499089241027832 15.517741203308105
14.123172760009766 16.381895065307617
13.742341995239258 16.08155632019043
10.988077163696289 13.165695190429688
10.747401237487793 11.2996244430542
10.582624435424805 12.292215347290039
10.476852416992188 11.21761703491211
9.562553405761719 12.606718063354492
9.448612213134766 12.557711601257324
8.657515525817871 8.970913887023926
8.446921348571777 10.531647682189941
7.698755264282227 8.990575790405273
