0.0 5.326615810394287
0.0 5.560996055603027
0.0 5.655511856079102
0.0 5.663572311401367
0.0 5.805011749267578
0.0 5.858619689941406
0.0 6.291380882263184
0.0 6.403782367706299
0.0 6.407802581787109
0.0 6.420773983001709
0.0 6.438078880310059
0.0 6.4504289627075195
0.0 6.455187797546387
0.0 6.502439022064209
0.0 6.536942005157471
0.0 6.643509387969971
0.0 6.664778232574463
0.0 6.771944522857666
0.0 6.84756326675415
0.0 6.9020867347717285
0.0 7.005396366119385
0.0 7.137042045593262
0.0 7.257434368133545
0.0 7.315907001495361
0.0 7.397967338562012
0.0 7.405068397521973
0.0 7.465027332305908
0.0 7.466070652008057
0.0 7.510715961456299
0.0 7.523173809051514
0.0 7.702796459197998
0.0 7.9251933097839355
0.0 8.00619888305664
0.0 8.069401741027832
0.0 8.12112808227539
0.0 8.32342529296875
0.0 8.497709274291992
0.0 8.49824047088623
0.0 8.550076484680176
0.0 8.55302619934082
0.0 8.577609062194824
0.0 8.620889663696289
0.0 8.655083656311035
0.0 8.678044319152832
0.0 8.713604927062988
0.0 8.844656944274902
0.0 8.849502563476562
0.0 9.041962623596191
0.0 9.073479652404785
0.0 9.374775886535645
0.0 9.511411666870117
0.0 9.572973251342773
0.0 9.842041969299316
0.0 10.441975593566895
0.0 10.867388725280762
0.0 10.9002103805542
0.0 11.237470626831055
0.0 11.42678165435791
0.0 11.707185745239258
0.0 12.412723541259766
0.0 12.718811988830566
0.0 13.43522834777832
0.0 14.133607864379883
0.0 15.409760475158691
0.0 16.12758445739746
0.0 16.163362503051758
0.0 17.642044067382812
0.0 18.54373550415039
0.0 19.80694007873535
0.0 20.005226135253906
0.0 20.20330047607422
0.0 22.20811653137207
0.0 23.420455932617188
0.0 27.078327178955078
0.0 28.692264556884766
0.0 29.269256591796875
0.0 29.55727195739746
0.0 30.424318313598633
0.0 31.083471298217773
0.0 33.07142639160156
0.0 35.998226165771484
0.0 inf
47.56978988647461 66.77616119384766
44.02014923095703 81.31609344482422
19.275876998901367 25.54509925842285
19.249845504760742 22.724624633789062
17.762556076049805 20.8483829498291
14.690298080444336 15.847295761108398
13.151984214782715 15.326204299926758
12.999080657958984 15.317206382751465
11.02332878112793 11.94132137298584
10.753456115722656 12.082623481750488
10.407411575317383 11.986454963684082
10.0438232421875 10.220442771911621
9.770609855651855 11.173284530639648
9.558292388916016 10.98764705657959
9.47496223449707 11.790495872497559
9.401203155517578 10.004566192626953
9.38791275024414 11.867772102355957
9.148137092590332 10.784409523010254
8.914315223693848 9.617815017700195
8.905107498168945 11.187060356140137
8.784361839294434 10.495849609375
8.5906400680542 10.3488187789917
8.561747550964355 10.280377388000488
8.469796180725098 9.586261749267578
8.39870548248291 10.960014343261719
8.376517295837402 8.737060546875
8.375328063964844 9.673835754394531
