0.0 1.4034920930862427
0.0 2.8697333335876465
0.0 3.295027494430542
0.0 4.0817952156066895
0.0 4.242837429046631
0.0 4.481871128082275
0.0 4.649743556976318
0.0 4.718967914581299
0.0 5.080678462982178
0.0 5.244024276733398
0.0 5.298233985900879
0.0 5.311018943786621
0.0 5.343017578125
0.0 5.835845947265625
0.0 6.026198387145996
0.0 6.051962375640869
0.0 6.090996742248535
0.0 6.298308372497559
0.0 6.30427360534668
0.0 6.360561370849609
0.0 6.419897556304932
0.0 6.448173522949219
0.0 6.547863960266113
0.0 6.932653903961182
0.0 6.99319314956665
0.0 7.1457014083862305
0.0 7.427987098693848
0.0 7.447851181030273
0.0 7.460912704467773
0.0 7.551192760467529
0.0 7.568387985229492
0.0 7.598267078399658
0.0 7.723042964935303
0.0 7.864566802978516
0.0 8.338706016540527
0.0 8.372308731079102
0.0 8.403395652770996
0.0 8.420722961425781
0.0 8.506300926208496
0.0 8.512789726257324
0.0 8.7380952835083
0.0 8.748445510864258
0.0 8.750494956970215
0.0 8.846609115600586
0.0 8.982718467712402
0.0 8.99336051940918
0.0 9.098602294921875
0.0 9.257094383239746
0.0 9.54243278503418
0.0 9.947211265563965
0.0 10.090302467346191
0.0 10.152947425842285
0.0 10.270672798156738
0.0 10.558116912841797
0.0 11.67465877532959
0.0 11.73773193359375
0.0 11.785041809082031
0.0 13.37674617767334
0.0 13.519039154052734
0.0 13.635458946228027
0.0 13.687501907348633
0.0 14.114141464233398
0.0 14.48995304107666
0.0 14.591904640197754
0.0 15.59396743774414
0.0 15.686832427978516
0.0 16.63469123840332
0.0 17.27293586730957
0.0 17.663963317871094
0.0 18.66317367553711
0.0 18.764312744140625
0.0 21.004981994628906
0.0 21.347381591796875
0.0 21.4643611907959
0.0 24.235593795776367
0.0 25.01880645751953
0.0 28.736751556396484
0.0 28.87056541442871
0.0 30.64608383178711
0.0 32.27273178100586
0.0 34.0609016418457
0.0 inf
49.162662506103516 66.99052429199219
48.92982864379883 67.76185607910156
38.684959411621094 39.385963439941406
20.776758193969727 22.165658950805664
17.712055206298828 20.543472290039062
16.562217712402344 23.4895076751709
15.355123519897461 16.674978256225586
14.5375337600708 17.974491119384766
13.130047798156738 13.48902416229248
12.40549373626709 12.63670825958252
10.842528343200684 12.780308723449707
10.8417387008667 13.088329315185547
10.681092262268066 11.031454086303711
10.438554763793945 10.899547576904297
10.213005065917969 10.870002746582031
9.771093368530273 10.079821586608887
9.207566261291504 10.147255897521973
9.027530670166016 10.587543487548828
8.987207412719727 10.737210273742676
8.79675579071045 10.489740371704102
8.473645210266113 8.587546348571777
7.72328519821167 9.032605171203613
7.620348930358887 7.884646892547607
