0.0 1.2130672931671143
0.0 1.24571692943573
0.0 1.3067437410354614
0.0 5.123921871185303
0.0 5.432470798492432
0.0 5.43774938583374
0.0 5.648388862609863
0.0 5.658265590667725
0.0 6.076231956481934
0.0 6.15794038772583
0.0 6.290280818939209
0.0 6.361992359161377
0.0 6.397046089172363
0.0 6.412045478820801
0.0 6.42720890045166
0.0 6.452380180358887
0.0 6.471766471862793
0.0 6.493846416473389
0.0 6.5032477378845215
0.0 6.609354019165039
0.0 6.635195255279541
0.0 6.850286960601807
0.0 7.203731060028076
0.0 7.333487510681152
0.0 7.377432346343994
0.0 7.484974384307861
0.0 7.48601770401001
0.0 7.490859031677246
0.0 7.529510498046875
0.0 7.5459394454956055
0.0 7.760073184967041
0.0 7.855081558227539
0.0 7.86720609664917
0.0 7.948488712310791
0.0 7.977888584136963
0.0 8.068713188171387
0.0 8.171043395996094
0.0 8.208855628967285
0.0 8.469624519348145
0.0 8.51609992980957
0.0 8.609074592590332
0.0 8.651724815368652
0.0 8.662018775939941
0.0 8.709702491760254
0.0 8.902189254760742
0.0 8.9249849319458
0.0 8.94056224822998
0.0 9.03318977355957
0.0 9.335429191589355
0.0 9.413518905639648
0.0 9.44465160369873
0.0 10.131857872009277
0.0 10.268875122070312
0.0 10.930941581726074
0.0 11.555981636047363
0.0 13.050708770751953
0.0 13.165362358093262
0.0 13.259867668151855
0.0 13.477983474731445
0.0 13.740931510925293
0.0 13.75888729095459
0.0 14.010995864868164
0.0 14.138678550720215
0.0 14.4385986328125
0.0 14.580765724182129
0.0 16.00362205505371
0.0 16.683549880981445
0.0 17.115219116210938
0.0 18.3389949798584
0.0 18.442964553833008
0.0 19.526708602905273
0.0 21.039419174194336
0.0 25.04009437561035
0.0 25.510448455810547
0.0 26.854049682617188
0.0 29.048900604248047
0.0 30.001100540161133
0.0 31.57634162902832
0.0 34.39424514770508
0.0 37.039546966552734
0.0 40.18217468261719
0.0 inf
56.13460159301758 57.17783737182617
50.19081497192383 74.81114196777344
44.22052001953125 62.655269622802734
41.5156135559082 44.1076545715332
19.78089714050293 20.47370147705078
17.291980743408203 24.415943145751953
16.74721336364746 19.97316551208496
15.63731861114502 16.08005142211914
14.901222229003906 15.421710014343262
14.213812828063965 14.705718040466309
10.917803764343262 12.010293960571289
10.726693153381348 11.484189987182617
10.683679580688477 12.929304122924805
10.383737564086914 10.767012596130371
10.276426315307617 11.661199569702148
10.239154815673828 11.751962661743164
9.910369873046875 9.986124038696289
9.847229957580566 10.483765602111816
9.608463287353516 10.611613273620605
9.58213996887207 10.66022777557373
9.579204559326172 13.485875129699707
9.206377983093262 10.506343841552734
9.194729804992676 10.300095558166504
9.190864562988281 9.490962982177734
9.16090202331543 9.740703582763672
8.713996887207031 10.548895835876465
8.642767906188965 8.702277183532715
8.610701560974121 9.970504760742188
7.441380500793457 8.009699821472168
