0.0 2.7415058612823486
0.0 3.6809134483337402
0.0 3.8769545555114746
0.0 4.270413398742676
0.0 4.620200157165527
0.0 5.023521423339844
0.0 5.197386264801025
0.0 5.206836223602295
0.0 5.601659297943115
0.0 5.781090259552002
0.0 6.265803337097168
0.0 6.275834560394287
0.0 6.3044538497924805
0.0 6.347451210021973
0.0 6.420173168182373
0.0 6.530018329620361
0.0 6.608160972595215
0.0 6.654861927032471
0.0 6.845228672027588
0.0 6.883281230926514
0.0 7.075352191925049
0.0 7.3225321769714355
0.0 7.378037452697754
0.0 7.396242141723633
0.0 7.403162002563477
0.0 7.699765205383301
0.0 7.880068302154541
0.0 7.919013500213623
0.0 8.080371856689453
0.0 8.164466857910156
0.0 8.215092658996582
0.0 8.268930435180664
0.0 8.319352149963379
0.0 8.377996444702148
0.0 8.40659236907959
0.0 8.42950439453125
0.0 8.43510627746582
0.0 8.443158149719238
0.0 8.480109214782715
0.0 8.686225891113281
0.0 8.908270835876465
0.0 9.080517768859863
0.0 9.280414581298828
0.0 9.295549392700195
0.0 9.490562438964844
0.0 9.539505958557129
0.0 9.694938659667969
0.0 9.759797096252441
0.0 9.934009552001953
0.0 10.039764404296875
0.0 10.517203330993652
0.0 10.821401596069336
0.0 10.855696678161621
0.0 10.95297622680664
0.0 11.09260368347168
0.0 11.216887474060059
0.0 11.33154582977295
0.0 11.649957656860352
0.0 12.084074020385742
0.0 12.676852226257324
0.0 12.980810165405273
0.0 14.491707801818848
0.0 14.51356315612793
0.0 15.371428489685059
0.0 17.32570457458496
0.0 18.500244140625
0.0 19.19778060913086
0.0 19.743989944458008
0.0 19.769153594970703
0.0 20.843639373779297
0.0 21.237749099731445
0.0 21.673025131225586
0.0 22.075824737548828
0.0 22.182598114013672
0.0 26.01982307434082
0.0 26.654985427856445
0.0 27.270410537719727
0.0 27.551694869995117
0.0 29.567184448242188
0.0 30.00069236755371
0.0 34.06819152832031
0.0 inf
44.795780181884766 45.602848052978516
44.19143295288086 46.84102249145508
41.27701950073242 59.9879150390625
40.50846481323242 62.57284927368164
35.986351013183594 40.18377685546875
33.58949279785156 37.982852935791016
22.626598358154297 23.874372482299805
22.108592987060547 28.089378356933594
18.052886962890625 18.392885208129883
16.491796493530273 20.060710906982422
15.70187759399414 19.67925453186035
13.71901798248291 14.382183074951172
13.422994613647461 15.127575874328613
12.108378410339355 14.733195304870605
11.863381385803223 11.91043472290039
10.772445678710938 13.423468589782715
10.616838455200195 12.479095458984375
10.586102485656738 11.400797843933105
10.437070846557617 10.60405445098877
10.215072631835938 10.256807327270508
10.207978248596191 12.267882347106934
10.082198143005371 12.1360502243042
9.944677352905273 12.260228157043457
9.91061019897461 10.225985527038574
9.265697479248047 10.256308555603027
9.219147682189941 10.126858711242676
9.142805099487305 10.440977096557617
8.738078117370605 10.461198806762695
8.485867500305176 11.097009658813477
7.575080871582031 8.954853057861328
7.551141738891602 9.117314338684082
