0.0 3.119344711303711
0.0 4.279781818389893
0.0 5.587003707885742
0.0 5.600427150726318
0.0 5.685374736785889
0.0 5.959458827972412
0.0 6.131758689880371
0.0 6.293666362762451
0.0 6.301573276519775
0.0 6.315509796142578
0.0 6.591787815093994
0.0 6.602160930633545
0.0 6.610583782196045
0.0 6.611295223236084
0.0 6.619582653045654
0.0 7.0423479080200195
0.0 7.16119909286499
0.0 7.348100662231445
0.0 7.3603081703186035
0.0 7.466821670532227
0.0 7.477341175079346
0.0 7.598944187164307
0.0 7.612136363983154
0.0 7.714369773864746
0.0 7.877769470214844
0.0 7.9947590827941895
0.0 8.150442123413086
0.0 8.297172546386719
0.0 8.446674346923828
0.0 8.52151870727539
0.0 8.52602481842041
0.0 8.533608436584473
0.0 8.533726692199707
0.0 8.67479419708252
0.0 9.048418045043945
0.0 9.11725902557373
0.0 9.3369779586792
0.0 9.438882827758789
0.0 9.529169082641602
0.0 9.562353134155273
0.0 9.607233047485352
0.0 9.827790260314941
0.0 9.850654602050781
0.0 10.011672019958496
0.0 10.039834976196289
0.0 10.177635192871094
0.0 10.179403305053711
0.0 10.450728416442871
0.0 10.640130996704102
0.0 10.644997596740723
0.0 10.660737991333008
0.0 10.788200378417969
0.0 10.906506538391113
0.0 10.968293190002441
0.0 11.019197463989258
0.0 11.659006118774414
0.0 12.22922134399414
0.0 12.43348503112793
0.0 12.934226989746094
0.0 13.213074684143066
0.0 13.306811332702637
0.0 13.467653274536133
0.0 13.545012474060059
0.0 15.57873249053955
0.0 17.27069854736328
0.0 17.696731567382812
0.0 18.2643985748291
0.0 19.659408569335938
0.0 20.370532989501953
0.0 20.568058013916016
0.0 21.328296661376953
0.0 23.031627655029297
0.0 23.503446578979492
0.0 24.615711212158203
0.0 24.620046615600586
0.0 25.543554306030273
0.0 25.573598861694336
0.0 27.36973762512207
0.0 29.087499618530273
0.0 29.642866134643555
0.0 30.3558349609375
0.0 inf
40.93543243408203 57.846031188964844
37.21821975708008 62.49744415283203
35.923011779785156 38.14075469970703
35.34519577026367 39.84003829956055
21.194076538085938 28.073474884033203
19.853435516357422 20.231040954589844
17.504865646362305 20.42536735534668
16.81634521484375 19.882204055786133
15.308444023132324 15.72465705871582
13.86303997039795 14.803004264831543
13.680070877075195 14.218145370483398
13.40610408782959 15.423883438110352
11.668832778930664 11.826667785644531
11.581254005432129 11.974571228027344
11.537785530090332 11.847482681274414
11.25723934173584 12.938430786132812
10.684308052062988 13.726804733276367
10.533367156982422 13.377893447875977
10.427229881286621 11.668822288513184
10.39004898071289 15.932417869567871
10.213790893554688 13.54120922088623
8.610115051269531 8.991466522216797
8.609037399291992 10.611681938171387
7.663040637969971 9.016995429992676
