0.0 1.0380218029022217
0.0 1.0405088663101196
0.0 1.058250904083252
0.0 3.9024598598480225
0.0 4.242401123046875
0.0 4.255332946777344
0.0 4.634890079498291
0.0 4.943371295928955
0.0 5.036860466003418
0.0 5.245174407958984
0.0 5.297548294067383
0.0 5.518834590911865
0.0 5.615972518920898
0.0 5.680889129638672
0.0 5.955094814300537
0.0 6.157400608062744
0.0 6.31103515625
0.0 6.34616756439209
0.0 6.4471635818481445
0.0 6.448866844177246
0.0 6.455806255340576
0.0 6.461747646331787
0.0 6.483663082122803
0.0 6.628973484039307
0.0 6.67797327041626
0.0 6.715583324432373
0.0 6.736746788024902
0.0 7.229681968688965
0.0 7.263012409210205
0.0 7.3125176429748535
0.0 7.413529872894287
0.0 7.532073974609375
0.0 7.549408435821533
0.0 7.770476341247559
0.0 7.796397686004639
0.0 7.8047308921813965
0.0 7.841386795043945
0.0 7.848601341247559
0.0 8.005851745605469
0.0 8.30035400390625
0.0 8.385706901550293
0.0 8.437080383300781
0.0 8.539892196655273
0.0 8.608772277832031
0.0 8.844260215759277
0.0 9.113224983215332
0.0 9.547720909118652
0.0 9.643729209899902
0.0 10.109830856323242
0.0 10.746724128723145
0.0 11.110142707824707
0.0 11.194061279296875
0.0 11.29196834564209
0.0 11.696284294128418
0.0 12.29222297668457
0.0 12.593814849853516
0.0 12.682377815246582
0.0 12.823872566223145
0.0 12.84752368927002
0.0 13.384461402893066
0.0 13.825315475463867
0.0 13.867112159729004
0.0 14.612221717834473
0.0 14.86125373840332
0.0 16.42422866821289
0.0 17.87192153930664
0.0 18.247785568237305
0.0 20.39351463317871
0.0 21.081890106201172
0.0 21.56882667541504
0.0 22.957792282104492
0.0 23.09345817565918
0.0 23.92257308959961
0.0 24.06571388244629
0.0 25.092391967773438
0.0 25.219051361083984
0.0 26.052753448486328
0.0 26.70055389404297
0.0 28.889925003051758
0.0 29.199825286865234
0.0 29.506330490112305
0.0 inf
41.32904052734375 71.34639739990234
39.733619689941406 39.91728973388672
38.96260070800781 67.29695892333984
30.967958450317383 37.37250518798828
19.826730728149414 26.221675872802734
18.750200271606445 19.884349822998047
18.710351943969727 21.445837020874023
18.507421493530273 22.12090301513672
16.32375144958496 19.014820098876953
15.61829662322998 17.155277252197266
13.349239349365234 15.567347526550293
11.818592071533203 11.930572509765625
11.634989738464355 12.419748306274414
10.768743515014648 11.109993934631348
10.142806053161621 11.257984161376953
9.960986137390137 13.254420280456543
9.586971282958984 9.813554763793945
9.565800666809082 13.758096694946289
8.65517520904541 9.597638130187988
8.624861717224121 10.425004959106445
8.490166664123535 10.39029598236084
8.391945838928223 10.027996063232422
8.273563385009766 8.989200592041016
8.098662376403809 9.620542526245117
