0.0 1.2906010150909424
0.0 1.3385374546051025
0.0 1.387125849723816
0.0 3.812265396118164
0.0 4.048525333404541
0.0 4.606433868408203
0.0 4.608323574066162
0.0 4.6311726570129395
0.0 5.2180070877075195
0.0 5.640554428100586
0.0 5.671806335449219
0.0 6.118256568908691
0.0 6.373319149017334
0.0 6.402247905731201
0.0 6.49367618560791
0.0 6.7321882247924805
0.0 6.8960700035095215
0.0 6.905834197998047
0.0 6.935561180114746
0.0 7.180429935455322
0.0 7.360804557800293
0.0 7.437282085418701
0.0 7.471246242523193
0.0 7.557884693145752
0.0 7.74725866317749
0.0 7.78729772567749
0.0 7.854658126831055
0.0 7.954022407531738
0.0 8.13668155670166
0.0 8.217327117919922
0.0 8.219505310058594
0.0 8.337779998779297
0.0 8.385407447814941
0.0 8.42138671875
0.0 8.435524940490723
0.0 8.534658432006836
0.0 8.559182167053223
0.0 8.578813552856445
0.0 8.606513977050781
0.0 8.667890548706055
0.0 8.851027488708496
0.0 8.897536277770996
0.0 9.078821182250977
0.0 9.086469650268555
0.0 9.15782642364502
0.0 9.19913101196289
0.0 9.309934616088867
0.0 9.499682426452637
0.0 9.548744201660156
0.0 9.615671157836914
0.0 9.678207397460938
0.0 10.503155708312988
0.0 10.607987403869629
0.0 10.68010139465332
0.0 11.481507301330566
0.0 11.656927108764648
0.0 11.660995483398438
0.0 11.903261184692383
0.0 12.183056831359863
0.0 12.96458625793457
0.0 14.030631065368652
0.0 14.17288875579834
0.0 14.208285331726074
0.0 14.420280456542969
0.0 14.661075592041016
0.0 14.955581665039062
0.0 15.468563079833984
0.0 17.367429733276367
0.0 17.53565216064453
0.0 17.73354721069336
0.0 18.092300415039062
0.0 19.534025192260742
0.0 20.14067840576172
0.0 25.909109115600586
0.0 26.21141242980957
0.0 27.506595611572266
0.0 27.70479965209961
0.0 28.36168098449707
0.0 29.16147232055664
0.0 31.210187911987305
0.0 35.1344108581543
0.0 inf
44.872989654541016 45.361026763916016
44.015892028808594 64.51807403564453
38.83115005493164 40.59672546386719
35.18754577636719 58.695556640625
34.6027946472168 35.38935089111328
19.640901565551758 21.339263916015625
19.436311721801758 24.21863555908203
17.589006423950195 21.132213592529297
16.425600051879883 18.278844833374023
14.92208480834961 16.657535552978516
13.75896167755127 16.248605728149414
12.11959457397461 13.964472770690918
11.641613006591797 12.520411491394043
10.62247371673584 12.16531753540039
10.506401062011719 12.827946662902832
10.374372482299805 12.868622779846191
10.025781631469727 12.616657257080078
9.871685028076172 10.754133224487305
9.849492073059082 10.52836799621582
9.82492733001709 12.70312786102295
9.687908172607422 11.790700912475586
9.67812728881836 9.840431213378906
9.26904582977295 9.272090911865234
9.259521484375 9.997042655944824
9.117352485656738 9.592028617858887
7.860243797302246 8.646583557128906
7.8366594314575195 10.168442726135254
