0.0 1.1336266994476318
0.0 1.2104976177215576
0.0 2.432356834411621
0.0 4.453323841094971
0.0 4.812729835510254
0.0 4.956292629241943
0.0 5.302162170410156
0.0 5.546491622924805
0.0 6.18441915512085
0.0 6.2169084548950195
0.0 6.282687187194824
0.0 6.296848297119141
0.0 6.312648296356201
0.0 6.34899377822876
0.0 6.398664951324463
0.0 6.678350448608398
0.0 6.7847819328308105
0.0 6.78879976272583
0.0 7.358915328979492
0.0 7.470511436462402
0.0 7.530344486236572
0.0 7.574254035949707
0.0 7.625986099243164
0.0 7.6437578201293945
0.0 7.661210060119629
0.0 7.661221027374268
0.0 7.840034484863281
0.0 7.923638343811035
0.0 8.084312438964844
0.0 8.187423706054688
0.0 8.263219833374023
0.0 8.385522842407227
0.0 8.409820556640625
0.0 8.442517280578613
0.0 8.458255767822266
0.0 8.500495910644531
0.0 8.506584167480469
0.0 8.624752044677734
0.0 8.64210319519043
0.0 8.89188289642334
0.0 9.184545516967773
0.0 9.237189292907715
0.0 9.297462463378906
0.0 9.375466346740723
0.0 9.395743370056152
0.0 9.573535919189453
0.0 9.823888778686523
0.0 9.994184494018555
0.0 10.287229537963867
0.0 10.472739219665527
0.0 10.667729377746582
0.0 11.194405555725098
0.0 11.279327392578125
0.0 11.572593688964844
0.0 11.896259307861328
0.0 12.305123329162598
0.0 12.479424476623535
0.0 12.551539421081543
0.0 13.261861801147461
0.0 13.31721305847168
0.0 13.55584716796875
0.0 14.687928199768066
0.0 15.422586441040039
0.0 15.502602577209473
0.0 16.29736328125
0.0 16.883562088012695
0.0 17.054224014282227
0.0 17.105998992919922
0.0 17.493558883666992
0.0 18.0806827545166
0.0 18.8164005279541
0.0 19.882648468017578
0.0 21.00634765625
0.0 25.278507232666016
0.0 25.45394515991211
0.0 28.633949279785156
0.0 28.789770126342773
0.0 29.480749130249023
0.0 29.936792373657227
0.0 30.395418167114258
0.0 41.80177688598633
0.0 inf
53.42795181274414 62.92660903930664
52.37532043457031 61.50148391723633
44.358890533447266 63.389320373535156
43.7298698425293 65.47300720214844
18.57131576538086 22.99495506286621
18.017152786254883 19.7871036529541
17.69866371154785 21.3076171875
16.903966903686523 17.154199600219727
16.513996124267578 19.80010986328125
15.871330261230469 18.736740112304688
15.046018600463867 16.451766967773438
13.984947204589844 15.025355339050293
13.280564308166504 13.490377426147461
10.566868782043457 11.994797706604004
9.897992134094238 12.180682182312012
9.887076377868652 12.687837600708008
9.716946601867676 10.825075149536133
9.546089172363281 12.207276344299316
9.476021766662598 9.510359764099121
9.469425201416016 12.557573318481445
9.4091796875 10.487927436828613
9.349692344665527 13.02003288269043
9.244359970092773 10.356893539428711
9.165375709533691 11.206247329711914
9.040989875793457 10.185720443725586
8.277976036071777 8.294524192810059
8.263411521911621 9.996676445007324
8.126753807067871 9.030146598815918
7.974678993225098 9.13458251953125
