0.0 2.101862907409668
0.0 4.304354190826416
0.0 4.791258335113525
0.0 5.599440097808838
0.0 5.630605220794678
0.0 6.256359100341797
0.0 6.280610084533691
0.0 6.290581226348877
0.0 6.291275978088379
0.0 6.401283264160156
0.0 6.581164360046387
0.0 6.588016033172607
0.0 6.628111839294434
0.0 6.65728759765625
0.0 6.688179969787598
0.0 6.710640907287598
0.0 6.746171951293945
0.0 6.954379081726074
0.0 7.2269392013549805
0.0 7.35152006149292
0.0 7.41041374206543
0.0 7.60287618637085
0.0 7.60385274887085
0.0 7.903036117553711
0.0 8.026970863342285
0.0 8.158208847045898
0.0 8.261870384216309
0.0 8.288735389709473
0.0 8.452820777893066
0.0 8.481522560119629
0.0 8.509687423706055
0.0 8.516136169433594
0.0 8.669062614440918
0.0 8.675193786621094
0.0 8.693398475646973
0.0 9.02696704864502
0.0 9.073923110961914
0.0 9.209853172302246
0.0 9.30582332611084
0.0 9.470312118530273
0.0 9.501598358154297
0.0 9.515787124633789
0.0 9.580367088317871
0.0 9.850683212280273
0.0 9.992378234863281
0.0 10.12520694732666
0.0 10.314699172973633
0.0 10.355647087097168
0.0 10.385343551635742
0.0 10.628349304199219
0.0 10.7487211227417
0.0 10.90418529510498
0.0 11.107667922973633
0.0 11.136944770812988
0.0 11.149880409240723
0.0 11.465987205505371
0.0 11.576319694519043
0.0 12.17269515991211
0.0 12.632479667663574
0.0 12.671219825744629
0.0 12.94577693939209
0.0 14.057756423950195
0.0 14.985608100891113
0.0 15.65350341796875
0.0 17.83354949951172
0.0 18.110496520996094
0.0 18.74580955505371
0.0 19.215646743774414
0.0 20.367666244506836
0.0 20.72262191772461
0.0 20.78567886352539
0.0 21.198551177978516
0.0 23.201505661010742
0.0 23.446760177612305
0.0 24.53321075439453
0.0 24.57450294494629
0.0 26.22438621520996
0.0 28.50433349609375
0.0 29.02001953125
0.0 29.357906341552734
0.0 29.779502868652344
0.0 inf
41.76790237426758 58.65094757080078
37.634830474853516 62.37353515625
34.144134521484375 37.9489860534668
33.03125 37.46221160888672
22.372068405151367 28.057273864746094
22.00272560119629 22.378469467163086
19.856338500976562 21.14386749267578
16.476367950439453 20.016704559326172
15.881174087524414 19.85144805908203
14.715998649597168 14.721360206604004
13.261346817016602 15.965752601623535
12.679811477661133 13.223325729370117
11.618868827819824 13.696380615234375
11.61867618560791 13.07542610168457
11.552484512329102 11.81806468963623
10.551258087158203 13.415959358215332
10.472014427185059 16.740970611572266
10.440725326538086 11.670533180236816
10.390840530395508 10.956148147583008
9.665203094482422 13.306304931640625
8.677923202514648 10.652427673339844
7.929478645324707 9.40246295928955
