0.0 1.3314104080200195
0.0 1.416612148284912
0.0 2.448150157928467
0.0 4.568023204803467
0.0 5.0080389976501465
0.0 5.223454475402832
0.0 5.255859851837158
0.0 5.310605049133301
0.0 5.537489891052246
0.0 5.646317481994629
0.0 5.707737445831299
0.0 5.806763648986816
0.0 5.886284351348877
0.0 6.360442638397217
0.0 6.36858606338501
0.0 6.44279670715332
0.0 6.529506683349609
0.0 6.583975791931152
0.0 6.585312843322754
0.0 6.596343517303467
0.0 6.756231784820557
0.0 6.7849626541137695
0.0 7.20026159286499
0.0 7.237569332122803
0.0 7.429183483123779
0.0 7.496069431304932
0.0 7.528875827789307
0.0 7.544802188873291
0.0 7.626931667327881
0.0 7.655890464782715
0.0 7.69188928604126
0.0 7.971195697784424
0.0 7.998701095581055
0.0 8.110008239746094
0.0 8.329574584960938
0.0 8.354643821716309
0.0 8.392908096313477
0.0 8.56088924407959
0.0 8.654245376586914
0.0 8.833328247070312
0.0 8.845514297485352
0.0 8.937736511230469
0.0 8.990516662597656
0.0 9.085431098937988
0.0 9.270315170288086
0.0 9.294177055358887
0.0 9.361026763916016
0.0 9.44139289855957
0.0 10.247184753417969
0.0 10.357202529907227
0.0 10.405343055725098
0.0 10.415822982788086
0.0 10.75293254852295
0.0 10.989374160766602
0.0 11.201858520507812
0.0 11.24417495727539
0.0 11.268884658813477
0.0 11.830048561096191
0.0 13.27999210357666
0.0 13.63780689239502
0.0 13.896354675292969
0.0 14.422783851623535
0.0 14.700484275817871
0.0 14.741462707519531
0.0 14.943750381469727
0.0 16.382946014404297
0.0 17.127397537231445
0.0 18.836915969848633
0.0 19.96129035949707
0.0 21.77557373046875
0.0 21.85354995727539
0.0 22.89142417907715
0.0 22.899852752685547
0.0 23.707015991210938
0.0 24.979265213012695
0.0 25.095531463623047
0.0 25.325105667114258
0.0 26.550228118896484
0.0 27.511865615844727
0.0 28.56601333618164
0.0 32.999385833740234
0.0 inf
43.78934860229492 44.37654113769531
43.02447509765625 63.412113189697266
40.99339294433594 42.92747116088867
37.674827575683594 60.91636657714844
30.997570037841797 34.97609329223633
19.55817222595215 25.27927017211914
18.550567626953125 21.840669631958008
18.409015655517578 22.798635482788086
15.79959774017334 18.099220275878906
14.495475769042969 15.502254486083984
13.28841781616211 13.961051940917969
12.674881935119629 13.669974327087402
11.702579498291016 13.54688835144043
11.701231002807617 11.766998291015625
11.571885108947754 11.790216445922852
10.934534072875977 11.092031478881836
10.02437686920166 10.699090003967285
9.74199104309082 10.277531623840332
9.623488426208496 10.432456970214844
9.522989273071289 11.839066505432129
9.412873268127441 11.835000038146973
9.303115844726562 11.911206245422363
8.409823417663574 9.11435604095459
8.158906936645508 9.974211692810059
8.127241134643555 9.596512794494629
