0.0 2.5577430725097656
0.0 4.3510284423828125
0.0 4.369021892547607
0.0 4.375131607055664
0.0 5.2435688972473145
0.0 5.24796199798584
0.0 5.272577285766602
0.0 5.396071910858154
0.0 5.427109241485596
0.0 5.601324558258057
0.0 5.612038612365723
0.0 5.740960121154785
0.0 6.005889892578125
0.0 6.284174919128418
0.0 6.336281776428223
0.0 6.529176712036133
0.0 6.570713043212891
0.0 6.719827175140381
0.0 6.7366251945495605
0.0 6.762381076812744
0.0 6.764143943786621
0.0 7.020656585693359
0.0 7.2925543785095215
0.0 7.346914291381836
0.0 7.36203670501709
0.0 7.480985164642334
0.0 7.611677646636963
0.0 7.835965156555176
0.0 7.862746715545654
0.0 8.144914627075195
0.0 8.18726921081543
0.0 8.268274307250977
0.0 8.432840347290039
0.0 8.441134452819824
0.0 8.503339767456055
0.0 8.714755058288574
0.0 8.723949432373047
0.0 8.755842208862305
0.0 8.913418769836426
0.0 8.981698989868164
0.0 8.985370635986328
0.0 9.188776016235352
0.0 9.4640474319458
0.0 9.73019790649414
0.0 9.782255172729492
0.0 9.944003105163574
0.0 10.03600788116455
0.0 10.220900535583496
0.0 10.275895118713379
0.0 10.324810981750488
0.0 10.759845733642578
0.0 10.800318717956543
0.0 10.8911714553833
0.0 11.075121879577637
0.0 12.043962478637695
0.0 12.413424491882324
0.0 12.598779678344727
0.0 12.63033390045166
0.0 12.8472318649292
0.0 13.275708198547363
0.0 14.67153549194336
0.0 15.49466609954834
0.0 15.818029403686523
0.0 16.799617767333984
0.0 17.430471420288086
0.0 17.503332138061523
0.0 18.559711456298828
0.0 19.817989349365234
0.0 20.11669921875
0.0 20.692800521850586
0.0 20.701005935668945
0.0 21.892728805541992
0.0 22.998842239379883
0.0 23.78281021118164
0.0 24.73741340637207
0.0 25.22366714477539
0.0 26.510509490966797
0.0 26.563610076904297
0.0 28.658626556396484
0.0 30.453187942504883
0.0 31.328033447265625
0.0 inf
37.62925338745117 60.96924591064453
37.62384796142578 57.80133819580078
32.733848571777344 39.844051361083984
21.446407318115234 27.538074493408203
20.332321166992188 20.455846786499023
19.62510871887207 21.811132431030273
19.479206085205078 19.834808349609375
16.639036178588867 16.930320739746094
16.49343490600586 20.22604751586914
15.623512268066406 19.834869384765625
14.408692359924316 16.43314552307129
13.453993797302246 17.290489196777344
11.105818748474121 13.386059761047363
10.539294242858887 10.606263160705566
10.432387351989746 12.05300235748291
9.285789489746094 10.167200088500977
8.755975723266602 10.571078300476074
8.736834526062012 9.862752914428711
8.670916557312012 8.980131149291992
8.41451644897461 10.256442070007324
7.712936878204346 9.040877342224121
7.37580680847168 8.194991111755371
