0.0 1.3560125827789307
0.0 1.4791496992111206
0.0 2.769362688064575
0.0 3.8454959392547607
0.0 4.731904029846191
0.0 4.796415328979492
0.0 5.007115364074707
0.0 5.224756717681885
0.0 5.350621223449707
0.0 5.416073799133301
0.0 5.441195011138916
0.0 5.777159214019775
0.0 6.003694534301758
0.0 6.343611717224121
0.0 6.373373985290527
0.0 6.40947151184082
0.0 6.515686988830566
0.0 6.547547817230225
0.0 6.656502723693848
0.0 6.792733192443848
0.0 6.819418430328369
0.0 6.985246658325195
0.0 7.0731706619262695
0.0 7.238650321960449
0.0 7.243277549743652
0.0 7.464080810546875
0.0 7.464926242828369
0.0 7.469237327575684
0.0 7.482313632965088
0.0 7.570138931274414
0.0 7.613260269165039
0.0 7.63191032409668
0.0 7.705433368682861
0.0 7.735067367553711
0.0 7.924417972564697
0.0 8.191108703613281
0.0 8.29923152923584
0.0 8.377829551696777
0.0 8.50970458984375
0.0 8.583298683166504
0.0 8.597411155700684
0.0 8.639031410217285
0.0 8.643818855285645
0.0 8.686219215393066
0.0 9.016242980957031
0.0 9.0464448928833
0.0 9.327286720275879
0.0 9.405009269714355
0.0 9.963737487792969
0.0 9.975748062133789
0.0 10.112192153930664
0.0 10.121003150939941
0.0 10.354582786560059
0.0 10.658318519592285
0.0 11.148636817932129
0.0 11.446446418762207
0.0 11.68496036529541
0.0 12.626933097839355
0.0 12.65745735168457
0.0 12.6998291015625
0.0 12.848700523376465
0.0 13.90955924987793
0.0 14.05481243133545
0.0 14.361574172973633
0.0 14.386857986450195
0.0 16.36474609375
0.0 16.512441635131836
0.0 18.83780288696289
0.0 21.11478614807129
0.0 21.78904914855957
0.0 21.798612594604492
0.0 22.742326736450195
0.0 22.87636375427246
0.0 23.986724853515625
0.0 24.185659408569336
0.0 24.777557373046875
0.0 25.039535522460938
0.0 25.11202621459961
0.0 27.586288452148438
0.0 29.09766387939453
0.0 35.26217269897461
0.0 inf
42.784461975097656 60.826416015625
40.29934310913086 42.160125732421875
37.91033935546875 61.62381362915039
28.668411254882812 33.33515548706055
19.127174377441406 25.490694046020508
18.46112060546875 21.552995681762695
18.4239444732666 22.403026580810547
15.311850547790527 16.93802833557129
13.212221145629883 15.158235549926758
12.737589836120605 14.115824699401855
12.337772369384766 13.28435230255127
11.011270523071289 12.563749313354492
10.727672576904297 11.875757217407227
10.100642204284668 11.91206169128418
9.407183647155762 11.732951164245605
9.375310897827148 10.325968742370605
9.252008438110352 12.652074813842773
8.286077499389648 9.286181449890137
8.016575813293457 9.522294044494629
8.012223243713379 9.068366050720215
