0.0 1.1373212337493896
0.0 1.157516360282898
0.0 3.628264904022217
0.0 4.6117777824401855
0.0 5.049917697906494
0.0 5.237142086029053
0.0 5.3861918449401855
0.0 5.501564979553223
0.0 5.680657386779785
0.0 5.825190544128418
0.0 5.914644718170166
0.0 6.272333145141602
0.0 6.379890441894531
0.0 6.399670124053955
0.0 6.414059162139893
0.0 6.414388656616211
0.0 6.443484783172607
0.0 6.522159099578857
0.0 6.673044681549072
0.0 7.0319294929504395
0.0 7.084420204162598
0.0 7.089020729064941
0.0 7.09130334854126
0.0 7.12322473526001
0.0 7.16370964050293
0.0 7.287148952484131
0.0 7.304816246032715
0.0 7.382036209106445
0.0 7.4540019035339355
0.0 7.493515968322754
0.0 7.527254581451416
0.0 7.564481735229492
0.0 7.772588729858398
0.0 7.807870388031006
0.0 7.882781982421875
0.0 8.040748596191406
0.0 8.132872581481934
0.0 8.492783546447754
0.0 8.520564079284668
0.0 8.546784400939941
0.0 8.575169563293457
0.0 8.592611312866211
0.0 8.628518104553223
0.0 8.655561447143555
0.0 8.736955642700195
0.0 8.838135719299316
0.0 9.3422269821167
0.0 9.356255531311035
0.0 9.502898216247559
0.0 10.196442604064941
0.0 10.277435302734375
0.0 10.536093711853027
0.0 11.216121673583984
0.0 11.269057273864746
0.0 11.93159008026123
0.0 12.47850227355957
0.0 13.000589370727539
0.0 13.217534065246582
0.0 13.228986740112305
0.0 13.23421859741211
0.0 13.554093360900879
0.0 13.914702415466309
0.0 14.341221809387207
0.0 14.596996307373047
0.0 16.976892471313477
0.0 17.060606002807617
0.0 17.235124588012695
0.0 18.686927795410156
0.0 19.502256393432617
0.0 19.710243225097656
0.0 21.442167282104492
0.0 23.972925186157227
0.0 26.605321884155273
0.0 27.165237426757812
0.0 28.361717224121094
0.0 30.140090942382812
0.0 33.446800231933594
0.0 33.71867752075195
0.0 39.0644645690918
0.0 42.864906311035156
0.0 inf
54.72029495239258 59.367347717285156
47.01271438598633 73.53862762451172
43.932411193847656 69.86939239501953
18.684064865112305 20.592350006103516
18.582002639770508 24.674896240234375
16.758716583251953 20.120424270629883
14.59196662902832 15.101812362670898
13.7689208984375 13.843108177185059
12.55497932434082 14.16122055053711
10.65126895904541 11.26210880279541
10.644285202026367 12.930747985839844
10.337392807006836 11.087078094482422
10.191886901855469 10.922356605529785
10.14554214477539 11.651076316833496
9.79041862487793 13.21169376373291
9.597064018249512 10.530759811401367
9.589912414550781 10.582876205444336
9.558587074279785 10.712432861328125
9.443280220031738 10.526521682739258
9.386513710021973 9.761331558227539
9.355429649353027 9.730863571166992
8.884864807128906 10.683344841003418
8.834221839904785 9.573412895202637
8.720963478088379 8.87421703338623
8.683266639709473 11.392386436462402
8.623250961303711 8.658585548400879
8.614887237548828 9.814637184143066
8.036876678466797 9.179603576660156
