0.0 1.13473379611969
0.0 1.1712011098861694
0.0 1.1858916282653809
0.0 3.485440492630005
0.0 5.351710319519043
0.0 5.4139275550842285
0.0 5.604355812072754
0.0 5.897747039794922
0.0 6.028101444244385
0.0 6.052177429199219
0.0 6.117294788360596
0.0 6.25871467590332
0.0 6.293664455413818
0.0 6.365790367126465
0.0 6.630885124206543
0.0 6.647116184234619
0.0 6.652632713317871
0.0 6.731103897094727
0.0 6.7334818840026855
0.0 6.930661201477051
0.0 7.043601989746094
0.0 7.331737041473389
0.0 7.439450263977051
0.0 7.448139667510986
0.0 7.494332313537598
0.0 7.510741233825684
0.0 7.517660140991211
0.0 7.5279011726379395
0.0 7.551398754119873
0.0 7.564380645751953
0.0 7.596493244171143
0.0 7.646285533905029
0.0 7.657057285308838
0.0 7.720260143280029
0.0 7.879978656768799
0.0 7.959630012512207
0.0 8.103348731994629
0.0 8.34848690032959
0.0 8.418329238891602
0.0 8.525652885437012
0.0 8.534126281738281
0.0 8.607978820800781
0.0 8.707012176513672
0.0 8.728852272033691
0.0 8.758292198181152
0.0 8.78121280670166
0.0 8.822888374328613
0.0 8.899127006530762
0.0 8.916400909423828
0.0 8.932065963745117
0.0 9.131915092468262
0.0 9.255280494689941
0.0 9.408740043640137
0.0 9.699943542480469
0.0 9.997636795043945
0.0 11.691020011901855
0.0 11.997990608215332
0.0 12.414864540100098
0.0 13.22092342376709
0.0 13.995941162109375
0.0 14.363582611083984
0.0 15.369132995605469
0.0 15.581913948059082
0.0 15.643935203552246
0.0 16.55075454711914
0.0 16.580907821655273
0.0 18.375839233398438
0.0 18.643037796020508
0.0 19.686254501342773
0.0 20.944665908813477
0.0 21.019990921020508
0.0 21.199731826782227
0.0 21.329368591308594
0.0 22.951448440551758
0.0 24.68523406982422
0.0 25.68650245666504
0.0 27.542314529418945
0.0 30.10398292541504
0.0 30.32490348815918
0.0 31.336809158325195
0.0 33.32259750366211
0.0 inf
55.15315628051758 60.40819549560547
52.329402923583984 64.83698272705078
46.24803924560547 68.24198913574219
20.519699096679688 22.446929931640625
18.19137954711914 21.62989044189453
18.010974884033203 21.344682693481445
17.488821029663086 17.6715030670166
12.54283618927002 13.511552810668945
11.329254150390625 11.524116516113281
11.237759590148926 11.951823234558105
10.7353515625 11.215646743774414
10.731715202331543 12.132845878601074
10.438830375671387 12.321137428283691
9.788196563720703 12.224109649658203
9.67533016204834 11.227736473083496
9.63730525970459 9.692127227783203
9.627096176147461 13.38284969329834
9.556758880615234 10.821292877197266
9.419204711914062 12.133811950683594
9.317032814025879 10.28100299835205
9.118287086486816 9.869328498840332
9.10134220123291 12.77304458618164
8.749160766601562 9.549307823181152
8.360458374023438 8.371268272399902
8.35193157196045 9.191944122314453
7.686822414398193 9.014066696166992
