0.0 4.268162727355957
0.0 4.598416328430176
0.0 5.220875263214111
0.0 5.312880992889404
0.0 5.327327251434326
0.0 5.331674098968506
0.0 5.68204927444458
0.0 6.009283542633057
0.0 6.3140788078308105
0.0 6.369131088256836
0.0 6.529155254364014
0.0 6.777827739715576
0.0 6.999136447906494
0.0 7.385788917541504
0.0 7.513969898223877
0.0 7.519962310791016
0.0 7.7339701652526855
0.0 7.958784580230713
0.0 8.003199577331543
0.0 8.019774436950684
0.0 8.040130615234375
0.0 8.059330940246582
0.0 8.132155418395996
0.0 8.315597534179688
0.0 8.386781692504883
0.0 8.39517593383789
0.0 8.396292686462402
0.0 8.400308609008789
0.0 8.410940170288086
0.0 8.447515487670898
0.0 8.466309547424316
0.0 8.564297676086426
0.0 8.614158630371094
0.0 8.909717559814453
0.0 8.939976692199707
0.0 9.014491081237793
0.0 9.096138954162598
0.0 9.23674488067627
0.0 9.255017280578613
0.0 9.263143539428711
0.0 9.294352531433105
0.0 9.399168968200684
0.0 9.42689037322998
0.0 9.654306411743164
0.0 9.85721206665039
0.0 9.939053535461426
0.0 10.373701095581055
0.0 10.444801330566406
0.0 10.785645484924316
0.0 10.833184242248535
0.0 11.493125915527344
0.0 11.519723892211914
0.0 11.569242477416992
0.0 12.079546928405762
0.0 12.668416023254395
0.0 12.817537307739258
0.0 13.026169776916504
0.0 13.571317672729492
0.0 13.602730751037598
0.0 14.01025104522705
0.0 14.014684677124023
0.0 14.514138221740723
0.0 14.808062553405762
0.0 14.849870681762695
0.0 16.22834587097168
0.0 16.52919578552246
0.0 17.56881332397461
0.0 17.667997360229492
0.0 17.6687068939209
0.0 17.935575485229492
0.0 18.136354446411133
0.0 18.606674194335938
0.0 21.094038009643555
0.0 26.271059036254883
0.0 27.993255615234375
0.0 28.15273094177246
0.0 29.0875301361084
0.0 29.42133331298828
0.0 29.85846519470215
0.0 31.25726318359375
0.0 34.51166915893555
0.0 inf
58.3040885925293 63.06543731689453
54.83857727050781 67.40072631835938
53.4598388671875 59.66712188720703
46.42076110839844 62.872989654541016
20.94457244873047 21.703767776489258
18.44594955444336 19.891014099121094
18.11683464050293 22.929189682006836
17.955236434936523 23.66299057006836
17.952672958374023 18.41580581665039
16.730880737304688 21.538415908813477
14.144538879394531 15.125061988830566
13.98997688293457 14.438758850097656
13.499838829040527 15.043201446533203
13.343018531799316 15.438837051391602
12.940669059753418 15.782061576843262
12.80615520477295 14.636608123779297
11.51872444152832 12.388724327087402
10.617470741271973 14.032371520996094
10.59660816192627 13.42214584350586
10.554329872131348 11.85373592376709
9.715765953063965 11.201677322387695
9.566163063049316 12.157124519348145
9.411347389221191 10.150551795959473
9.345669746398926 11.703604698181152
9.275107383728027 10.920252799987793
9.130331993103027 9.797185897827148
8.704010963439941 9.55633544921875
8.23453426361084 10.339768409729004
