0.0 1.0393767356872559
0.0 1.0969929695129395
0.0 1.1108357906341553
0.0 3.318723440170288
0.0 4.345224380493164
0.0 4.396431922912598
0.0 5.298626899719238
0.0 5.880722522735596
0.0 5.896681308746338
0.0 6.013256072998047
0.0 6.066149711608887
0.0 6.182419300079346
0.0 6.262792587280273
0.0 6.3227458000183105
0.0 6.322790145874023
0.0 6.370962619781494
0.0 6.402907371520996
0.0 6.56335973739624
0.0 6.616104602813721
0.0 6.671390533447266
0.0 6.742754936218262
0.0 6.761808395385742
0.0 6.868130207061768
0.0 7.214747428894043
0.0 7.2684173583984375
0.0 7.388928413391113
0.0 7.438849925994873
0.0 7.5602126121521
0.0 7.573758602142334
0.0 7.585778713226318
0.0 7.606317043304443
0.0 7.613524436950684
0.0 7.618393898010254
0.0 8.000896453857422
0.0 8.042176246643066
0.0 8.306859016418457
0.0 8.30757999420166
0.0 8.319929122924805
0.0 8.327449798583984
0.0 8.390244483947754
0.0 8.401302337646484
0.0 8.544037818908691
0.0 8.624163627624512
0.0 8.642572402954102
0.0 8.80653190612793
0.0 8.827079772949219
0.0 8.979331016540527
0.0 10.298072814941406
0.0 10.576096534729004
0.0 10.688006401062012
0.0 10.995558738708496
0.0 11.57575798034668
0.0 11.68260669708252
0.0 11.695348739624023
0.0 11.889863014221191
0.0 12.440629005432129
0.0 12.907407760620117
0.0 13.217785835266113
0.0 13.509631156921387
0.0 13.514403343200684
0.0 13.541162490844727
0.0 14.250358581542969
0.0 14.44936752319336
0.0 14.704002380371094
0.0 16.423643112182617
0.0 16.717060089111328
0.0 17.42205238342285
0.0 18.366371154785156
0.0 21.472047805786133
0.0 21.892127990722656
0.0 21.91193199157715
0.0 22.993995666503906
0.0 24.0093994140625
0.0 24.266162872314453
0.0 24.380218505859375
0.0 24.606128692626953
0.0 24.7375545501709
0.0 26.562053680419922
0.0 27.30986213684082
0.0 29.73737907409668
0.0 35.167232513427734
0.0 inf
46.22492599487305 68.54205322265625
45.97351837158203 46.53996276855469
38.735530853271484 64.37786102294922
38.46597671508789 40.15934371948242
35.04536819458008 36.735008239746094
20.72661781311035 20.838726043701172
19.937602996826172 20.56024742126465
18.47930335998535 21.401092529296875
18.475383758544922 22.51305389404297
18.234670639038086 26.20807456970215
18.04118537902832 21.01103401184082
15.549859046936035 18.737119674682617
14.050010681152344 14.81622314453125
11.811895370483398 13.45370101928711
10.64258098602295 11.79660701751709
10.51765251159668 13.509194374084473
10.45179557800293 12.717561721801758
10.00741958618164 11.178523063659668
9.737616539001465 11.852832794189453
9.662793159484863 11.080516815185547
9.307868003845215 14.05761432647705
8.697906494140625 8.731507301330566
8.651679039001465 9.924654960632324
8.4522705078125 8.912993431091309
7.6791534423828125 9.321844100952148
