0.0 3.530750274658203
0.0 4.214786529541016
0.0 4.355876445770264
0.0 4.466117858886719
0.0 4.496953010559082
0.0 4.776428699493408
0.0 4.983715057373047
0.0 5.243124961853027
0.0 5.25615119934082
0.0 5.988702774047852
0.0 6.050656795501709
0.0 6.259171962738037
0.0 6.329814434051514
0.0 6.419107913970947
0.0 6.420072555541992
0.0 6.64165735244751
0.0 6.91909646987915
0.0 6.971015453338623
0.0 7.012778282165527
0.0 7.042489051818848
0.0 7.362133502960205
0.0 7.384320259094238
0.0 7.438839435577393
0.0 7.4713215827941895
0.0 7.630053520202637
0.0 7.66631555557251
0.0 7.908413887023926
0.0 8.277974128723145
0.0 8.292242050170898
0.0 8.337019920349121
0.0 8.342208862304688
0.0 8.442601203918457
0.0 8.47226333618164
0.0 8.49465274810791
0.0 8.495655059814453
0.0 8.562149047851562
0.0 8.710064888000488
0.0 8.88134479522705
0.0 9.094928741455078
0.0 9.162137031555176
0.0 9.328866958618164
0.0 9.365368843078613
0.0 9.424665451049805
0.0 9.689062118530273
0.0 9.810251235961914
0.0 10.144293785095215
0.0 10.179574966430664
0.0 10.538668632507324
0.0 10.760894775390625
0.0 10.776161193847656
0.0 11.253182411193848
0.0 11.290987968444824
0.0 11.539145469665527
0.0 11.6610746383667
0.0 11.751709938049316
0.0 11.953827857971191
0.0 12.198430061340332
0.0 13.181417465209961
0.0 13.192523002624512
0.0 13.397909164428711
0.0 13.727195739746094
0.0 13.942008972167969
0.0 14.42844009399414
0.0 16.001625061035156
0.0 16.011539459228516
0.0 16.75661277770996
0.0 16.865320205688477
0.0 17.355152130126953
0.0 18.72900390625
0.0 19.755340576171875
0.0 20.511850357055664
0.0 23.185169219970703
0.0 23.630483627319336
0.0 24.390743255615234
0.0 25.3820743560791
0.0 26.33179473876953
0.0 26.680641174316406
0.0 29.187862396240234
0.0 29.72311782836914
0.0 30.636873245239258
0.0 30.654495239257812
0.0 inf
41.636390686035156 60.484317779541016
38.92129135131836 38.99220657348633
36.333740234375 60.28192901611328
19.48158836364746 23.657541275024414
17.696773529052734 20.79854393005371
17.60344886779785 24.292688369750977
17.338245391845703 18.679988861083984
15.762341499328613 16.55679702758789
15.513249397277832 17.150218963623047
15.272168159484863 17.408992767333984
15.030818939208984 15.209572792053223
14.73527717590332 18.33326530456543
14.623369216918945 16.95147132873535
14.309773445129395 18.523883819580078
13.667491912841797 13.820769309997559
13.633695602416992 14.200796127319336
13.451848030090332 13.689396858215332
13.084301948547363 13.864191055297852
11.995108604431152 13.600778579711914
10.117487907409668 10.637121200561523
10.108412742614746 10.808747291564941
9.837255477905273 10.812691688537598
9.50229263305664 11.413263320922852
9.362948417663574 9.867732048034668
9.30579948425293 10.010818481445312
8.432965278625488 9.855777740478516
7.9874091148376465 10.376381874084473
