0.0 2.4805612564086914
0.0 4.322179317474365
0.0 4.391485214233398
0.0 5.426994800567627
0.0 5.601940155029297
0.0 5.6451640129089355
0.0 5.784780979156494
0.0 5.804756164550781
0.0 6.03917121887207
0.0 6.284923076629639
0.0 6.3314714431762695
0.0 6.728041172027588
0.0 6.730928421020508
0.0 6.803876876831055
0.0 6.843141555786133
0.0 6.988609790802002
0.0 7.293713569641113
0.0 7.371280193328857
0.0 7.4747419357299805
0.0 7.528654098510742
0.0 7.584886074066162
0.0 7.59867525100708
0.0 7.823422431945801
0.0 7.87880277633667
0.0 8.046003341674805
0.0 8.144744873046875
0.0 8.219525337219238
0.0 8.266672134399414
0.0 8.29638671875
0.0 8.43548583984375
0.0 8.516666412353516
0.0 8.521438598632812
0.0 8.5486421585083
0.0 8.776415824890137
0.0 8.788531303405762
0.0 8.814096450805664
0.0 8.846456527709961
0.0 8.90433120727539
0.0 8.955830574035645
0.0 9.189322471618652
0.0 9.327856063842773
0.0 9.391332626342773
0.0 9.851042747497559
0.0 9.98401927947998
0.0 10.039589881896973
0.0 10.259065628051758
0.0 10.272053718566895
0.0 10.317337989807129
0.0 10.391501426696777
0.0 10.803659439086914
0.0 10.903473854064941
0.0 10.91098403930664
0.0 11.089642524719238
0.0 11.78371810913086
0.0 11.89120101928711
0.0 12.051689147949219
0.0 12.137346267700195
0.0 12.627010345458984
0.0 12.764354705810547
0.0 13.088561058044434
0.0 13.14268970489502
0.0 13.493953704833984
0.0 14.67951774597168
0.0 15.474254608154297
0.0 16.789384841918945
0.0 17.857099533081055
0.0 17.980819702148438
0.0 18.519302368164062
0.0 19.6363525390625
0.0 20.608972549438477
0.0 21.178674697875977
0.0 21.87917709350586
0.0 22.81621742248535
0.0 23.71677017211914
0.0 24.811893463134766
0.0 25.098196029663086
0.0 27.24052619934082
0.0 27.441673278808594
0.0 28.53891944885254
0.0 31.061697006225586
0.0 31.458290100097656
0.0 inf
38.014522552490234 61.10132598876953
37.199100494384766 57.93795394897461
32.179771423339844 38.01696014404297
21.721824645996094 27.540199279785156
17.607288360595703 18.347640991210938
16.562435150146484 20.24969482421875
16.349618911743164 16.94951629638672
15.51008415222168 19.848329544067383
14.949957847595215 15.813520431518555
14.626288414001465 16.497156143188477
13.401976585388184 17.108781814575195
11.541510581970215 12.56917667388916
11.189031600952148 13.416728019714355
10.66554069519043 11.509200096130371
10.44886302947998 10.504097938537598
9.521268844604492 12.281179428100586
9.459738731384277 13.355222702026367
8.48138427734375 9.985679626464844
8.442228317260742 10.2708740234375
7.641018867492676 8.471811294555664
