0.0 4.549204349517822
0.0 4.686252117156982
0.0 5.235562801361084
0.0 5.246775150299072
0.0 5.634669303894043
0.0 5.733557224273682
0.0 5.90408182144165
0.0 6.0197248458862305
0.0 6.090725421905518
0.0 6.281467437744141
0.0 6.285390377044678
0.0 6.2933878898620605
0.0 6.345486164093018
0.0 6.463985443115234
0.0 6.646034240722656
0.0 6.709083080291748
0.0 6.814350128173828
0.0 6.934381008148193
0.0 7.17143440246582
0.0 7.270702362060547
0.0 7.338393211364746
0.0 7.36922550201416
0.0 7.478199481964111
0.0 7.505696773529053
0.0 7.623306751251221
0.0 7.694023609161377
0.0 7.723090648651123
0.0 7.7663960456848145
0.0 7.777090072631836
0.0 7.9749040603637695
0.0 8.108758926391602
0.0 8.121298789978027
0.0 8.157747268676758
0.0 8.229835510253906
0.0 8.402344703674316
0.0 8.425333976745605
0.0 8.441802978515625
0.0 8.47054672241211
0.0 8.527263641357422
0.0 8.550985336303711
0.0 8.579206466674805
0.0 8.72192668914795
0.0 8.774407386779785
0.0 8.829169273376465
0.0 8.848795890808105
0.0 8.901789665222168
0.0 8.949641227722168
0.0 9.144576072692871
0.0 9.28214168548584
0.0 9.366443634033203
0.0 9.526001930236816
0.0 9.618917465209961
0.0 10.086999893188477
0.0 10.123723983764648
0.0 10.156296730041504
0.0 10.215662956237793
0.0 10.402608871459961
0.0 11.208471298217773
0.0 11.7673978805542
0.0 12.576522827148438
0.0 13.143610000610352
0.0 13.715188980102539
0.0 13.984834671020508
0.0 14.25612735748291
0.0 16.056970596313477
0.0 16.95009422302246
0.0 17.628829956054688
0.0 17.672473907470703
0.0 18.755319595336914
0.0 20.152681350708008
0.0 20.77809715270996
0.0 21.019330978393555
0.0 21.301509857177734
0.0 21.764389038085938
0.0 25.751176834106445
0.0 28.240005493164062
0.0 28.781944274902344
0.0 28.793638229370117
0.0 28.854705810546875
0.0 31.70639419555664
0.0 32.230743408203125
0.0 inf
57.674564361572266 70.42086791992188
44.04777908325195 44.683021545410156
42.024478912353516 65.82913208007812
36.63435745239258 37.25123596191406
19.1025390625 21.026521682739258
18.86873435974121 25.080551147460938
18.576047897338867 22.41225814819336
13.356510162353516 14.126114845275879
12.430898666381836 13.870553970336914
12.354138374328613 12.544403076171875
11.756033897399902 13.935538291931152
11.3828763961792 13.53999137878418
11.241469383239746 13.54480266571045
10.69179916381836 12.020960807800293
10.339523315429688 10.638199806213379
10.296584129333496 13.054778099060059
9.953654289245605 11.696198463439941
9.781826972961426 11.280192375183105
9.616131782531738 11.163639068603516
9.429970741271973 10.543471336364746
9.241308212280273 9.348664283752441
9.068586349487305 11.422677993774414
8.841802597045898 10.587943077087402
8.790696144104004 9.159222602844238
8.725910186767578 10.869263648986816
8.25865650177002 10.131674766540527
