0.0 1.0628981590270996
0.0 1.0685327053070068
0.0 2.219190835952759
0.0 3.283651113510132
0.0 3.3823845386505127
0.0 5.2076640129089355
0.0 5.284902572631836
0.0 5.510627746582031
0.0 5.630634307861328
0.0 5.646980285644531
0.0 5.988430500030518
0.0 6.155984401702881
0.0 6.305700302124023
0.0 6.382227897644043
0.0 6.450105667114258
0.0 6.607949733734131
0.0 6.72047758102417
0.0 6.728428363800049
0.0 6.764535427093506
0.0 6.813965320587158
0.0 7.300079822540283
0.0 7.365155220031738
0.0 7.427687644958496
0.0 7.46409797668457
0.0 7.485463619232178
0.0 7.534719467163086
0.0 7.579866886138916
0.0 7.690154075622559
0.0 7.696844577789307
0.0 7.704209327697754
0.0 8.039034843444824
0.0 8.045308113098145
0.0 8.092323303222656
0.0 8.178302764892578
0.0 8.274847984313965
0.0 8.373791694641113
0.0 8.37536334991455
0.0 8.41091251373291
0.0 8.414571762084961
0.0 8.441800117492676
0.0 8.455565452575684
0.0 8.505889892578125
0.0 8.546881675720215
0.0 8.555651664733887
0.0 8.58368968963623
0.0 8.64371395111084
0.0 8.655585289001465
0.0 8.659001350402832
0.0 9.220071792602539
0.0 9.26898193359375
0.0 9.934115409851074
0.0 9.957867622375488
0.0 10.409383773803711
0.0 10.439101219177246
0.0 10.774296760559082
0.0 10.969874382019043
0.0 10.977249145507812
0.0 11.383833885192871
0.0 11.860373497009277
0.0 12.310486793518066
0.0 12.45791244506836
0.0 12.76191234588623
0.0 14.240811347961426
0.0 15.77790641784668
0.0 16.07699203491211
0.0 17.759733200073242
0.0 18.599063873291016
0.0 18.731958389282227
0.0 19.50716781616211
0.0 20.903390884399414
0.0 21.89901351928711
0.0 22.42850685119629
0.0 22.780757904052734
0.0 27.456710815429688
0.0 27.69001579284668
0.0 28.32550811767578
0.0 30.595361709594727
0.0 31.725154876708984
0.0 32.7999382019043
0.0 35.058223724365234
0.0 35.25184631347656
0.0 inf
44.903778076171875 45.05895233154297
42.95813751220703 80.39588928222656
41.646121978759766 66.02854919433594
20.3439998626709 25.919042587280273
19.14944839477539 22.886478424072266
17.884462356567383 21.13117218017578
14.707491874694824 14.976432800292969
14.385024070739746 15.674420356750488
13.215548515319824 13.292549133300781
13.025153160095215 14.724496841430664
12.481429100036621 13.664149284362793
10.772848129272461 10.907869338989258
10.676870346069336 12.310845375061035
10.571226119995117 10.598505020141602
10.133962631225586 10.374187469482422
9.824274063110352 10.517927169799805
9.69357967376709 11.164817810058594
9.427046775817871 12.675789833068848
9.255769729614258 11.180099487304688
9.07765007019043 11.41048812866211
8.942059516906738 9.449088096618652
8.853082656860352 9.841967582702637
8.752312660217285 8.969182014465332
8.686180114746094 9.746253967285156
8.630106925964355 10.175326347351074
8.472064018249512 8.541139602661133
8.4718599319458 11.1128568649292
8.465795516967773 9.687731742858887
7.842408180236816 10.071274757385254
