0.0 4.61679220199585
0.0 4.7612786293029785
0.0 5.3211493492126465
0.0 5.359067440032959
0.0 5.387898921966553
0.0 5.55267858505249
0.0 5.746639251708984
0.0 6.296701908111572
0.0 6.319754123687744
0.0 6.336674690246582
0.0 6.485184669494629
0.0 6.586602687835693
0.0 6.769923210144043
0.0 6.784703731536865
0.0 6.902883052825928
0.0 6.956050395965576
0.0 6.978858470916748
0.0 6.98508358001709
0.0 7.041557312011719
0.0 7.124680519104004
0.0 7.191693305969238
0.0 7.208833694458008
0.0 7.314395904541016
0.0 7.374407768249512
0.0 7.3838090896606445
0.0 7.444544315338135
0.0 7.4933271408081055
0.0 7.496847152709961
0.0 7.511882781982422
0.0 7.513718128204346
0.0 7.521753311157227
0.0 7.76180362701416
0.0 7.920982837677002
0.0 7.969482421875
0.0 7.9700140953063965
0.0 8.200028419494629
0.0 8.341439247131348
0.0 8.475970268249512
0.0 8.491374969482422
0.0 8.566919326782227
0.0 8.60898494720459
0.0 8.613456726074219
0.0 8.642593383789062
0.0 8.645687103271484
0.0 8.672001838684082
0.0 8.687509536743164
0.0 8.788652420043945
0.0 8.81845474243164
0.0 8.973164558410645
0.0 9.093859672546387
0.0 9.432099342346191
0.0 9.643980979919434
0.0 9.839029312133789
0.0 10.337573051452637
0.0 10.340495109558105
0.0 10.430832862854004
0.0 11.307912826538086
0.0 12.140461921691895
0.0 12.253908157348633
0.0 12.869193077087402
0.0 12.901070594787598
0.0 13.032920837402344
0.0 13.510332107543945
0.0 13.856589317321777
0.0 16.713972091674805
0.0 17.216394424438477
0.0 17.685340881347656
0.0 18.735109329223633
0.0 19.657712936401367
0.0 19.705917358398438
0.0 19.81371307373047
0.0 19.888431549072266
0.0 19.906810760498047
0.0 22.048839569091797
0.0 24.729291915893555
0.0 26.899337768554688
0.0 28.642683029174805
0.0 29.42473793029785
0.0 29.695106506347656
0.0 33.54353332519531
0.0 37.141361236572266
0.0 inf
59.44623947143555 60.4133186340332
54.064414978027344 57.62311935424805
49.911502838134766 64.52265167236328
49.80582809448242 65.537841796875
36.50697326660156 41.822750091552734
34.3834114074707 34.78261947631836
19.649612426757812 22.591285705566406
18.019107818603516 23.28910255432129
17.82145881652832 21.53316879272461
14.381246566772461 14.764801979064941
11.660473823547363 13.338254928588867
11.591111183166504 12.615558624267578
10.958142280578613 11.870221138000488
10.539626121520996 12.091326713562012
10.212140083312988 10.472445487976074
9.93181324005127 10.998498916625977
9.833072662353516 11.164608001708984
9.804401397705078 10.086219787597656
9.776715278625488 11.11575698852539
9.708559036254883 13.389238357543945
9.591479301452637 9.788382530212402
9.575942039489746 10.571395874023438
9.373842239379883 10.497125625610352
9.286553382873535 11.16631031036377
9.041265487670898 10.961270332336426
8.737335205078125 11.203993797302246
8.7034273147583 11.201802253723145
8.348356246948242 8.891433715820312
8.233080863952637 8.316551208496094
8.135021209716797 10.04947566986084
7.497395038604736 9.210148811340332
7.295922756195068 7.912036895751953
