0.0 2.666877031326294
0.0 3.29790997505188
0.0 4.635141372680664
0.0 5.255025386810303
0.0 5.469825744628906
0.0 5.682116508483887
0.0 5.962882041931152
0.0 5.987266540527344
0.0 6.029726982116699
0.0 6.074431896209717
0.0 6.303757190704346
0.0 6.386077404022217
0.0 6.4905195236206055
0.0 6.616364479064941
0.0 6.637608051300049
0.0 6.654573440551758
0.0 6.922896862030029
0.0 7.003826141357422
0.0 7.127018451690674
0.0 7.128319263458252
0.0 7.170088768005371
0.0 7.300429821014404
0.0 7.308290004730225
0.0 7.359726905822754
0.0 7.4434380531311035
0.0 7.478700160980225
0.0 7.4791998863220215
0.0 7.5321044921875
0.0 7.5542473793029785
0.0 7.591017723083496
0.0 7.616569995880127
0.0 7.650496006011963
0.0 7.668087482452393
0.0 7.773180961608887
0.0 7.797064304351807
0.0 7.91752290725708
0.0 8.15237045288086
0.0 8.18232536315918
0.0 8.285414695739746
0.0 8.393254280090332
0.0 8.438912391662598
0.0 8.45406723022461
0.0 8.555807113647461
0.0 8.591330528259277
0.0 8.635441780090332
0.0 8.776115417480469
0.0 8.778717041015625
0.0 8.994540214538574
0.0 9.029647827148438
0.0 9.452327728271484
0.0 9.63679027557373
0.0 9.965132713317871
0.0 10.67386245727539
0.0 11.03787612915039
0.0 11.151185035705566
0.0 11.626676559448242
0.0 11.97624683380127
0.0 12.20605754852295
0.0 12.273815155029297
0.0 12.55174732208252
0.0 13.090826988220215
0.0 13.145346641540527
0.0 13.696858406066895
0.0 14.625432968139648
0.0 17.98732566833496
0.0 18.396631240844727
0.0 18.51520538330078
0.0 18.786291122436523
0.0 18.820690155029297
0.0 18.922473907470703
0.0 20.543380737304688
0.0 21.086801528930664
0.0 21.338836669921875
0.0 23.286619186401367
0.0 23.91950225830078
0.0 26.758329391479492
0.0 28.646440505981445
0.0 29.230958938598633
0.0 31.956295013427734
0.0 33.32958221435547
0.0 37.11626052856445
0.0 inf
56.394901275634766 62.54315185546875
54.04512405395508 67.19363403320312
42.76097869873047 68.49520111083984
40.03351974487305 41.316001892089844
18.944820404052734 22.744247436523438
18.831554412841797 22.159379959106445
18.761377334594727 21.48766326904297
14.666335105895996 14.6686372756958
13.334092140197754 14.701776504516602
13.005688667297363 13.559405326843262
12.738302230834961 13.906513214111328
10.58582592010498 11.894208908081055
10.273151397705078 10.637470245361328
10.221671104431152 10.612375259399414
10.078094482421875 14.525161743164062
9.995097160339355 10.552322387695312
9.877752304077148 12.617265701293945
9.839543342590332 11.23648452758789
9.451510429382324 10.547609329223633
9.404379844665527 11.532991409301758
9.176770210266113 10.79415225982666
9.160860061645508 10.315122604370117
9.114131927490234 9.937782287597656
8.947834968566895 9.888688087463379
8.687743186950684 8.69443130493164
8.614253044128418 10.666522026062012
8.522068977355957 9.790103912353516
8.327271461486816 8.984282493591309
7.748106002807617 8.597491264343262
