0.0 2.365612030029297
0.0 3.824693441390991
0.0 4.22176456451416
0.0 4.437526702880859
0.0 4.598776340484619
0.0 5.0310564041137695
0.0 5.275023937225342
0.0 5.399232864379883
0.0 5.703561782836914
0.0 5.9040703773498535
0.0 6.356407165527344
0.0 6.357325077056885
0.0 6.632071495056152
0.0 6.858255386352539
0.0 7.051070690155029
0.0 7.1300506591796875
0.0 7.363485813140869
0.0 7.40824031829834
0.0 7.444801330566406
0.0 7.445361137390137
0.0 7.48087739944458
0.0 7.5255255699157715
0.0 7.529221057891846
0.0 7.565370082855225
0.0 7.574705123901367
0.0 7.581150054931641
0.0 7.791482925415039
0.0 7.929844379425049
0.0 8.180052757263184
0.0 8.248387336730957
0.0 8.296531677246094
0.0 8.374497413635254
0.0 8.398386001586914
0.0 8.422012329101562
0.0 8.4734468460083
0.0 8.47740364074707
0.0 8.526800155639648
0.0 8.621261596679688
0.0 8.63217544555664
0.0 8.861129760742188
0.0 8.885774612426758
0.0 9.049215316772461
0.0 9.282655715942383
0.0 9.38541030883789
0.0 9.407238960266113
0.0 9.543266296386719
0.0 9.564495086669922
0.0 9.691743850708008
0.0 9.882279396057129
0.0 9.953017234802246
0.0 10.378328323364258
0.0 10.479142189025879
0.0 10.509576797485352
0.0 11.039839744567871
0.0 11.494397163391113
0.0 11.495054244995117
0.0 12.362712860107422
0.0 12.945907592773438
0.0 13.17856216430664
0.0 13.270196914672852
0.0 13.4323091506958
0.0 13.620182037353516
0.0 14.139055252075195
0.0 15.257821083068848
0.0 15.752595901489258
0.0 15.99862003326416
0.0 17.41980743408203
0.0 17.493995666503906
0.0 19.3011531829834
0.0 19.44049835205078
0.0 19.89962387084961
0.0 20.704557418823242
0.0 23.163116455078125
0.0 23.687637329101562
0.0 24.749042510986328
0.0 26.087812423706055
0.0 26.724750518798828
0.0 26.765901565551758
0.0 28.89404296875
0.0 31.546066284179688
0.0 31.82537078857422
0.0 inf
55.29444122314453 55.811275482177734
50.80294418334961 63.5768928527832
36.58418655395508 57.84239196777344
19.66208267211914 21.10154914855957
19.520183563232422 23.25621795654297
17.575838088989258 24.27073097229004
17.25946617126465 19.063945770263672
15.872543334960938 17.261167526245117
14.683777809143066 17.169315338134766
14.668316841125488 16.842273712158203
14.45832633972168 15.10275650024414
14.301464080810547 14.43976879119873
13.916191101074219 15.001908302307129
12.972661972045898 13.601441383361816
11.914168357849121 13.076435089111328
11.298065185546875 11.880824089050293
10.651833534240723 14.651437759399414
10.615039825439453 12.75256633758545
10.476038932800293 11.881131172180176
10.178278923034668 10.537735939025879
9.489157676696777 11.24853801727295
9.408905029296875 10.805402755737305
8.721590042114258 9.954047203063965
8.667301177978516 10.380318641662598
8.516371726989746 10.428230285644531
8.31560230255127 9.114603996276855
7.809675693511963 10.552862167358398
