0.0 1.2564908266067505
0.0 1.2688310146331787
0.0 1.3694803714752197
0.0 4.273337364196777
0.0 4.384056568145752
0.0 5.329977512359619
0.0 5.350822448730469
0.0 5.362950325012207
0.0 5.38004732131958
0.0 6.074062824249268
0.0 6.2913336753845215
0.0 6.30587911605835
0.0 6.427124500274658
0.0 6.440349102020264
0.0 6.472269058227539
0.0 6.523516654968262
0.0 6.539291858673096
0.0 6.54959774017334
0.0 6.6177568435668945
0.0 6.627528667449951
0.0 6.675000190734863
0.0 6.708785057067871
0.0 6.754976272583008
0.0 6.842827320098877
0.0 6.920005798339844
0.0 6.980157852172852
0.0 6.988097667694092
0.0 7.023740291595459
0.0 7.3648881912231445
0.0 7.413863658905029
0.0 7.461009979248047
0.0 7.475884914398193
0.0 7.500258922576904
0.0 7.520930290222168
0.0 7.531509876251221
0.0 7.632131099700928
0.0 7.645912170410156
0.0 7.931178569793701
0.0 8.326358795166016
0.0 8.418180465698242
0.0 8.496487617492676
0.0 8.562451362609863
0.0 8.603034973144531
0.0 8.636555671691895
0.0 8.76919174194336
0.0 8.804398536682129
0.0 9.0224609375
0.0 9.054195404052734
0.0 9.061186790466309
0.0 9.450826644897461
0.0 9.695667266845703
0.0 9.878182411193848
0.0 10.030054092407227
0.0 10.35742473602295
0.0 10.548039436340332
0.0 10.787702560424805
0.0 12.180468559265137
0.0 12.46759033203125
0.0 13.185583114624023
0.0 13.497446060180664
0.0 13.796401977539062
0.0 14.244668960571289
0.0 14.753155708312988
0.0 15.368210792541504
0.0 15.389506340026855
0.0 16.511825561523438
0.0 16.611085891723633
0.0 17.789546966552734
0.0 19.430744171142578
0.0 19.94051170349121
0.0 19.998214721679688
0.0 21.348560333251953
0.0 22.03804588317871
0.0 22.100156784057617
0.0 24.705455780029297
0.0 26.735872268676758
0.0 27.763051986694336
0.0 29.95805549621582
0.0 30.027788162231445
0.0 31.66880226135254
0.0 39.06484603881836
0.0 inf
59.35963439941406 60.651676177978516
50.163516998291016 54.069580078125
47.706722259521484 65.34008026123047
47.51336669921875 66.01873779296875
37.81901931762695 41.63622283935547
20.711091995239258 23.93285369873047
19.315298080444336 21.57943344116211
18.022512435913086 20.57019805908203
14.345751762390137 15.19997501373291
13.820209503173828 14.65184497833252
12.273143768310547 13.349123001098633
10.709073066711426 10.902450561523438
10.001976013183594 12.218827247619629
9.919747352600098 11.227938652038574
9.90626335144043 10.351302146911621
9.848771095275879 11.687116622924805
9.593831062316895 10.778936386108398
9.583176612854004 13.196998596191406
9.205388069152832 10.334572792053223
8.695305824279785 10.568187713623047
8.629775047302246 10.562113761901855
8.607028007507324 10.509408950805664
7.760061740875244 7.837417125701904
7.659442901611328 8.053585052490234
7.30790376663208 7.340796947479248
7.29392147064209 8.649744033813477
