0.0 1.3714748620986938
0.0 1.448997974395752
0.0 1.4520111083984375
0.0 3.854163646697998
0.0 4.7547454833984375
0.0 4.872781276702881
0.0 4.956552028656006
0.0 5.217947483062744
0.0 5.221102714538574
0.0 5.434342861175537
0.0 5.446086883544922
0.0 5.696235656738281
0.0 6.0365142822265625
0.0 6.394956111907959
0.0 6.402526378631592
0.0 6.435079097747803
0.0 6.455718994140625
0.0 6.562281608581543
0.0 6.710449695587158
0.0 6.719975471496582
0.0 6.805071830749512
0.0 6.841336727142334
0.0 7.009224891662598
0.0 7.0987396240234375
0.0 7.232603073120117
0.0 7.304442405700684
0.0 7.426939964294434
0.0 7.450645923614502
0.0 7.458466053009033
0.0 7.558673858642578
0.0 7.5591721534729
0.0 7.610568046569824
0.0 7.638007164001465
0.0 7.6888203620910645
0.0 7.928821086883545
0.0 7.940196514129639
0.0 8.10224437713623
0.0 8.108604431152344
0.0 8.415884017944336
0.0 8.569270133972168
0.0 8.706927299499512
0.0 8.746081352233887
0.0 8.918999671936035
0.0 8.99803638458252
0.0 9.042104721069336
0.0 9.342870712280273
0.0 9.399641036987305
0.0 9.471366882324219
0.0 9.718890190124512
0.0 10.194979667663574
0.0 10.276302337646484
0.0 10.652166366577148
0.0 10.725878715515137
0.0 10.738532066345215
0.0 10.8865966796875
0.0 11.059911727905273
0.0 12.664297103881836
0.0 12.985848426818848
0.0 13.761932373046875
0.0 13.921070098876953
0.0 14.03432559967041
0.0 14.216838836669922
0.0 14.57125186920166
0.0 15.530611038208008
0.0 16.3787841796875
0.0 16.452491760253906
0.0 16.708038330078125
0.0 20.67755699157715
0.0 21.650840759277344
0.0 21.684831619262695
0.0 22.67624855041504
0.0 22.719877243041992
0.0 23.556781768798828
0.0 23.856773376464844
0.0 24.388025283813477
0.0 25.150981903076172
0.0 25.50806427001953
0.0 26.269018173217773
0.0 27.515121459960938
0.0 29.045663833618164
0.0 33.570220947265625
0.0 inf
42.62139129638672 43.969478607177734
40.043025970458984 60.915306091308594
37.1346321105957 38.548526763916016
35.40302276611328 61.38166046142578
31.941287994384766 35.4484977722168
22.163021087646484 22.549175262451172
20.606019973754883 24.404470443725586
18.48311996459961 21.590652465820312
17.558855056762695 22.214797973632812
15.284477233886719 16.94145393371582
14.217730522155762 17.029932022094727
11.659010887145996 12.670089721679688
11.259123802185059 12.568286895751953
11.138461112976074 12.31505012512207
10.2282075881958 10.800873756408691
10.086906433105469 10.365777969360352
9.521347045898438 12.568273544311523
9.460916519165039 10.27663803100586
9.287640571594238 11.725406646728516
9.284515380859375 12.404925346374512
8.210565567016602 9.576568603515625
8.003031730651855 9.521454811096191
7.658902645111084 8.77911376953125
