0.0 3.83427095413208
0.0 4.273453235626221
0.0 4.345968723297119
0.0 4.629430294036865
0.0 4.796391010284424
0.0 5.400778293609619
0.0 5.866531848907471
0.0 6.266685485839844
0.0 6.343698978424072
0.0 6.401642799377441
0.0 6.42215633392334
0.0 6.5013556480407715
0.0 6.645627021789551
0.0 6.978741645812988
0.0 7.586613655090332
0.0 7.643115520477295
0.0 7.7367048263549805
0.0 7.8875908851623535
0.0 8.009923934936523
0.0 8.045744895935059
0.0 8.213401794433594
0.0 8.323447227478027
0.0 8.33148193359375
0.0 8.417919158935547
0.0 8.427207946777344
0.0 8.481223106384277
0.0 8.499004364013672
0.0 8.586165428161621
0.0 8.597726821899414
0.0 8.692164421081543
0.0 8.777853965759277
0.0 8.925263404846191
0.0 8.966407775878906
0.0 9.130619049072266
0.0 9.1967134475708
0.0 9.261143684387207
0.0 9.332009315490723
0.0 9.363781929016113
0.0 9.460854530334473
0.0 9.598318099975586
0.0 9.700846672058105
0.0 9.77685546875
0.0 9.891901969909668
0.0 10.01451301574707
0.0 10.480628967285156
0.0 10.50482177734375
0.0 10.516287803649902
0.0 10.570785522460938
0.0 10.911881446838379
0.0 11.225320816040039
0.0 11.485936164855957
0.0 11.7977933883667
0.0 11.831244468688965
0.0 11.847661972045898
0.0 12.072888374328613
0.0 12.196269035339355
0.0 12.630731582641602
0.0 12.885011672973633
0.0 13.30745792388916
0.0 14.110538482666016
0.0 14.389803886413574
0.0 14.646002769470215
0.0 15.072892189025879
0.0 15.223319053649902
0.0 15.2337064743042
0.0 15.42288589477539
0.0 16.459251403808594
0.0 16.472087860107422
0.0 18.045509338378906
0.0 18.233415603637695
0.0 18.948701858520508
0.0 21.210853576660156
0.0 22.18730354309082
0.0 26.313312530517578
0.0 27.300918579101562
0.0 29.19464111328125
0.0 29.889863967895508
0.0 29.92034339904785
0.0 30.308706283569336
0.0 31.897743225097656
0.0 33.6969108581543
0.0 inf
56.16975021362305 60.045040130615234
55.74991226196289 60.292640686035156
52.20001220703125 66.53124237060547
48.861270904541016 64.70515441894531
19.921987533569336 23.215965270996094
18.452102661132812 19.326961517333984
17.73528289794922 21.9191837310791
17.336505889892578 22.66963768005371
15.938552856445312 16.752429962158203
15.205930709838867 16.53055191040039
15.089818000793457 15.989221572875977
14.872714042663574 15.929344177246094
13.925872802734375 16.88667869567871
13.613553047180176 14.17326545715332
12.948902130126953 14.31690502166748
11.650197982788086 13.806839942932129
10.936013221740723 13.340372085571289
10.845873832702637 14.745327949523926
9.979110717773438 10.566024780273438
9.670866966247559 11.192658424377441
9.598092079162598 10.23275089263916
9.449311256408691 11.709251403808594
8.252861976623535 9.186901092529297
8.232481002807617 10.312886238098145
8.027087211608887 9.128852844238281
