0.0 1.1481411457061768
0.0 1.1519443988800049
0.0 1.1783760786056519
0.0 3.5316154956817627
0.0 5.341452598571777
0.0 5.408894062042236
0.0 5.660129070281982
0.0 5.933491230010986
0.0 5.98168420791626
0.0 6.059902667999268
0.0 6.10510778427124
0.0 6.21914005279541
0.0 6.286583423614502
0.0 6.347774982452393
0.0 6.64328670501709
0.0 6.650730609893799
0.0 6.734106063842773
0.0 6.749249458312988
0.0 6.831599235534668
0.0 6.966409206390381
0.0 7.06594705581665
0.0 7.226485729217529
0.0 7.230808734893799
0.0 7.430266380310059
0.0 7.4350810050964355
0.0 7.493382453918457
0.0 7.511951446533203
0.0 7.572151184082031
0.0 7.603053569793701
0.0 7.611100673675537
0.0 7.629268646240234
0.0 7.642863750457764
0.0 7.657045841217041
0.0 7.714907169342041
0.0 7.853638648986816
0.0 7.979613304138184
0.0 8.056835174560547
0.0 8.41867733001709
0.0 8.425006866455078
0.0 8.526918411254883
0.0 8.528374671936035
0.0 8.617636680603027
0.0 8.685705184936523
0.0 8.728819847106934
0.0 8.735203742980957
0.0 8.746853828430176
0.0 8.824646949768066
0.0 8.88866138458252
0.0 8.996009826660156
0.0 9.080567359924316
0.0 9.113621711730957
0.0 9.223422050476074
0.0 9.406291961669922
0.0 9.726248741149902
0.0 10.154533386230469
0.0 11.390359878540039
0.0 12.216845512390137
0.0 12.46003246307373
0.0 13.218348503112793
0.0 13.940826416015625
0.0 14.051027297973633
0.0 15.224095344543457
0.0 15.642969131469727
0.0 15.841426849365234
0.0 16.51508140563965
0.0 16.544719696044922
0.0 18.057472229003906
0.0 19.091060638427734
0.0 19.87338638305664
0.0 20.107145309448242
0.0 20.449106216430664
0.0 20.89860725402832
0.0 21.248607635498047
0.0 23.785890579223633
0.0 24.43549346923828
0.0 26.724964141845703
0.0 28.76580810546875
0.0 29.93321990966797
0.0 30.2098445892334
0.0 31.61343765258789
0.0 33.3250617980957
0.0 inf
53.5053825378418 60.36037826538086
52.74330139160156 65.20208740234375
45.49986267089844 70.50213623046875
20.344926834106445 22.43610954284668
18.045761108398438 21.872037887573242
17.85391616821289 21.61081886291504
13.603655815124512 13.640806198120117
12.53268051147461 13.522307395935059
11.273393630981445 11.392866134643555
11.241435050964355 11.941543579101562
10.757757186889648 12.076775550842285
10.752467155456543 11.219459533691406
10.428083419799805 12.287458419799805
9.805919647216797 12.255746841430664
9.594758033752441 9.652609825134277
9.594472885131836 11.25027847290039
9.579495429992676 13.373185157775879
9.560613632202148 10.779138565063477
9.352590560913086 10.246832847595215
9.348614692687988 12.158675193786621
9.136401176452637 12.769224166870117
9.028956413269043 9.853816986083984
8.712071418762207 9.583642959594727
8.352056503295898 8.367886543273926
8.350383758544922 9.235614776611328
7.6841816902160645 8.977949142456055
