0.0 3.978419065475464
0.0 4.293111801147461
0.0 4.354084014892578
0.0 4.526893138885498
0.0 4.930001258850098
0.0 5.195082664489746
0.0 5.291205406188965
0.0 5.294872283935547
0.0 5.6639299392700195
0.0 6.389770984649658
0.0 6.572289943695068
0.0 6.773248195648193
0.0 7.088380813598633
0.0 7.282646179199219
0.0 7.434132099151611
0.0 7.460033893585205
0.0 7.461036205291748
0.0 7.494447231292725
0.0 7.567576885223389
0.0 7.614737033843994
0.0 7.761559009552002
0.0 7.7851080894470215
0.0 7.855932712554932
0.0 7.91425085067749
0.0 7.976356506347656
0.0 8.30541706085205
0.0 8.334238052368164
0.0 8.339033126831055
0.0 8.403560638427734
0.0 8.449721336364746
0.0 8.555974006652832
0.0 8.56029224395752
0.0 8.681124687194824
0.0 8.821990966796875
0.0 8.987537384033203
0.0 9.300966262817383
0.0 9.359029769897461
0.0 9.36048698425293
0.0 9.369869232177734
0.0 9.476826667785645
0.0 9.570107460021973
0.0 9.629446029663086
0.0 9.714183807373047
0.0 9.81367301940918
0.0 9.852099418640137
0.0 10.2042236328125
0.0 10.23022174835205
0.0 10.656744956970215
0.0 11.01146125793457
0.0 11.131031036376953
0.0 11.159794807434082
0.0 11.44238567352295
0.0 12.050870895385742
0.0 12.127602577209473
0.0 12.170761108398438
0.0 12.623716354370117
0.0 13.22282886505127
0.0 13.225323677062988
0.0 13.372485160827637
0.0 13.684127807617188
0.0 13.869535446166992
0.0 14.202973365783691
0.0 14.496553421020508
0.0 14.945662498474121
0.0 15.432796478271484
0.0 16.51129150390625
0.0 16.746435165405273
0.0 16.89791488647461
0.0 17.1473388671875
0.0 17.6651554107666
0.0 18.723661422729492
0.0 20.096086502075195
0.0 20.661840438842773
0.0 25.075138092041016
0.0 25.842723846435547
0.0 27.27097511291504
0.0 28.793533325195312
0.0 29.10873031616211
0.0 29.159578323364258
0.0 31.152118682861328
0.0 35.73213577270508
0.0 inf
51.92139434814453 57.739227294921875
51.85108184814453 55.96332550048828
45.93952178955078 63.79140090942383
45.7447624206543 64.0140609741211
18.56048011779785 22.97921371459961
17.40473175048828 22.532787322998047
17.05521583557129 18.156949996948242
16.931249618530273 17.965299606323242
16.531763076782227 19.8455867767334
16.250337600708008 19.079843521118164
14.764104843139648 14.928929328918457
14.751982688903809 16.62611198425293
14.155646324157715 15.236845970153809
13.64795207977295 14.650538444519043
13.478048324584961 14.683594703674316
13.27545166015625 15.112005233764648
11.597804069519043 11.660802841186523
10.478772163391113 13.275851249694824
9.845514297485352 11.7240571975708
9.597663879394531 11.383758544921875
9.520040512084961 11.979275703430176
9.448817253112793 12.056361198425293
9.314278602600098 10.190032958984375
9.100242614746094 10.901259422302246
9.05257511138916 9.725688934326172
9.001331329345703 10.246383666992188
8.838851928710938 11.206912994384766
8.133899688720703 9.162962913513184
7.9284348487854 9.156133651733398
