0.0 1.2900166511535645
0.0 1.3463644981384277
0.0 1.931637167930603
0.0 4.542757987976074
0.0 4.942686080932617
0.0 5.337122440338135
0.0 5.37617301940918
0.0 5.4929680824279785
0.0 5.824324131011963
0.0 5.9801716804504395
0.0 6.061100959777832
0.0 6.092257976531982
0.0 6.292774200439453
0.0 6.355156898498535
0.0 6.3810272216796875
0.0 6.388092041015625
0.0 6.390766620635986
0.0 6.396701812744141
0.0 6.42802619934082
0.0 6.530539512634277
0.0 6.640854835510254
0.0 6.6754326820373535
0.0 6.685421466827393
0.0 6.85394287109375
0.0 7.148251056671143
0.0 7.297368049621582
0.0 7.326453685760498
0.0 7.3825297355651855
0.0 7.538186073303223
0.0 7.623171806335449
0.0 7.630885124206543
0.0 7.640055179595947
0.0 7.726468086242676
0.0 7.796571731567383
0.0 7.953629016876221
0.0 7.965819835662842
0.0 8.039078712463379
0.0 8.096388816833496
0.0 8.121129035949707
0.0 8.184101104736328
0.0 8.31938648223877
0.0 8.471517562866211
0.0 8.490015029907227
0.0 8.503031730651855
0.0 8.536258697509766
0.0 8.716581344604492
0.0 8.864835739135742
0.0 9.032279968261719
0.0 9.161670684814453
0.0 9.5552978515625
0.0 9.591597557067871
0.0 9.929596900939941
0.0 9.94304370880127
0.0 10.202588081359863
0.0 11.027904510498047
0.0 11.726268768310547
0.0 11.914559364318848
0.0 12.64315128326416
0.0 13.010383605957031
0.0 13.07380485534668
0.0 13.622127532958984
0.0 13.983640670776367
0.0 14.98629093170166
0.0 15.042655944824219
0.0 16.33954429626465
0.0 17.627962112426758
0.0 17.697467803955078
0.0 17.80678367614746
0.0 19.28119659423828
0.0 19.915315628051758
0.0 20.243106842041016
0.0 20.954599380493164
0.0 21.004398345947266
0.0 24.341415405273438
0.0 25.752147674560547
0.0 26.960756301879883
0.0 29.780597686767578
0.0 29.92519187927246
0.0 31.70318031311035
0.0 31.774288177490234
0.0 37.26832580566406
0.0 inf
57.00428009033203 60.067039489746094
51.838218688964844 65.56523895263672
50.13930130004883 53.78256607055664
47.52054214477539 65.09728240966797
40.31180191040039 41.89558029174805
21.051822662353516 23.29456329345703
18.972814559936523 22.588499069213867
18.12041473388672 18.615222930908203
17.787073135375977 21.884382247924805
13.47667121887207 13.5933256149292
13.093709945678711 13.569422721862793
12.230971336364746 13.458597183227539
10.452142715454102 11.307998657226562
10.062132835388184 12.888091087341309
9.899493217468262 10.486052513122559
9.883943557739258 11.39509105682373
9.874557495117188 10.935311317443848
9.784117698669434 11.02680492401123
9.634053230285645 11.219152450561523
9.60844898223877 10.465143203735352
9.564611434936523 9.892131805419922
9.549463272094727 11.301728248596191
9.476225852966309 13.312284469604492
8.98957633972168 11.258947372436523
8.71713924407959 9.541338920593262
8.61166000366211 10.012301445007324
8.328346252441406 8.362278938293457
8.325636863708496 8.510881423950195
8.19378662109375 9.321000099182129
7.604180335998535 8.633718490600586
6.773140907287598 7.064304828643799
