0.0 1.0379990339279175
0.0 1.0393569469451904
0.0 1.0943371057510376
0.0 4.07181978225708
0.0 4.384551525115967
0.0 4.406076908111572
0.0 4.96898889541626
0.0 5.294966220855713
0.0 5.689774990081787
0.0 5.705364227294922
0.0 5.721062660217285
0.0 5.970850467681885
0.0 6.251598834991455
0.0 6.273763179779053
0.0 6.302845001220703
0.0 6.512246131896973
0.0 6.526360988616943
0.0 6.526854991912842
0.0 6.907894611358643
0.0 6.930866718292236
0.0 7.154387950897217
0.0 7.2184929847717285
0.0 7.227386951446533
0.0 7.272948741912842
0.0 7.287564754486084
0.0 7.311036109924316
0.0 7.386185646057129
0.0 7.442929267883301
0.0 7.47973108291626
0.0 7.511199474334717
0.0 7.876406669616699
0.0 7.89425802230835
0.0 7.985871315002441
0.0 8.197957038879395
0.0 8.355790138244629
0.0 8.39408016204834
0.0 8.410439491271973
0.0 8.432278633117676
0.0 8.48666000366211
0.0 8.621471405029297
0.0 8.652105331420898
0.0 8.699762344360352
0.0 8.816762924194336
0.0 8.867392539978027
0.0 8.927352905273438
0.0 9.025720596313477
0.0 9.047228813171387
0.0 9.949949264526367
0.0 10.251740455627441
0.0 10.335448265075684
0.0 10.530138969421387
0.0 11.002705574035645
0.0 11.012370109558105
0.0 11.0554838180542
0.0 11.362479209899902
0.0 11.474652290344238
0.0 12.572347640991211
0.0 12.8084716796875
0.0 13.343433380126953
0.0 13.788215637207031
0.0 14.38128662109375
0.0 14.456430435180664
0.0 14.698748588562012
0.0 14.971933364868164
0.0 15.328326225280762
0.0 16.383399963378906
0.0 16.394018173217773
0.0 18.077346801757812
0.0 20.69011878967285
0.0 21.02826690673828
0.0 22.619104385375977
0.0 22.909915924072266
0.0 23.024076461791992
0.0 23.50919532775879
0.0 23.66509246826172
0.0 25.375730514526367
0.0 25.640775680541992
0.0 25.71335792541504
0.0 26.91011619567871
0.0 27.334421157836914
0.0 33.951839447021484
0.0 inf
44.704036712646484 45.563228607177734
41.39409255981445 62.40983581542969
35.89235305786133 65.89127349853516
33.57817840576172 38.06364822387695
31.63796615600586 35.7427864074707
18.975107192993164 24.844776153564453
18.510610580444336 21.63045310974121
18.37145233154297 22.65169906616211
16.282997131347656 16.75357437133789
15.790044784545898 17.422487258911133
15.123309135437012 17.870805740356445
12.006147384643555 12.015969276428223
11.921263694763184 14.201751708984375
11.634501457214355 12.512925148010254
11.54422378540039 12.778308868408203
11.538466453552246 13.345206260681152
11.069293975830078 11.222634315490723
10.618268966674805 12.850957870483398
9.693013191223145 12.556783676147461
9.361254692077637 14.375420570373535
9.18019962310791 9.589635848999023
8.58932876586914 10.0574951171875
7.949527740478516 8.226031303405762
7.5361151695251465 8.87768840789795
