0.0 4.278420925140381
0.0 4.280261516571045
0.0 4.461154937744141
0.0 5.266979217529297
0.0 5.325577259063721
0.0 5.352214813232422
0.0 5.6004509925842285
0.0 6.040057182312012
0.0 6.319962024688721
0.0 6.384985446929932
0.0 6.521694183349609
0.0 6.525890350341797
0.0 6.733896255493164
0.0 7.32755184173584
0.0 7.553908348083496
0.0 7.629217624664307
0.0 7.760000228881836
0.0 7.923233985900879
0.0 7.937321662902832
0.0 8.096400260925293
0.0 8.113349914550781
0.0 8.30089282989502
0.0 8.385390281677246
0.0 8.398297309875488
0.0 8.405683517456055
0.0 8.472041130065918
0.0 8.488160133361816
0.0 8.495194435119629
0.0 8.498379707336426
0.0 8.510985374450684
0.0 8.517712593078613
0.0 8.573996543884277
0.0 8.664627075195312
0.0 8.867469787597656
0.0 9.03618335723877
0.0 9.227738380432129
0.0 9.334465980529785
0.0 9.390464782714844
0.0 9.433014869689941
0.0 9.592193603515625
0.0 9.614723205566406
0.0 9.614744186401367
0.0 9.864483833312988
0.0 9.881673812866211
0.0 10.0191650390625
0.0 10.204177856445312
0.0 10.57612133026123
0.0 10.672286987304688
0.0 10.702872276306152
0.0 10.80431842803955
0.0 11.10503101348877
0.0 11.226451873779297
0.0 11.38493824005127
0.0 12.01280689239502
0.0 12.306657791137695
0.0 12.313743591308594
0.0 12.406824111938477
0.0 12.57624340057373
0.0 13.148355484008789
0.0 13.16292667388916
0.0 13.78388786315918
0.0 14.084854125976562
0.0 14.157153129577637
0.0 14.569110870361328
0.0 14.92428970336914
0.0 15.455507278442383
0.0 16.38576316833496
0.0 16.61112403869629
0.0 17.264623641967773
0.0 18.193824768066406
0.0 18.741619110107422
0.0 19.330265045166016
0.0 19.460405349731445
0.0 25.923192977905273
0.0 26.35426902770996
0.0 27.262468338012695
0.0 28.793212890625
0.0 28.81795883178711
0.0 28.98088836669922
0.0 29.566295623779297
0.0 40.288997650146484
0.0 inf
52.19289779663086 59.35957717895508
51.712890625 60.29106521606445
44.69157409667969 63.99606704711914
43.13203811645508 61.56962966918945
35.55387878417969 37.75619888305664
18.575929641723633 22.980295181274414
17.595138549804688 22.152145385742188
16.54091453552246 19.884912490844727
16.08401107788086 17.139408111572266
15.694592475891113 18.4331111907959
15.030660629272461 16.47517204284668
14.911659240722656 14.949881553649902
14.768427848815918 16.481725692749023
14.443435668945312 14.513558387756348
13.360566139221191 14.782745361328125
12.207093238830566 15.186418533325195
11.668497085571289 13.878216743469238
10.804061889648438 12.895771026611328
10.529256820678711 12.322447776794434
10.474095344543457 12.263694763183594
10.44890022277832 13.28898811340332
9.693631172180176 12.640483856201172
9.471501350402832 13.258124351501465
9.345762252807617 11.692145347595215
9.343291282653809 10.048126220703125
9.324814796447754 10.818695068359375
9.08258056640625 10.827666282653809
8.715156555175781 9.178163528442383
8.60177993774414 10.386740684509277
8.136527061462402 9.123889923095703
