0.0 3.3470513820648193
0.0 4.218384742736816
0.0 4.3382039070129395
0.0 4.4899396896362305
0.0 4.499528884887695
0.0 4.833235740661621
0.0 5.274618625640869
0.0 5.97452974319458
0.0 6.256819725036621
0.0 6.259771823883057
0.0 6.268689155578613
0.0 6.305825710296631
0.0 6.382853984832764
0.0 6.416740417480469
0.0 6.637080669403076
0.0 6.925291538238525
0.0 6.975571632385254
0.0 7.032965183258057
0.0 7.270719528198242
0.0 7.383845806121826
0.0 7.386627674102783
0.0 7.448655128479004
0.0 7.555899143218994
0.0 7.619662284851074
0.0 7.685754299163818
0.0 7.966604709625244
0.0 8.01154899597168
0.0 8.301937103271484
0.0 8.315292358398438
0.0 8.3489351272583
0.0 8.367403984069824
0.0 8.408732414245605
0.0 8.453959465026855
0.0 8.477108001708984
0.0 8.53150463104248
0.0 8.59097671508789
0.0 8.66793155670166
0.0 8.685781478881836
0.0 8.688481330871582
0.0 9.096035957336426
0.0 9.151732444763184
0.0 9.356400489807129
0.0 9.366485595703125
0.0 9.582469940185547
0.0 9.66639518737793
0.0 9.858877182006836
0.0 10.134711265563965
0.0 10.528278350830078
0.0 10.713647842407227
0.0 10.917838096618652
0.0 10.98798656463623
0.0 11.468876838684082
0.0 11.491378784179688
0.0 11.723451614379883
0.0 11.891980171203613
0.0 12.033218383789062
0.0 12.197996139526367
0.0 12.222591400146484
0.0 13.022933959960938
0.0 13.175199508666992
0.0 14.022309303283691
0.0 14.43982982635498
0.0 14.768426895141602
0.0 16.003498077392578
0.0 16.035057067871094
0.0 16.20404052734375
0.0 17.255550384521484
0.0 18.406158447265625
0.0 18.689956665039062
0.0 19.858091354370117
0.0 20.392091751098633
0.0 22.452659606933594
0.0 23.255027770996094
0.0 23.917037963867188
0.0 25.403764724731445
0.0 25.52275276184082
0.0 26.476970672607422
0.0 29.4824275970459
0.0 30.290130615234375
0.0 30.3903865814209
0.0 31.027002334594727
0.0 inf
49.700355529785156 51.72805404663086
45.17588806152344 60.82246780395508
36.116783142089844 58.68144989013672
19.47785758972168 23.68545913696289
17.73444175720215 20.834264755249023
17.60230255126953 24.303020477294922
17.37763214111328 18.595823287963867
16.019472122192383 18.248865127563477
14.91478157043457 18.143535614013672
14.845418930053711 18.294599533081055
14.725181579589844 17.82194709777832
14.53579044342041 16.817617416381836
14.519139289855957 15.995567321777344
14.074843406677246 14.156279563903809
13.66981029510498 13.941505432128906
13.078131675720215 13.905782699584961
12.373847961425781 12.75309944152832
11.886518478393555 13.592597007751465
10.131919860839844 10.63499927520752
10.102300643920898 10.855939865112305
9.930891990661621 10.872709274291992
9.424590110778809 11.320305824279785
9.369362831115723 10.652985572814941
8.87663459777832 10.588122367858887
8.419544219970703 10.374673843383789
7.629878520965576 10.536351203918457
