0.0 1.2767176628112793
0.0 1.3078988790512085
0.0 2.8144311904907227
0.0 3.478965997695923
0.0 3.50349497795105
0.0 3.774075984954834
0.0 4.511731147766113
0.0 4.610546112060547
0.0 4.812185287475586
0.0 5.594628810882568
0.0 5.599798679351807
0.0 5.64400053024292
0.0 6.055992126464844
0.0 6.065646648406982
0.0 6.308309078216553
0.0 6.343090057373047
0.0 6.369869709014893
0.0 6.403656005859375
0.0 6.510860919952393
0.0 6.674243927001953
0.0 6.844361305236816
0.0 7.368948459625244
0.0 7.38870906829834
0.0 7.560781478881836
0.0 7.618463516235352
0.0 7.62648868560791
0.0 7.633881092071533
0.0 7.679086208343506
0.0 7.730551719665527
0.0 7.881816387176514
0.0 7.92257022857666
0.0 8.135281562805176
0.0 8.229345321655273
0.0 8.274707794189453
0.0 8.38691234588623
0.0 8.545027732849121
0.0 8.562262535095215
0.0 8.574027061462402
0.0 8.6195707321167
0.0 8.66008472442627
0.0 8.766563415527344
0.0 8.78719711303711
0.0 8.95484733581543
0.0 9.161555290222168
0.0 9.17922306060791
0.0 9.186290740966797
0.0 9.256219863891602
0.0 9.256670951843262
0.0 9.258599281311035
0.0 9.832315444946289
0.0 10.213288307189941
0.0 10.240438461303711
0.0 10.260883331298828
0.0 10.459528923034668
0.0 10.53207778930664
0.0 10.839844703674316
0.0 11.906047821044922
0.0 11.968700408935547
0.0 12.551050186157227
0.0 12.636080741882324
0.0 13.044840812683105
0.0 13.91711711883545
0.0 14.083283424377441
0.0 15.219156265258789
0.0 16.62067985534668
0.0 17.61417007446289
0.0 17.901201248168945
0.0 19.574987411499023
0.0 20.257476806640625
0.0 20.970483779907227
0.0 21.71123504638672
0.0 22.78032875061035
0.0 23.043519973754883
0.0 23.858015060424805
0.0 25.376873016357422
0.0 25.56899642944336
0.0 27.125513076782227
0.0 28.2949161529541
0.0 28.36912727355957
0.0 29.081159591674805
0.0 31.18837547302246
0.0 inf
48.86082458496094 66.11006164550781
41.236000061035156 43.18337631225586
40.48472595214844 59.691410064697266
33.07405471801758 37.282554626464844
20.48539924621582 26.86019515991211
17.4930477142334 20.57536506652832
16.845869064331055 18.424137115478516
16.754405975341797 20.0398006439209
16.478166580200195 16.7553768157959
14.598234176635742 15.336160659790039
12.767949104309082 12.793684005737305
11.38489055633545 11.956428527832031
11.070799827575684 11.741178512573242
10.71337604522705 11.36628246307373
10.707259178161621 11.510396003723145
10.586867332458496 11.75376033782959
10.39649486541748 12.816153526306152
10.027214050292969 10.191165924072266
9.809057235717773 13.363598823547363
9.721395492553711 12.739189147949219
9.413732528686523 9.470011711120605
9.361814498901367 13.620723724365234
8.075874328613281 8.942174911499023
