0.0 2.6537420749664307
0.0 3.77997088432312
0.0 4.188504695892334
0.0 4.206809043884277
0.0 4.645844459533691
0.0 4.652093887329102
0.0 4.955580711364746
0.0 5.305819034576416
0.0 5.3884992599487305
0.0 5.554346084594727
0.0 6.034289360046387
0.0 6.176651954650879
0.0 6.334094524383545
0.0 6.342992782592773
0.0 6.527171611785889
0.0 6.62497615814209
0.0 6.732845783233643
0.0 6.987689018249512
0.0 7.100144386291504
0.0 7.290924072265625
0.0 7.377105236053467
0.0 7.393776893615723
0.0 7.428161144256592
0.0 7.489851951599121
0.0 7.524021148681641
0.0 7.64669942855835
0.0 7.655053615570068
0.0 7.984260559082031
0.0 8.279923439025879
0.0 8.321417808532715
0.0 8.359877586364746
0.0 8.4044771194458
0.0 8.427267074584961
0.0 8.447137832641602
0.0 8.487133026123047
0.0 8.626712799072266
0.0 8.633540153503418
0.0 8.980746269226074
0.0 9.137173652648926
0.0 9.18502140045166
0.0 9.31845760345459
0.0 9.367006301879883
0.0 9.430329322814941
0.0 9.463286399841309
0.0 9.592280387878418
0.0 9.834708213806152
0.0 9.873865127563477
0.0 10.011068344116211
0.0 10.184170722961426
0.0 10.262662887573242
0.0 10.652034759521484
0.0 10.683204650878906
0.0 10.756701469421387
0.0 11.4824857711792
0.0 11.577996253967285
0.0 11.817734718322754
0.0 11.896573066711426
0.0 12.597959518432617
0.0 13.333952903747559
0.0 13.570359230041504
0.0 13.886795043945312
0.0 15.01176643371582
0.0 15.362560272216797
0.0 15.947673797607422
0.0 16.457393646240234
0.0 16.650758743286133
0.0 18.1119327545166
0.0 18.158226013183594
0.0 18.280628204345703
0.0 18.79120445251465
0.0 19.089401245117188
0.0 19.36162567138672
0.0 23.03424835205078
0.0 23.215404510498047
0.0 24.936702728271484
0.0 26.008705139160156
0.0 26.46468734741211
0.0 26.712080001831055
0.0 29.757604598999023
0.0 30.2679386138916
0.0 34.61416244506836
0.0 inf
50.758697509765625 52.07084274291992
50.07269287109375 50.36890411376953
45.249549865722656 59.618858337402344
38.115875244140625 60.878273010253906
20.133203506469727 22.879108428955078
19.702571868896484 22.748497009277344
18.995786666870117 24.401273727416992
17.253765106201172 18.094053268432617
16.53567123413086 18.48371696472168
14.858490943908691 18.79257583618164
13.984704971313477 14.683423042297363
13.748187065124512 19.199066162109375
11.608010292053223 13.678178787231445
11.191519737243652 12.515795707702637
11.024552345275879 14.92482852935791
10.739048957824707 11.263155937194824
10.084259986877441 10.808112144470215
9.71621036529541 11.384931564331055
9.561737060546875 10.194637298583984
9.502242088317871 10.59744930267334
9.301466941833496 11.587539672851562
9.093228340148926 9.6110200881958
8.516209602355957 9.581059455871582
7.529239654541016 9.731987953186035
7.467701435089111 9.673623085021973
