0.0 3.1152188777923584
0.0 3.2712745666503906
0.0 4.240658760070801
0.0 5.400938987731934
0.0 5.597607135772705
0.0 5.609847545623779
0.0 5.921998023986816
0.0 5.932665824890137
0.0 6.289465427398682
0.0 6.29629373550415
0.0 6.438509941101074
0.0 6.56037712097168
0.0 6.5866379737854
0.0 6.6003031730651855
0.0 6.6133198738098145
0.0 7.041300296783447
0.0 7.083024978637695
0.0 7.3845438957214355
0.0 7.4600958824157715
0.0 7.572268962860107
0.0 7.598026275634766
0.0 7.6133294105529785
0.0 7.672536373138428
0.0 7.691604137420654
0.0 7.884153842926025
0.0 8.174086570739746
0.0 8.214457511901855
0.0 8.313080787658691
0.0 8.414579391479492
0.0 8.420012474060059
0.0 8.442039489746094
0.0 8.447132110595703
0.0 8.462865829467773
0.0 8.465856552124023
0.0 8.550884246826172
0.0 8.552071571350098
0.0 8.576048851013184
0.0 8.718838691711426
0.0 8.830140113830566
0.0 9.122444152832031
0.0 9.213601112365723
0.0 9.305325508117676
0.0 9.62492561340332
0.0 9.722184181213379
0.0 9.880667686462402
0.0 10.148436546325684
0.0 10.255836486816406
0.0 10.319987297058105
0.0 10.497747421264648
0.0 10.588017463684082
0.0 10.700790405273438
0.0 10.71943473815918
0.0 10.873553276062012
0.0 10.994950294494629
0.0 11.049530029296875
0.0 11.09618854522705
0.0 12.268046379089355
0.0 12.505696296691895
0.0 12.50688362121582
0.0 13.091299057006836
0.0 13.195212364196777
0.0 13.591548919677734
0.0 15.076102256774902
0.0 16.60258674621582
0.0 17.04032325744629
0.0 17.459802627563477
0.0 18.081079483032227
0.0 18.79993438720703
0.0 20.953489303588867
0.0 20.970327377319336
0.0 21.350542068481445
0.0 22.019535064697266
0.0 22.285749435424805
0.0 24.567420959472656
0.0 24.578893661499023
0.0 25.39263343811035
0.0 27.051040649414062
0.0 27.82785987854004
0.0 28.112489700317383
0.0 29.892560958862305
0.0 30.23578643798828
0.0 inf
40.51237869262695 61.81318283081055
38.06012725830078 38.17082977294922
37.24806594848633 60.35956573486328
37.13551330566406 40.65924072265625
22.489412307739258 28.737478256225586
18.873363494873047 20.676170349121094
18.311542510986328 20.039525985717773
17.98130989074707 21.053607940673828
14.839470863342285 15.262441635131836
14.602557182312012 14.739052772521973
13.475143432617188 16.209022521972656
13.35921573638916 16.094030380249023
13.14376449584961 15.723495483398438
11.62636661529541 12.273036003112793
11.57971477508545 11.843246459960938
10.920548439025879 13.237373352050781
10.62667465209961 12.72993278503418
10.580622673034668 13.407302856445312
10.431268692016602 11.609696388244629
8.613100051879883 8.98012924194336
8.562222480773926 10.619970321655273
7.671546459197998 9.031460762023926
