0.0 2.8175177574157715
0.0 3.638171911239624
0.0 4.118814468383789
0.0 5.456246376037598
0.0 5.528710842132568
0.0 5.6513447761535645
0.0 5.716922760009766
0.0 5.973191738128662
0.0 6.065972328186035
0.0 6.228912830352783
0.0 6.314196586608887
0.0 6.316330432891846
0.0 6.319114685058594
0.0 6.37085485458374
0.0 6.46002197265625
0.0 6.495895862579346
0.0 6.504575729370117
0.0 6.5665483474731445
0.0 6.719563961029053
0.0 6.818371772766113
0.0 7.061386585235596
0.0 7.3091630935668945
0.0 7.463951587677002
0.0 7.566028118133545
0.0 7.5683183670043945
0.0 7.620283126831055
0.0 7.638551712036133
0.0 7.6593523025512695
0.0 7.89429235458374
0.0 8.06637954711914
0.0 8.086443901062012
0.0 8.22861385345459
0.0 8.233057022094727
0.0 8.29653263092041
0.0 8.375578880310059
0.0 8.521092414855957
0.0 8.57710075378418
0.0 8.819523811340332
0.0 8.83192253112793
0.0 8.839859008789062
0.0 8.970035552978516
0.0 9.053647994995117
0.0 9.123727798461914
0.0 9.186164855957031
0.0 9.189054489135742
0.0 9.267955780029297
0.0 9.35390567779541
0.0 9.564399719238281
0.0 10.235321044921875
0.0 10.240403175354004
0.0 10.240957260131836
0.0 10.282307624816895
0.0 10.333819389343262
0.0 10.442009925842285
0.0 11.59178638458252
0.0 11.656318664550781
0.0 11.896086692810059
0.0 12.190658569335938
0.0 12.777643203735352
0.0 12.894627571105957
0.0 13.455842018127441
0.0 14.153228759765625
0.0 14.643542289733887
0.0 15.35310173034668
0.0 15.482673645019531
0.0 17.651100158691406
0.0 18.479841232299805
0.0 19.603500366210938
0.0 20.552349090576172
0.0 21.445180892944336
0.0 22.021015167236328
0.0 22.474262237548828
0.0 22.915021896362305
0.0 23.28191566467285
0.0 26.09673500061035
0.0 26.32729721069336
0.0 27.039993286132812
0.0 27.80521583557129
0.0 27.937124252319336
0.0 28.07537269592285
0.0 29.528823852539062
0.0 inf
38.141021728515625 64.91963958740234
37.24522399902344 59.93730163574219
34.05024719238281 39.34439468383789
21.59476089477539 25.87049674987793
17.49245262145996 20.2066707611084
16.532087326049805 19.93175506591797
13.8196382522583 14.931061744689941
11.525445938110352 12.611015319824219
10.85767650604248 11.115296363830566
10.513762474060059 12.767855644226074
10.45762825012207 11.769670486450195
10.404618263244629 12.46880054473877
9.887519836425781 14.02584457397461
9.671579360961914 9.698197364807129
8.964081764221191 12.829065322875977
8.660734176635742 10.737122535705566
8.5070219039917 10.30006217956543
