0.0 4.7182440757751465
0.0 5.32183837890625
0.0 5.3695573806762695
0.0 5.558898448944092
0.0 5.640779495239258
0.0 5.76665735244751
0.0 5.942072868347168
0.0 6.216219425201416
0.0 6.331628799438477
0.0 6.452661991119385
0.0 6.486025810241699
0.0 6.539107799530029
0.0 6.588253021240234
0.0 6.785908222198486
0.0 6.829688549041748
0.0 6.900022983551025
0.0 7.009033203125
0.0 7.0542449951171875
0.0 7.057685852050781
0.0 7.114456653594971
0.0 7.125657081604004
0.0 7.128647327423096
0.0 7.197360038757324
0.0 7.318514823913574
0.0 7.46516227722168
0.0 7.510843753814697
0.0 7.517321586608887
0.0 7.527493476867676
0.0 7.530518531799316
0.0 7.61514139175415
0.0 7.691729545593262
0.0 7.778280258178711
0.0 7.783298492431641
0.0 7.913761138916016
0.0 7.9547224044799805
0.0 8.026739120483398
0.0 8.30133056640625
0.0 8.471945762634277
0.0 8.489839553833008
0.0 8.589969635009766
0.0 8.612565040588379
0.0 8.636011123657227
0.0 8.640752792358398
0.0 8.642003059387207
0.0 8.64620304107666
0.0 8.668238639831543
0.0 8.668416023254395
0.0 8.79643440246582
0.0 9.127813339233398
0.0 9.500883102416992
0.0 9.664923667907715
0.0 9.74817180633545
0.0 9.788979530334473
0.0 10.430168151855469
0.0 10.458013534545898
0.0 10.505746841430664
0.0 12.124139785766602
0.0 12.180802345275879
0.0 12.258001327514648
0.0 12.754938125610352
0.0 13.092529296875
0.0 13.23575210571289
0.0 13.554773330688477
0.0 13.826729774475098
0.0 16.781692504882812
0.0 17.49355125427246
0.0 17.679975509643555
0.0 19.763702392578125
0.0 19.831247329711914
0.0 19.8713321685791
0.0 19.94655990600586
0.0 20.010391235351562
0.0 20.501293182373047
0.0 22.16808319091797
0.0 24.8179988861084
0.0 25.711746215820312
0.0 28.618680953979492
0.0 29.384489059448242
0.0 30.974346160888672
0.0 32.5452766418457
0.0 32.69813537597656
0.0 inf
55.18659210205078 60.33709716796875
54.82162094116211 65.59397888183594
53.34029006958008 57.14022445678711
51.84011459350586 64.23944091796875
36.68010711669922 41.48243713378906
34.733524322509766 36.08201599121094
19.656726837158203 22.587230682373047
17.884611129760742 23.283885955810547
17.84467887878418 21.41961097717285
14.681916236877441 14.815771102905273
14.411994934082031 14.71898365020752
12.514814376831055 12.631972312927246
11.72996997833252 13.349997520446777
10.80234146118164 11.635308265686035
10.539563179016113 12.101373672485352
10.194716453552246 10.469103813171387
10.164828300476074 13.386797904968262
9.883408546447754 10.973788261413574
9.860730171203613 11.186333656311035
9.778748512268066 10.056377410888672
9.761795043945312 11.07487964630127
9.487374305725098 10.585785865783691
9.407995223999023 11.416248321533203
9.291141510009766 11.2199068069458
8.912742614746094 10.941816329956055
8.731972694396973 11.20313835144043
8.719869613647461 11.212016105651855
8.232148170471191 8.96441650390625
8.04737377166748 10.01995849609375
7.525590419769287 9.23509693145752
7.407922744750977 8.206032752990723
7.2893757820129395 7.816399097442627
