0.0 1.214499831199646
0.0 1.2665374279022217
0.0 1.283624291419983
0.0 4.491384029388428
0.0 5.344017028808594
0.0 5.351287841796875
0.0 5.852632999420166
0.0 5.975556373596191
0.0 6.119737148284912
0.0 6.1843366622924805
0.0 6.296156406402588
0.0 6.313082695007324
0.0 6.362186431884766
0.0 6.428829193115234
0.0 6.460154056549072
0.0 6.625505447387695
0.0 6.6663923263549805
0.0 6.68106746673584
0.0 6.748945713043213
0.0 6.7573137283325195
0.0 6.852662563323975
0.0 6.866446495056152
0.0 6.98789644241333
0.0 7.020592212677002
0.0 7.139557838439941
0.0 7.344295024871826
0.0 7.441650867462158
0.0 7.500747203826904
0.0 7.501644134521484
0.0 7.5072855949401855
0.0 7.529877662658691
0.0 7.530918598175049
0.0 7.586465835571289
0.0 7.623020172119141
0.0 7.623414993286133
0.0 7.723714351654053
0.0 7.732346534729004
0.0 8.025757789611816
0.0 8.06557846069336
0.0 8.36876392364502
0.0 8.408884048461914
0.0 8.493042945861816
0.0 8.522637367248535
0.0 8.545587539672852
0.0 8.68288516998291
0.0 8.726521492004395
0.0 8.78249454498291
0.0 8.791560173034668
0.0 8.864727020263672
0.0 9.077241897583008
0.0 9.182907104492188
0.0 9.421588897705078
0.0 9.692943572998047
0.0 9.781302452087402
0.0 9.945120811462402
0.0 11.36836051940918
0.0 11.679007530212402
0.0 11.722824096679688
0.0 13.345866203308105
0.0 13.535999298095703
0.0 14.003799438476562
0.0 14.299816131591797
0.0 14.961820602416992
0.0 15.060900688171387
0.0 16.564075469970703
0.0 16.569631576538086
0.0 18.234249114990234
0.0 18.911907196044922
0.0 19.914804458618164
0.0 21.015506744384766
0.0 21.243057250976562
0.0 21.607271194458008
0.0 21.998634338378906
0.0 22.814815521240234
0.0 24.677698135375977
0.0 25.704954147338867
0.0 27.86421775817871
0.0 29.070608139038086
0.0 29.864139556884766
0.0 30.473037719726562
0.0 35.44009780883789
0.0 inf
58.848480224609375 61.785980224609375
55.827659606933594 66.62329864501953
47.79460144042969 69.79579162597656
38.05193328857422 40.0218505859375
21.166990280151367 23.45513916015625
18.589323043823242 21.877479553222656
17.97850799560547 21.27958106994629
12.332049369812012 12.75438117980957
11.844355583190918 12.226064682006836
11.555642127990723 12.592284202575684
11.344075202941895 12.063882827758789
10.828398704528809 11.299046516418457
10.397466659545898 10.931388854980469
10.351252555847168 11.141231536865234
10.189789772033691 12.20998764038086
9.887953758239746 10.281006813049316
9.783918380737305 12.299946784973145
9.716221809387207 10.444009780883789
9.618195533752441 10.383408546447754
9.55927848815918 11.181243896484375
9.538477897644043 9.606315612792969
9.528302192687988 13.238612174987793
9.447957038879395 12.073894500732422
9.09330940246582 12.084336280822754
8.836308479309082 10.564577102661133
7.66075325012207 8.03128433227539
7.282588958740234 7.330796718597412
7.278339862823486 9.198824882507324
