0.0 2.4647066593170166
0.0 3.1403050422668457
0.0 4.381772994995117
0.0 5.333926677703857
0.0 5.592573165893555
0.0 5.735183238983154
0.0 6.017146587371826
0.0 6.257220268249512
0.0 6.287318706512451
0.0 6.3507304191589355
0.0 6.617992877960205
0.0 6.72359037399292
0.0 7.016613483428955
0.0 7.149651050567627
0.0 7.158379554748535
0.0 7.4744720458984375
0.0 7.540424346923828
0.0 7.583876132965088
0.0 7.585669994354248
0.0 7.618287563323975
0.0 7.693276405334473
0.0 7.7429094314575195
0.0 7.824926853179932
0.0 7.871825695037842
0.0 8.053194046020508
0.0 8.144308090209961
0.0 8.171038627624512
0.0 8.270322799682617
0.0 8.280132293701172
0.0 8.418519020080566
0.0 8.425934791564941
0.0 8.502274513244629
0.0 8.531865119934082
0.0 8.553955078125
0.0 8.788613319396973
0.0 8.820073127746582
0.0 8.837056159973145
0.0 9.014540672302246
0.0 9.132718086242676
0.0 9.198664665222168
0.0 9.354313850402832
0.0 9.489811897277832
0.0 9.78591251373291
0.0 9.794635772705078
0.0 9.986334800720215
0.0 10.139516830444336
0.0 10.226973533630371
0.0 10.249463081359863
0.0 10.626619338989258
0.0 10.686433792114258
0.0 10.796319961547852
0.0 10.954963684082031
0.0 10.967833518981934
0.0 11.071593284606934
0.0 11.680456161499023
0.0 11.883930206298828
0.0 12.60879135131836
0.0 12.665862083435059
0.0 12.702346801757812
0.0 12.74983024597168
0.0 13.321281433105469
0.0 13.827171325683594
0.0 14.495438575744629
0.0 15.414435386657715
0.0 16.62081527709961
0.0 17.668106079101562
0.0 19.161657333374023
0.0 19.576200485229492
0.0 20.46562385559082
0.0 21.189281463623047
0.0 22.100650787353516
0.0 22.308025360107422
0.0 23.022676467895508
0.0 23.710453033447266
0.0 23.757551193237305
0.0 24.893770217895508
0.0 25.39139747619629
0.0 26.360776901245117
0.0 28.453800201416016
0.0 29.355316162109375
0.0 29.86372947692871
0.0 inf
38.26320266723633 60.74571990966797
36.80458068847656 57.77291488647461
31.054079055786133 37.57979965209961
21.46288299560547 27.560443878173828
17.612438201904297 18.299535751342773
16.68669319152832 19.852266311645508
15.492670059204102 17.06679344177246
15.458913803100586 19.92210578918457
14.975666999816895 15.807177543640137
14.81204891204834 16.58463478088379
13.1027193069458 16.827802658081055
12.537835121154785 12.654802322387695
11.218966484069824 13.429413795471191
10.581158638000488 12.998544692993164
10.371315002441406 11.947076797485352
9.951011657714844 9.980329513549805
9.414504051208496 13.430230140686035
8.679759979248047 10.780983924865723
8.365287780761719 10.263101577758789
7.77661657333374 9.360396385192871
