0.0 1.1437054872512817
0.0 1.166823148727417
0.0 1.1932353973388672
0.0 3.4237232208251953
0.0 3.448742151260376
0.0 3.794137716293335
0.0 4.409193515777588
0.0 4.579167366027832
0.0 5.045280933380127
0.0 5.062257289886475
0.0 5.102428913116455
0.0 5.318401336669922
0.0 5.6624603271484375
0.0 5.740431308746338
0.0 6.003871440887451
0.0 6.445104122161865
0.0 6.489994049072266
0.0 6.690950870513916
0.0 6.713706970214844
0.0 6.78272008895874
0.0 6.821800708770752
0.0 7.350653171539307
0.0 7.361502170562744
0.0 7.37825870513916
0.0 7.392637252807617
0.0 7.47108268737793
0.0 7.53857421875
0.0 7.600035667419434
0.0 7.644229888916016
0.0 7.654374599456787
0.0 7.692328929901123
0.0 7.8102288246154785
0.0 7.8369832038879395
0.0 7.917308807373047
0.0 8.119413375854492
0.0 8.241929054260254
0.0 8.292230606079102
0.0 8.346680641174316
0.0 8.382393836975098
0.0 8.509905815124512
0.0 8.675381660461426
0.0 8.687455177307129
0.0 8.726032257080078
0.0 8.745643615722656
0.0 8.797221183776855
0.0 8.877422332763672
0.0 9.279104232788086
0.0 9.481799125671387
0.0 9.592543601989746
0.0 9.842805862426758
0.0 10.1448392868042
0.0 10.323122024536133
0.0 10.412102699279785
0.0 10.497411727905273
0.0 10.999451637268066
0.0 11.436758995056152
0.0 12.094705581665039
0.0 12.602161407470703
0.0 13.192708969116211
0.0 13.366438865661621
0.0 13.727365493774414
0.0 14.056788444519043
0.0 14.057498931884766
0.0 14.516132354736328
0.0 14.845778465270996
0.0 15.017438888549805
0.0 15.34858226776123
0.0 15.596353530883789
0.0 16.93008804321289
0.0 19.26432228088379
0.0 20.523252487182617
0.0 20.594440460205078
0.0 21.334421157836914
0.0 24.947267532348633
0.0 25.998701095581055
0.0 28.961917877197266
0.0 30.6948299407959
0.0 30.724365234375
0.0 32.96724319458008
0.0 36.44082260131836
0.0 41.318359375
0.0 inf
44.89053726196289 82.60212707519531
43.70383834838867 69.6431655883789
23.54803466796875 23.886455535888672
18.991031646728516 20.231103897094727
17.843055725097656 19.6000919342041
17.700769424438477 27.16195297241211
16.69858741760254 17.38291358947754
15.63184642791748 18.39923858642578
15.067667007446289 17.456785202026367
11.628349304199219 12.234780311584473
10.341073036193848 13.151637077331543
9.720182418823242 10.246535301208496
9.631795883178711 12.830410957336426
9.477330207824707 12.094983100891113
9.39741325378418 13.683287620544434
9.364107131958008 9.761575698852539
8.419865608215332 9.159257888793945
7.693260669708252 7.947994709014893
