0.0 1.2899750471115112
0.0 1.3806873559951782
0.0 2.451265811920166
0.0 4.603150844573975
0.0 5.049788475036621
0.0 5.227930068969727
0.0 5.297574043273926
0.0 5.347836017608643
0.0 5.4272918701171875
0.0 5.590663909912109
0.0 5.596395492553711
0.0 5.685134410858154
0.0 5.891760349273682
0.0 6.327934265136719
0.0 6.330313682556152
0.0 6.375728607177734
0.0 6.475419998168945
0.0 6.509476184844971
0.0 6.597917079925537
0.0 6.630850791931152
0.0 6.8720479011535645
0.0 7.02655029296875
0.0 7.195644855499268
0.0 7.230234622955322
0.0 7.311253070831299
0.0 7.332800388336182
0.0 7.4849042892456055
0.0 7.536635398864746
0.0 7.542422771453857
0.0 7.620893955230713
0.0 7.637185573577881
0.0 7.688378810882568
0.0 7.805389404296875
0.0 7.862520694732666
0.0 8.067015647888184
0.0 8.084473609924316
0.0 8.344660758972168
0.0 8.35448169708252
0.0 8.381858825683594
0.0 8.593165397644043
0.0 8.60851001739502
0.0 8.637065887451172
0.0 8.876104354858398
0.0 8.974382400512695
0.0 8.995969772338867
0.0 9.031760215759277
0.0 9.301424026489258
0.0 9.479206085205078
0.0 9.490964889526367
0.0 9.91657543182373
0.0 10.223094940185547
0.0 10.508323669433594
0.0 10.524117469787598
0.0 10.734243392944336
0.0 10.83836841583252
0.0 10.902043342590332
0.0 11.351592063903809
0.0 11.828063011169434
0.0 12.690820693969727
0.0 13.570576667785645
0.0 13.613541603088379
0.0 14.066632270812988
0.0 14.100018501281738
0.0 14.53142261505127
0.0 14.534492492675781
0.0 16.39194679260254
0.0 17.021320343017578
0.0 18.72813606262207
0.0 19.664047241210938
0.0 23.587003707885742
0.0 24.489816665649414
0.0 24.921293258666992
0.0 25.757892608642578
0.0 27.303665161132812
0.0 27.433149337768555
0.0 27.904197692871094
0.0 28.274898529052734
0.0 29.467939376831055
0.0 32.171966552734375
0.0 33.231117248535156
0.0 35.54623794555664
0.0 inf
43.6766242980957 44.39937210083008
42.879886627197266 74.67887878417969
41.72100830078125 43.026893615722656
37.9688835144043 73.0156021118164
20.02246856689453 25.279436111450195
18.504606246948242 22.502094268798828
18.36554718017578 21.734397888183594
15.303079605102539 17.082605361938477
13.556173324584961 13.999579429626465
13.276269912719727 13.896127700805664
12.78492546081543 13.796736717224121
11.649590492248535 11.79800033569336
11.623074531555176 12.838890075683594
10.629692077636719 10.75798225402832
10.59014892578125 11.789137840270996
10.14643383026123 10.811656951904297
9.452110290527344 11.829160690307617
9.407646179199219 10.430461883544922
9.391117095947266 11.774293899536133
9.363116264343262 11.894721031188965
8.413248062133789 9.244839668273926
8.127612113952637 9.222970962524414
8.043082237243652 9.72139835357666
