0.0 4.239943504333496
0.0 4.25736665725708
0.0 4.308300971984863
0.0 4.383664608001709
0.0 4.5108418464660645
0.0 5.308422565460205
0.0 5.34793758392334
0.0 5.634810447692871
0.0 5.651228904724121
0.0 6.559804916381836
0.0 6.661994457244873
0.0 6.772663116455078
0.0 7.368887424468994
0.0 7.453066825866699
0.0 7.489238739013672
0.0 7.504066467285156
0.0 7.536590099334717
0.0 7.567061901092529
0.0 7.693122386932373
0.0 7.702001571655273
0.0 7.837833881378174
0.0 7.980294704437256
0.0 8.077985763549805
0.0 8.083327293395996
0.0 8.298443794250488
0.0 8.389761924743652
0.0 8.390000343322754
0.0 8.397531509399414
0.0 8.509995460510254
0.0 8.517189979553223
0.0 8.52224349975586
0.0 8.571115493774414
0.0 8.624296188354492
0.0 8.659419059753418
0.0 8.686347961425781
0.0 9.290218353271484
0.0 9.351422309875488
0.0 9.470321655273438
0.0 9.480111122131348
0.0 9.580397605895996
0.0 9.647939682006836
0.0 9.649557113647461
0.0 9.73787784576416
0.0 9.758286476135254
0.0 9.845956802368164
0.0 9.96879768371582
0.0 10.205142974853516
0.0 10.248588562011719
0.0 10.505498886108398
0.0 11.107086181640625
0.0 11.187533378601074
0.0 11.189452171325684
0.0 11.312281608581543
0.0 11.685653686523438
0.0 12.1624116897583
0.0 12.381950378417969
0.0 12.538049697875977
0.0 12.555255889892578
0.0 13.204790115356445
0.0 13.335582733154297
0.0 13.80625057220459
0.0 14.325444221496582
0.0 14.512430191040039
0.0 14.915947914123535
0.0 15.14676570892334
0.0 15.420830726623535
0.0 16.476484298706055
0.0 16.79810905456543
0.0 17.697410583496094
0.0 18.135725021362305
0.0 18.261545181274414
0.0 19.580638885498047
0.0 19.866283416748047
0.0 24.986658096313477
0.0 26.060161590576172
0.0 26.345563888549805
0.0 28.685853958129883
0.0 29.329320907592773
0.0 29.4541072845459
0.0 30.015762329101562
0.0 39.00048828125
0.0 inf
51.64863204956055 58.00636291503906
50.10982894897461 59.11636734008789
45.17484664916992 63.895294189453125
44.22787094116211 60.9432258605957
18.56303596496582 22.981159210205078
17.473934173583984 22.293493270874023
16.52912712097168 19.875762939453125
16.14984703063965 16.315950393676758
15.777344703674316 18.54340171813965
15.075089454650879 16.400339126586914
14.757418632507324 17.21867561340332
12.499088287353516 13.960749626159668
12.169578552246094 13.338851928710938
11.349835395812988 13.627532005310059
10.890597343444824 13.185445785522461
10.57190990447998 12.053423881530762
10.503318786621094 11.564867973327637
10.469109535217285 13.256996154785156
9.8765287399292 12.536910057067871
9.74197769165039 12.146062850952148
9.482383728027344 12.148743629455566
9.36388874053955 11.722561836242676
9.34693717956543 10.129558563232422
9.30459213256836 10.977555274963379
9.01375675201416 11.1131591796875
8.765737533569336 9.209769248962402
8.560188293457031 9.263856887817383
8.55816650390625 10.531747817993164
