0.0 3.594921827316284
0.0 3.6230387687683105
0.0 4.196369171142578
0.0 4.3335771560668945
0.0 4.424391746520996
0.0 4.595921516418457
0.0 4.6007819175720215
0.0 4.917439937591553
0.0 5.044074535369873
0.0 5.467049598693848
0.0 6.066680431365967
0.0 6.264535903930664
0.0 6.317625999450684
0.0 6.544452667236328
0.0 6.599919319152832
0.0 6.6871185302734375
0.0 6.9942803382873535
0.0 7.072486400604248
0.0 7.404858112335205
0.0 7.437605381011963
0.0 7.477035999298096
0.0 7.479419708251953
0.0 7.491909503936768
0.0 7.5037126541137695
0.0 7.559511661529541
0.0 7.631798267364502
0.0 7.966241359710693
0.0 7.9925408363342285
0.0 8.276077270507812
0.0 8.38825798034668
0.0 8.3894681930542
0.0 8.407757759094238
0.0 8.439491271972656
0.0 8.520776748657227
0.0 8.560196876525879
0.0 8.66664981842041
0.0 8.692032814025879
0.0 8.735601425170898
0.0 8.862197875976562
0.0 9.051191329956055
0.0 9.153858184814453
0.0 9.203271865844727
0.0 9.345634460449219
0.0 9.443479537963867
0.0 9.58131217956543
0.0 9.730460166931152
0.0 10.258781433105469
0.0 10.335607528686523
0.0 10.628182411193848
0.0 10.674843788146973
0.0 10.69591999053955
0.0 10.916735649108887
0.0 11.132193565368652
0.0 11.397604942321777
0.0 11.4552640914917
0.0 11.90730094909668
0.0 12.633296012878418
0.0 12.726920127868652
0.0 12.754034042358398
0.0 13.157852172851562
0.0 13.465665817260742
0.0 14.017742156982422
0.0 14.602160453796387
0.0 16.002586364746094
0.0 16.597627639770508
0.0 17.20782470703125
0.0 17.683515548706055
0.0 18.641883850097656
0.0 18.735065460205078
0.0 19.374574661254883
0.0 20.092355728149414
0.0 20.9752254486084
0.0 23.693714141845703
0.0 24.63665199279785
0.0 25.96122932434082
0.0 26.429841995239258
0.0 26.519424438476562
0.0 28.220252990722656
0.0 28.449283599853516
0.0 29.516321182250977
0.0 36.556640625
0.0 inf
53.12467956542969 54.56877517700195
44.970909118652344 53.44248962402344
40.648624420166016 57.65004348754883
38.69812774658203 59.60540008544922
19.80368423461914 23.04314422607422
18.413759231567383 20.973222732543945
17.732303619384766 24.35008430480957
17.159297943115234 18.087383270263672
15.378693580627441 16.321006774902344
15.04610824584961 18.324462890625
14.795010566711426 18.058349609375
14.45930290222168 15.519047737121582
11.833494186401367 12.230267524719238
11.669386863708496 13.660981178283691
11.556488037109375 12.691752433776855
11.49218463897705 12.726033210754395
11.317781448364258 15.661540031433105
10.743602752685547 11.874354362487793
10.229696273803711 10.583836555480957
10.10505199432373 10.790863037109375
10.104240417480469 10.875070571899414
9.330190658569336 11.476302146911621
8.943138122558594 10.655077934265137
8.633031845092773 8.81007194519043
8.555956840515137 8.976410865783691
8.52214527130127 9.667057037353516
7.679593563079834 10.407270431518555
