0.0 2.3537375926971436
0.0 3.834972381591797
0.0 4.219354629516602
0.0 4.428913593292236
0.0 4.608458518981934
0.0 4.973122596740723
0.0 5.237123489379883
0.0 5.399927616119385
0.0 5.727565765380859
0.0 5.936399936676025
0.0 6.349486827850342
0.0 6.363986492156982
0.0 6.625956058502197
0.0 6.863101005554199
0.0 7.028176784515381
0.0 7.15329647064209
0.0 7.36264181137085
0.0 7.406444549560547
0.0 7.42771577835083
0.0 7.4552717208862305
0.0 7.48127555847168
0.0 7.523232460021973
0.0 7.535062789916992
0.0 7.585695743560791
0.0 7.589671611785889
0.0 7.610271453857422
0.0 7.781459808349609
0.0 7.903285026550293
0.0 8.180928230285645
0.0 8.242560386657715
0.0 8.293228149414062
0.0 8.39175796508789
0.0 8.423837661743164
0.0 8.428956985473633
0.0 8.471356391906738
0.0 8.473993301391602
0.0 8.52574634552002
0.0 8.576953887939453
0.0 8.62326431274414
0.0 8.87161922454834
0.0 8.935832977294922
0.0 9.03376293182373
0.0 9.283608436584473
0.0 9.382539749145508
0.0 9.445897102355957
0.0 9.537613868713379
0.0 9.57579517364502
0.0 9.680798530578613
0.0 9.824419975280762
0.0 9.923615455627441
0.0 10.30389404296875
0.0 10.457228660583496
0.0 10.578190803527832
0.0 11.220466613769531
0.0 11.498149871826172
0.0 11.576176643371582
0.0 12.382399559020996
0.0 12.934590339660645
0.0 13.171357154846191
0.0 13.254101753234863
0.0 13.455550193786621
0.0 13.664777755737305
0.0 14.146552085876465
0.0 15.33675765991211
0.0 15.752628326416016
0.0 15.913252830505371
0.0 17.444225311279297
0.0 17.592145919799805
0.0 19.247194290161133
0.0 19.53714942932129
0.0 20.473613739013672
0.0 20.919191360473633
0.0 23.1742000579834
0.0 23.67777442932129
0.0 24.74483871459961
0.0 26.052902221679688
0.0 26.59648895263672
0.0 26.678098678588867
0.0 28.903282165527344
0.0 30.538183212280273
0.0 31.861982345581055
0.0 inf
55.436126708984375 55.89787673950195
50.79412841796875 51.2526741027832
50.34324264526367 61.995819091796875
36.48268508911133 57.257286071777344
19.68122100830078 21.056739807128906
19.5477294921875 23.1606388092041
17.542585372924805 24.268220901489258
17.274446487426758 19.069856643676758
15.813899040222168 17.24699592590332
14.767668724060059 15.315720558166504
14.71957778930664 16.898292541503906
14.681452751159668 17.085058212280273
14.39916706085205 14.72375774383545
13.920149803161621 14.960185050964355
12.960611343383789 13.617159843444824
11.9741849899292 13.107011795043945
11.271638870239258 11.869802474975586
10.675642967224121 14.631144523620605
10.619852066040039 12.73176097869873
10.469038009643555 11.881503105163574
10.19672679901123 10.539093971252441
9.492916107177734 11.230628967285156
9.40748405456543 10.818832397460938
8.716904640197754 9.942964553833008
8.65892219543457 10.380353927612305
8.509023666381836 10.425734519958496
8.311119079589844 9.105002403259277
7.801599025726318 10.55789852142334
