0.0 1.0634576082229614
0.0 1.0642286539077759
0.0 1.1134438514709473
0.0 3.8055663108825684
0.0 4.6208930015563965
0.0 4.786566734313965
0.0 5.132761001586914
0.0 5.197004318237305
0.0 5.29824686050415
0.0 5.364105224609375
0.0 5.495630741119385
0.0 5.50787353515625
0.0 5.824031829833984
0.0 6.1732988357543945
0.0 6.346490859985352
0.0 6.410955905914307
0.0 6.57883358001709
0.0 6.903396129608154
0.0 6.993093013763428
0.0 7.172732830047607
0.0 7.321568489074707
0.0 7.375041961669922
0.0 7.380044460296631
0.0 7.38181209564209
0.0 7.406848907470703
0.0 7.453524589538574
0.0 7.461044788360596
0.0 7.518982410430908
0.0 7.521226406097412
0.0 7.5270843505859375
0.0 7.603867053985596
0.0 7.619963645935059
0.0 7.651411533355713
0.0 7.656649589538574
0.0 7.709225177764893
0.0 7.710715293884277
0.0 7.888111114501953
0.0 7.973934650421143
0.0 7.993149757385254
0.0 8.387983322143555
0.0 8.400214195251465
0.0 8.407622337341309
0.0 8.434104919433594
0.0 8.443487167358398
0.0 8.570775032043457
0.0 8.604741096496582
0.0 8.87259578704834
0.0 8.933531761169434
0.0 9.101458549499512
0.0 9.1759672164917
0.0 9.320061683654785
0.0 9.416457176208496
0.0 9.504761695861816
0.0 9.513720512390137
0.0 10.367974281311035
0.0 10.801706314086914
0.0 12.167802810668945
0.0 12.186280250549316
0.0 13.238102912902832
0.0 13.696385383605957
0.0 14.022867202758789
0.0 14.363608360290527
0.0 14.653284072875977
0.0 15.344914436340332
0.0 15.590238571166992
0.0 16.447988510131836
0.0 17.395328521728516
0.0 17.625423431396484
0.0 17.92401885986328
0.0 18.64049530029297
0.0 18.934268951416016
0.0 19.413530349731445
0.0 23.01397132873535
0.0 23.169057846069336
0.0 23.17643165588379
0.0 24.19981575012207
0.0 27.868362426757812
0.0 29.742626190185547
0.0 30.832921981811523
0.0 31.778425216674805
0.0 32.052860260009766
0.0 inf
63.239288330078125 63.647823333740234
54.5433235168457 72.58731079101562
49.079402923583984 60.97941207885742
37.983802795410156 38.30363845825195
35.725799560546875 36.085121154785156
23.050682067871094 23.468048095703125
19.239276885986328 25.970048904418945
18.777273178100586 21.436302185058594
13.259832382202148 14.561246871948242
11.447904586791992 11.956524848937988
11.084274291992188 11.807914733886719
10.76240062713623 13.306530952453613
10.55048942565918 11.198287963867188
10.471027374267578 13.301750183105469
10.133848190307617 10.947501182556152
10.012348175048828 10.525101661682129
9.6174898147583 12.667581558227539
9.586064338684082 11.205580711364746
9.531006813049316 10.540488243103027
9.46889591217041 10.647509574890137
8.799424171447754 9.532394409179688
8.559574127197266 11.925761222839355
8.413568496704102 9.101530075073242
8.193705558776855 10.660036087036133
8.016013145446777 9.67404556274414
7.948196887969971 9.084779739379883
7.880911827087402 8.515379905700684
7.348633289337158 7.365800857543945
