0.0 1.16192626953125
0.0 1.175024151802063
0.0 1.3435957431793213
0.0 3.5979042053222656
0.0 4.102750301361084
0.0 4.198845386505127
0.0 4.860000133514404
0.0 5.153002738952637
0.0 5.256644248962402
0.0 5.299447536468506
0.0 5.3156914710998535
0.0 5.365596294403076
0.0 5.459676265716553
0.0 5.629032611846924
0.0 5.704380989074707
0.0 5.862132549285889
0.0 5.90226411819458
0.0 6.3510613441467285
0.0 6.446971416473389
0.0 6.520185947418213
0.0 6.523375034332275
0.0 6.5840229988098145
0.0 6.5880913734436035
0.0 6.79873514175415
0.0 6.800344944000244
0.0 7.368942737579346
0.0 7.455046653747559
0.0 7.539309978485107
0.0 7.565768241882324
0.0 7.716334342956543
0.0 7.74870491027832
0.0 7.809117317199707
0.0 7.968700885772705
0.0 8.097440719604492
0.0 8.18999195098877
0.0 8.226758003234863
0.0 8.23818302154541
0.0 8.280206680297852
0.0 8.311351776123047
0.0 8.377730369567871
0.0 8.628107070922852
0.0 8.688400268554688
0.0 8.738157272338867
0.0 8.784090995788574
0.0 9.214277267456055
0.0 9.301188468933105
0.0 9.349846839904785
0.0 9.84406566619873
0.0 10.008207321166992
0.0 10.093421936035156
0.0 10.356951713562012
0.0 10.595099449157715
0.0 10.953252792358398
0.0 11.068962097167969
0.0 11.5447998046875
0.0 12.496478080749512
0.0 12.65803050994873
0.0 12.805726051330566
0.0 12.986100196838379
0.0 13.203286170959473
0.0 13.2571439743042
0.0 13.260323524475098
0.0 13.454985618591309
0.0 13.585039138793945
0.0 14.602885246276855
0.0 16.40521812438965
0.0 16.690134048461914
0.0 17.30240249633789
0.0 20.058181762695312
0.0 21.750690460205078
0.0 21.755992889404297
0.0 23.05206871032715
0.0 23.064882278442383
0.0 23.804153442382812
0.0 24.451759338378906
0.0 25.120962142944336
0.0 25.377723693847656
0.0 26.202106475830078
0.0 28.44263458251953
0.0 28.515714645385742
0.0 34.22549819946289
0.0 inf
45.754852294921875 46.14726638793945
44.861541748046875 62.7688102722168
39.235748291015625 61.60042190551758
37.043880462646484 39.211334228515625
31.40850067138672 37.29066467285156
19.16754913330078 26.35359001159668
18.34273910522461 21.211261749267578
17.451953887939453 20.57895851135254
16.1948299407959 18.242677688598633
14.833534240722656 15.645795822143555
14.468565940856934 14.682572364807129
14.121603965759277 16.491167068481445
11.377873420715332 13.630927085876465
11.068233489990234 11.603618621826172
10.281129837036133 11.694650650024414
10.27676010131836 10.340866088867188
10.130727767944336 12.027178764343262
9.846773147583008 13.958802223205566
9.49483585357666 11.33580493927002
8.774796485900879 10.275091171264648
8.356520652770996 10.5211820602417
8.251327514648438 8.568155288696289
7.910609722137451 8.777875900268555
7.580312252044678 8.742819786071777
