0.0 1.1747493743896484
0.0 1.184634804725647
0.0 1.2099215984344482
0.0 3.304304838180542
0.0 3.3263933658599854
0.0 4.2567243576049805
0.0 5.264037132263184
0.0 5.277567386627197
0.0 5.569439888000488
0.0 6.296186447143555
0.0 6.3636274337768555
0.0 6.38426399230957
0.0 6.454074382781982
0.0 6.483437538146973
0.0 6.579514026641846
0.0 6.5929999351501465
0.0 6.69777774810791
0.0 6.994793891906738
0.0 7.041060924530029
0.0 7.377080917358398
0.0 7.42141056060791
0.0 7.424622535705566
0.0 7.47312593460083
0.0 7.5675554275512695
0.0 7.676865100860596
0.0 7.921700477600098
0.0 8.03637981414795
0.0 8.059591293334961
0.0 8.160860061645508
0.0 8.201944351196289
0.0 8.253395080566406
0.0 8.264698028564453
0.0 8.276204109191895
0.0 8.426759719848633
0.0 8.503616333007812
0.0 8.505483627319336
0.0 8.516328811645508
0.0 8.540539741516113
0.0 8.5554838180542
0.0 8.5563383102417
0.0 8.630200386047363
0.0 8.66600513458252
0.0 8.701831817626953
0.0 8.733123779296875
0.0 8.836424827575684
0.0 9.067116737365723
0.0 9.231927871704102
0.0 9.29443073272705
0.0 9.390987396240234
0.0 9.690516471862793
0.0 9.832942962646484
0.0 9.916964530944824
0.0 10.120844841003418
0.0 10.60659122467041
0.0 10.808813095092773
0.0 10.971820831298828
0.0 11.033223152160645
0.0 11.179441452026367
0.0 12.193754196166992
0.0 12.537043571472168
0.0 12.851999282836914
0.0 14.291988372802734
0.0 15.3441162109375
0.0 15.50693130493164
0.0 16.489580154418945
0.0 18.50101661682129
0.0 20.310914993286133
0.0 20.770782470703125
0.0 21.07613182067871
0.0 21.816997528076172
0.0 21.82927894592285
0.0 21.955045700073242
0.0 22.03234100341797
0.0 22.52383804321289
0.0 23.612445831298828
0.0 26.418596267700195
0.0 27.30712890625
0.0 28.377887725830078
0.0 28.489761352539062
0.0 29.780702590942383
0.0 32.38275146484375
0.0 inf
46.09702682495117 46.640193939208984
41.67134475708008 62.105621337890625
41.481571197509766 62.75718307495117
36.06159973144531 41.26585006713867
22.26491355895996 22.473857879638672
21.369924545288086 28.05132293701172
17.489208221435547 20.53566551208496
17.00444793701172 17.814193725585938
16.859909057617188 20.348386764526367
13.48512077331543 14.224379539489746
12.47742748260498 14.494969367980957
11.40084171295166 12.797602653503418
11.105881690979004 12.39201545715332
10.697827339172363 12.303750991821289
10.677939414978027 12.076263427734375
10.669465065002441 11.797072410583496
10.401002883911133 11.157767295837402
10.172933578491211 11.947606086730957
9.926206588745117 12.731464385986328
9.844552040100098 10.434304237365723
9.244277000427246 9.312808990478516
9.239304542541504 10.365784645080566
8.977347373962402 10.212531089782715
8.895747184753418 12.697766304016113
8.886369705200195 10.063969612121582
8.7498779296875 12.554855346679688
7.847441673278809 9.575451850891113
7.464170932769775 8.908446311950684
