0.0 4.2612762451171875
0.0 4.565091133117676
0.0 4.608328819274902
0.0 5.034590244293213
0.0 5.180532455444336
0.0 5.262114524841309
0.0 5.328972339630127
0.0 5.458828449249268
0.0 5.761935234069824
0.0 6.262962818145752
0.0 6.533639907836914
0.0 6.622970104217529
0.0 7.020500659942627
0.0 7.504594326019287
0.0 7.600039958953857
0.0 7.783860206604004
0.0 7.8587141036987305
0.0 7.8641252517700195
0.0 8.082552909851074
0.0 8.124430656433105
0.0 8.262073516845703
0.0 8.41219425201416
0.0 8.425060272216797
0.0 8.464227676391602
0.0 8.476835250854492
0.0 8.496339797973633
0.0 8.505732536315918
0.0 8.519142150878906
0.0 8.537240982055664
0.0 8.543146133422852
0.0 8.554701805114746
0.0 8.727415084838867
0.0 8.918438911437988
0.0 9.118162155151367
0.0 9.174012184143066
0.0 9.219204902648926
0.0 9.230518341064453
0.0 9.273113250732422
0.0 9.288979530334473
0.0 9.52166748046875
0.0 9.580986022949219
0.0 9.582900047302246
0.0 9.609712600708008
0.0 10.070464134216309
0.0 10.095573425292969
0.0 10.151047706604004
0.0 10.509363174438477
0.0 10.56605052947998
0.0 10.71926498413086
0.0 11.218552589416504
0.0 11.570669174194336
0.0 11.692724227905273
0.0 11.947381019592285
0.0 12.028031349182129
0.0 12.173479080200195
0.0 12.656853675842285
0.0 12.880703926086426
0.0 13.193514823913574
0.0 13.442580223083496
0.0 13.708503723144531
0.0 14.117501258850098
0.0 14.324105262756348
0.0 14.58818244934082
0.0 15.580667495727539
0.0 15.584779739379883
0.0 16.318513870239258
0.0 16.577184677124023
0.0 17.157625198364258
0.0 17.4837589263916
0.0 18.39784812927246
0.0 19.68163299560547
0.0 19.974884033203125
0.0 23.382545471191406
0.0 26.257976531982422
0.0 26.74110221862793
0.0 28.323801040649414
0.0 28.817543029785156
0.0 29.144407272338867
0.0 30.05217170715332
0.0 31.078702926635742
0.0 32.24925231933594
0.0 inf
57.145267486572266 59.499656677246094
54.93561553955078 55.67562484741211
47.751094818115234 65.82176971435547
47.48685073852539 65.23918914794922
19.99161148071289 23.02667236328125
17.61894989013672 21.21855926513672
17.32415199279785 21.760419845581055
15.933862686157227 16.78473472595215
15.127854347229004 16.8289852142334
14.78128433227539 16.53472900390625
13.608372688293457 14.20125675201416
12.8183012008667 13.285913467407227
12.670941352844238 13.935654640197754
12.22684097290039 17.651426315307617
11.634044647216797 13.763084411621094
11.373437881469727 12.645666122436523
10.845922470092773 14.7560453414917
9.997075080871582 10.59885025024414
9.643793106079102 10.255571365356445
9.490140914916992 11.201388359069824
9.347003936767578 10.998589515686035
8.683877944946289 10.247846603393555
8.275874137878418 9.193981170654297
8.074851989746094 9.104194641113281
