0.0 1.1307483911514282
0.0 1.1679692268371582
0.0 1.3467389345169067
0.0 3.5676352977752686
0.0 4.170295238494873
0.0 4.194122314453125
0.0 4.707657337188721
0.0 4.8317389488220215
0.0 5.1554765701293945
0.0 5.251893043518066
0.0 5.291841983795166
0.0 5.302029609680176
0.0 5.632723331451416
0.0 5.642911911010742
0.0 5.909736633300781
0.0 6.356420516967773
0.0 6.431772708892822
0.0 6.4329400062561035
0.0 6.494050025939941
0.0 6.616116523742676
0.0 6.830303192138672
0.0 7.025337219238281
0.0 7.103963851928711
0.0 7.46216344833374
0.0 7.483345985412598
0.0 7.537762641906738
0.0 7.550626754760742
0.0 7.678897380828857
0.0 7.732863903045654
0.0 7.926033973693848
0.0 7.993269443511963
0.0 8.198641777038574
0.0 8.277215957641602
0.0 8.29452896118164
0.0 8.302902221679688
0.0 8.331796646118164
0.0 8.347456932067871
0.0 8.393574714660645
0.0 8.409822463989258
0.0 8.63295841217041
0.0 8.666817665100098
0.0 8.728706359863281
0.0 8.775750160217285
0.0 8.892959594726562
0.0 9.104252815246582
0.0 9.355384826660156
0.0 9.476988792419434
0.0 9.755585670471191
0.0 9.76411247253418
0.0 9.972894668579102
0.0 9.985557556152344
0.0 10.327805519104004
0.0 10.454371452331543
0.0 11.32094669342041
0.0 11.42238712310791
0.0 11.501809120178223
0.0 12.800233840942383
0.0 12.843676567077637
0.0 12.986178398132324
0.0 13.16788101196289
0.0 13.180933952331543
0.0 13.258710861206055
0.0 13.468663215637207
0.0 13.567065238952637
0.0 14.817973136901855
0.0 16.521665573120117
0.0 16.702653884887695
0.0 17.302867889404297
0.0 19.52850914001465
0.0 21.724632263183594
0.0 22.128631591796875
0.0 22.763229370117188
0.0 23.204925537109375
0.0 23.790884017944336
0.0 24.75596809387207
0.0 25.12593650817871
0.0 26.42984962463379
0.0 26.607492446899414
0.0 28.31646728515625
0.0 28.579364776611328
0.0 34.08811950683594
0.0 inf
45.64159393310547 46.092926025390625
44.26765441894531 60.22706985473633
39.25708770751953 62.887081146240234
36.60669708251953 38.848941802978516
34.39254379272461 36.70016098022461
19.167726516723633 26.20279884338379
18.361330032348633 21.0064640045166
17.462650299072266 20.554410934448242
16.084352493286133 18.142414093017578
14.183435440063477 16.263853073120117
13.443595886230469 13.947412490844727
12.617263793945312 14.877253532409668
11.471393585205078 12.824894905090332
10.89291000366211 11.369012832641602
10.556249618530273 12.087589263916016
10.22301197052002 10.299168586730957
9.986651420593262 13.297585487365723
9.87447452545166 11.770113945007324
9.644270896911621 9.86903190612793
9.419413566589355 13.679299354553223
8.786155700683594 9.347646713256836
8.729000091552734 11.246708869934082
8.286609649658203 8.624085426330566
8.025511741638184 9.543047904968262
7.685039043426514 8.746999740600586
