0.0 1.089548110961914
0.0 1.111295461654663
0.0 1.1658704280853271
0.0 4.5290446281433105
0.0 4.623289585113525
0.0 5.410892009735107
0.0 5.517409324645996
0.0 5.685122966766357
0.0 5.750207424163818
0.0 5.8793745040893555
0.0 6.131954669952393
0.0 6.332287788391113
0.0 6.41432523727417
0.0 6.424448013305664
0.0 6.598814964294434
0.0 6.601602077484131
0.0 6.615255355834961
0.0 6.632758617401123
0.0 6.640940189361572
0.0 6.746948719024658
0.0 6.817294120788574
0.0 6.874507904052734
0.0 7.203709602355957
0.0 7.22442626953125
0.0 7.398164749145508
0.0 7.406564235687256
0.0 7.428194522857666
0.0 7.530667304992676
0.0 7.600783348083496
0.0 7.6176347732543945
0.0 7.714077949523926
0.0 7.764637470245361
0.0 7.993311882019043
0.0 8.016175270080566
0.0 8.016183853149414
0.0 8.062092781066895
0.0 8.265348434448242
0.0 8.31145191192627
0.0 8.33697509765625
0.0 8.382798194885254
0.0 8.384682655334473
0.0 8.385370254516602
0.0 8.412071228027344
0.0 8.557195663452148
0.0 8.566534996032715
0.0 8.580852508544922
0.0 8.660101890563965
0.0 8.66142463684082
0.0 8.83020305633545
0.0 8.878790855407715
0.0 8.954087257385254
0.0 9.275596618652344
0.0 9.424062728881836
0.0 9.571324348449707
0.0 10.416873931884766
0.0 11.102593421936035
0.0 11.763771057128906
0.0 11.801716804504395
0.0 12.261324882507324
0.0 13.54290771484375
0.0 13.563810348510742
0.0 14.355302810668945
0.0 14.862041473388672
0.0 15.331578254699707
0.0 16.475318908691406
0.0 17.522239685058594
0.0 17.629011154174805
0.0 17.63835334777832
0.0 17.66717529296875
0.0 18.296123504638672
0.0 18.870094299316406
0.0 20.510574340820312
0.0 20.866186141967773
0.0 21.430177688598633
0.0 22.661645889282227
0.0 27.872331619262695
0.0 29.339675903320312
0.0 29.693130493164062
0.0 30.33763885498047
0.0 33.18190002441406
0.0 34.012062072753906
0.0 inf
55.77068328857422 56.66301345825195
54.136146545410156 70.93528747558594
47.364601135253906 63.69622802734375
22.542478561401367 23.282047271728516
19.02658462524414 25.905132293701172
18.77616310119629 21.431777954101562
13.901137351989746 14.133360862731934
12.925006866455078 13.666707038879395
11.838955879211426 12.751442909240723
11.454530715942383 11.939416885375977
10.7689208984375 11.19093132019043
10.746591567993164 11.917980194091797
10.242666244506836 10.77915096282959
10.102926254272461 10.335532188415527
9.745561599731445 12.755627632141113
9.523661613464355 10.337390899658203
9.370221138000488 12.754590034484863
8.700275421142578 11.937803268432617
8.608999252319336 9.731099128723145
8.601109504699707 9.1082181930542
8.454609870910645 8.460831642150879
8.443265914916992 9.944477081298828
8.391160011291504 9.423477172851562
8.085427284240723 9.693358421325684
7.860995769500732 9.626185417175293
7.097312927246094 7.733792304992676
