0.0 1.1583541631698608
0.0 1.2001574039459229
0.0 1.3314768075942993
0.0 3.576932668685913
0.0 4.05149507522583
0.0 4.1970062255859375
0.0 4.8838419914245605
0.0 5.16372537612915
0.0 5.265445709228516
0.0 5.309391498565674
0.0 5.3853302001953125
0.0 5.444810390472412
0.0 5.466217517852783
0.0 5.740875244140625
0.0 5.897764682769775
0.0 5.898240566253662
0.0 6.3137993812561035
0.0 6.353846549987793
0.0 6.482150554656982
0.0 6.524321556091309
0.0 6.548587799072266
0.0 6.556882381439209
0.0 6.62703275680542
0.0 6.802142143249512
0.0 6.804234981536865
0.0 7.430542945861816
0.0 7.453990936279297
0.0 7.542336463928223
0.0 7.574092388153076
0.0 7.751700401306152
0.0 7.761843681335449
0.0 7.801548004150391
0.0 7.967535018920898
0.0 8.071920394897461
0.0 8.187124252319336
0.0 8.199053764343262
0.0 8.226874351501465
0.0 8.282793998718262
0.0 8.285233497619629
0.0 8.35688591003418
0.0 8.415266990661621
0.0 8.64869213104248
0.0 8.735180854797363
0.0 8.783293724060059
0.0 9.14627742767334
0.0 9.262565612792969
0.0 9.273595809936523
0.0 9.813043594360352
0.0 9.845419883728027
0.0 10.008832931518555
0.0 10.370176315307617
0.0 10.640984535217285
0.0 10.831903457641602
0.0 11.060489654541016
0.0 11.456779479980469
0.0 12.605887413024902
0.0 12.791589736938477
0.0 12.980835914611816
0.0 13.201157569885254
0.0 13.231637001037598
0.0 13.268420219421387
0.0 13.454739570617676
0.0 13.56071662902832
0.0 13.579957962036133
0.0 14.572922706604004
0.0 16.274301528930664
0.0 16.371923446655273
0.0 17.461654663085938
0.0 19.554224014282227
0.0 20.992403030395508
0.0 22.233556747436523
0.0 23.006805419921875
0.0 23.793394088745117
0.0 23.997623443603516
0.0 24.46316909790039
0.0 25.183618545532227
0.0 25.31859588623047
0.0 26.386219024658203
0.0 28.520801544189453
0.0 28.71556282043457
0.0 34.36404037475586
0.0 inf
45.680660247802734 46.216243743896484
45.31514358520508 61.47810363769531
39.06324005126953 63.44203567504883
37.52604293823242 39.261253356933594
31.52045249938965 37.33506774902344
19.077598571777344 26.401601791381836
18.349075317382812 21.34644889831543
17.445770263671875 20.60280990600586
16.275592803955078 18.220849990844727
14.747429847717285 16.473472595214844
14.411005973815918 14.66878890991211
14.337261199951172 14.788066864013672
14.105657577514648 16.550626754760742
11.401261329650879 13.972241401672363
11.137530326843262 11.626431465148926
10.309775352478027 10.792267799377441
10.292643547058105 11.707185745239258
10.009551048278809 12.003401756286621
9.764354705810547 14.827370643615723
9.609768867492676 10.269194602966309
8.65832233428955 9.851777076721191
8.619583129882812 10.60326099395752
8.303329467773438 9.118494987487793
7.914313793182373 8.77788257598877
7.7867631912231445 9.448891639709473
