0.0 2.456688642501831
0.0 3.743133306503296
0.0 4.233306407928467
0.0 4.395870208740234
0.0 5.025318622589111
0.0 5.308666706085205
0.0 5.45686149597168
0.0 5.652273178100586
0.0 5.738829135894775
0.0 6.34702730178833
0.0 6.396278381347656
0.0 6.399376392364502
0.0 6.431962966918945
0.0 6.503602981567383
0.0 6.707513332366943
0.0 6.843692779541016
0.0 6.926194667816162
0.0 7.055812358856201
0.0 7.152896881103516
0.0 7.321935176849365
0.0 7.378608226776123
0.0 7.401116371154785
0.0 7.424205780029297
0.0 7.440866947174072
0.0 7.479619026184082
0.0 7.496335983276367
0.0 7.779783248901367
0.0 7.788890838623047
0.0 8.030204772949219
0.0 8.245282173156738
0.0 8.303903579711914
0.0 8.374526977539062
0.0 8.379984855651855
0.0 8.411492347717285
0.0 8.512697219848633
0.0 8.528242111206055
0.0 8.705648422241211
0.0 8.737675666809082
0.0 9.071903228759766
0.0 9.238018989562988
0.0 9.254899978637695
0.0 9.257425308227539
0.0 9.450159072875977
0.0 9.473819732666016
0.0 9.53291130065918
0.0 9.573577880859375
0.0 9.612943649291992
0.0 10.233559608459473
0.0 10.367666244506836
0.0 10.58847713470459
0.0 10.664251327514648
0.0 10.734196662902832
0.0 10.757399559020996
0.0 11.057635307312012
0.0 11.153904914855957
0.0 11.453229904174805
0.0 11.533005714416504
0.0 12.930557250976562
0.0 13.12926959991455
0.0 13.264870643615723
0.0 13.535294532775879
0.0 13.579741477966309
0.0 13.97769832611084
0.0 15.955087661743164
0.0 15.96633243560791
0.0 17.146419525146484
0.0 17.506027221679688
0.0 17.761945724487305
0.0 18.648006439208984
0.0 19.195323944091797
0.0 19.19734764099121
0.0 19.4337215423584
0.0 22.487350463867188
0.0 23.688125610351562
0.0 24.86577796936035
0.0 26.19142723083496
0.0 26.580860137939453
0.0 26.676542282104492
0.0 29.80498504638672
0.0 29.94290542602539
0.0 32.56848907470703
0.0 inf
48.858760833740234 50.86766052246094
47.75348663330078 61.024166107177734
37.55135726928711 58.76921463012695
19.712526321411133 22.96141242980957
19.646339416503906 21.830392837524414
18.545909881591797 24.396055221557617
17.19820213317871 18.332853317260742
16.165672302246094 17.57233428955078
14.892361640930176 18.307043075561523
14.786130905151367 18.151939392089844
13.915762901306152 15.12863540649414
13.431299209594727 13.745672225952148
12.394311904907227 12.659040451049805
11.770069122314453 13.091645240783691
11.409219741821289 12.488824844360352
11.086953163146973 15.152795791625977
10.69505500793457 11.234176635742188
10.197379112243652 12.539285659790039
10.130271911621094 10.54911994934082
9.990666389465332 11.051159858703613
9.468050003051758 11.333626747131348
9.42853832244873 10.71179485321045
8.629220008850098 10.486615180969238
8.368499755859375 10.023940086364746
7.552145004272461 9.676867485046387
7.4543609619140625 9.86163330078125
