0.0 1.2878519296646118
0.0 1.4147636890411377
0.0 2.8711018562316895
0.0 3.3983922004699707
0.0 4.189899444580078
0.0 4.4000935554504395
0.0 4.667333126068115
0.0 4.935401916503906
0.0 5.142261028289795
0.0 5.24518346786499
0.0 5.338432312011719
0.0 5.649829864501953
0.0 5.999568939208984
0.0 6.419899940490723
0.0 6.44187593460083
0.0 6.813632965087891
0.0 6.872123718261719
0.0 7.020329475402832
0.0 7.069651126861572
0.0 7.212089538574219
0.0 7.28485631942749
0.0 7.358208656311035
0.0 7.360769748687744
0.0 7.420536041259766
0.0 7.485658645629883
0.0 7.6187052726745605
0.0 7.626871585845947
0.0 7.633427619934082
0.0 7.707076072692871
0.0 7.757254123687744
0.0 7.810786724090576
0.0 7.860827445983887
0.0 7.875737190246582
0.0 7.988508224487305
0.0 8.030380249023438
0.0 8.106895446777344
0.0 8.114238739013672
0.0 8.341928482055664
0.0 8.370122909545898
0.0 8.549269676208496
0.0 8.570157051086426
0.0 8.610037803649902
0.0 8.734716415405273
0.0 8.803291320800781
0.0 8.848115921020508
0.0 9.117559432983398
0.0 9.47043514251709
0.0 9.483072280883789
0.0 9.574468612670898
0.0 10.295398712158203
0.0 10.371062278747559
0.0 10.449012756347656
0.0 10.66030502319336
0.0 10.692614555358887
0.0 10.776721000671387
0.0 10.95687484741211
0.0 11.220359802246094
0.0 11.750495910644531
0.0 12.073495864868164
0.0 12.650100708007812
0.0 13.747030258178711
0.0 14.031867980957031
0.0 14.116560935974121
0.0 14.518016815185547
0.0 15.005460739135742
0.0 15.128474235534668
0.0 16.867277145385742
0.0 17.331186294555664
0.0 18.534767150878906
0.0 18.58930015563965
0.0 19.315961837768555
0.0 19.48341178894043
0.0 22.704492568969727
0.0 22.86202621459961
0.0 25.940479278564453
0.0 26.53143310546875
0.0 27.838632583618164
0.0 28.76689910888672
0.0 29.5568790435791
0.0 33.52972412109375
0.0 34.751686096191406
0.0 inf
41.17859649658203 42.48202896118164
39.70819854736328 64.67828369140625
36.86276626586914 38.481689453125
36.27050018310547 60.97511291503906
19.340177536010742 21.482290267944336
17.62131118774414 24.741941452026367
17.426605224609375 22.140865325927734
14.68801212310791 16.21727180480957
14.30852222442627 16.06173324584961
12.631925582885742 15.951300621032715
11.635054588317871 11.937368392944336
11.378087043762207 12.462302207946777
10.984299659729004 11.391464233398438
10.343353271484375 13.198514938354492
10.282258033752441 13.272561073303223
9.88389778137207 11.658472061157227
9.49496078491211 12.611395835876465
9.369195938110352 11.742424011230469
9.281739234924316 9.343462944030762
9.270868301391602 9.915173530578613
9.11631965637207 9.73692798614502
9.026178359985352 10.87161922454834
7.525628566741943 8.928650856018066
