0.0 3.410769462585449
0.0 3.4352316856384277
0.0 4.381771564483643
0.0 4.513361930847168
0.0 5.221854209899902
0.0 5.273116111755371
0.0 5.344367027282715
0.0 5.356212139129639
0.0 5.3791303634643555
0.0 5.467482566833496
0.0 5.558568954467773
0.0 6.387845993041992
0.0 6.492030620574951
0.0 6.645423889160156
0.0 6.705190181732178
0.0 7.378538131713867
0.0 7.387573719024658
0.0 7.433165550231934
0.0 7.446455955505371
0.0 7.534704208374023
0.0 7.555955410003662
0.0 7.572689533233643
0.0 7.874236106872559
0.0 7.925252914428711
0.0 7.932651519775391
0.0 8.019282341003418
0.0 8.089887619018555
0.0 8.251835823059082
0.0 8.303889274597168
0.0 8.381494522094727
0.0 8.399784088134766
0.0 8.60035228729248
0.0 8.655508041381836
0.0 8.772234916687012
0.0 9.264915466308594
0.0 9.315685272216797
0.0 9.329350471496582
0.0 9.357610702514648
0.0 9.364089012145996
0.0 9.376893997192383
0.0 9.62170124053955
0.0 9.723801612854004
0.0 9.773792266845703
0.0 9.811017990112305
0.0 10.108838081359863
0.0 10.228663444519043
0.0 10.521026611328125
0.0 10.575005531311035
0.0 10.63589859008789
0.0 11.01027774810791
0.0 11.16411018371582
0.0 11.406251907348633
0.0 11.985184669494629
0.0 12.207649230957031
0.0 13.26596450805664
0.0 13.317954063415527
0.0 13.442058563232422
0.0 13.745065689086914
0.0 13.927605628967285
0.0 14.126201629638672
0.0 14.172218322753906
0.0 14.607382774353027
0.0 14.954522132873535
0.0 15.118575096130371
0.0 15.425573348999023
0.0 16.884414672851562
0.0 17.1513614654541
0.0 17.176637649536133
0.0 17.65790557861328
0.0 17.730764389038086
0.0 18.343473434448242
0.0 19.9179744720459
0.0 20.794553756713867
0.0 25.105388641357422
0.0 25.739093780517578
0.0 27.254650115966797
0.0 27.66082763671875
0.0 28.84862518310547
0.0 29.10883331298828
0.0 30.85999298095703
0.0 32.59156036376953
0.0 inf
52.1903190612793 57.44866180419922
52.00066375732422 56.10300827026367
49.84429931640625 63.87949752807617
47.52454376220703 62.807945251464844
19.549968719482422 20.666114807128906
18.572172164916992 22.975666046142578
18.094974517822266 19.04680633544922
17.428085327148438 22.646533966064453
16.60350227355957 17.006561279296875
16.538257598876953 19.940031051635742
16.279935836791992 19.294755935668945
15.382777214050293 16.23041343688965
15.377284049987793 15.584707260131836
14.758720397949219 15.658613204956055
14.247247695922852 14.728245735168457
13.688570976257324 16.74639129638672
13.522943496704102 13.801755905151367
11.803152084350586 11.894964218139648
10.501012802124023 13.25148868560791
9.599627494812012 11.466765403747559
9.56702709197998 11.155840873718262
9.432496070861816 11.788512229919434
9.394169807434082 11.871745109558105
9.346332550048828 10.146159172058105
9.28200912475586 9.71254825592041
9.177510261535645 10.029236793518066
9.11971378326416 11.235075950622559
8.8610200881958 9.162099838256836
8.805476188659668 9.201313018798828
8.163924217224121 9.042472839355469
