0.0 3.348182439804077
0.0 3.824258327484131
0.0 4.263497352600098
0.0 4.427731037139893
0.0 4.823516368865967
0.0 5.542179584503174
0.0 5.605200290679932
0.0 5.875302314758301
0.0 5.967294692993164
0.0 5.994173049926758
0.0 6.302236080169678
0.0 6.342069149017334
0.0 6.391521453857422
0.0 6.468985557556152
0.0 6.53167200088501
0.0 6.578202247619629
0.0 6.599313259124756
0.0 6.626200199127197
0.0 6.6530232429504395
0.0 6.755179405212402
0.0 7.032138824462891
0.0 7.072201251983643
0.0 7.346076965332031
0.0 7.367604732513428
0.0 7.37270450592041
0.0 7.411134719848633
0.0 7.441514492034912
0.0 7.449375152587891
0.0 7.798600196838379
0.0 8.183128356933594
0.0 8.293600082397461
0.0 8.509086608886719
0.0 8.521883964538574
0.0 8.554666519165039
0.0 8.591282844543457
0.0 8.685052871704102
0.0 8.829530715942383
0.0 8.836257934570312
0.0 8.96312141418457
0.0 8.979793548583984
0.0 9.133883476257324
0.0 9.231496810913086
0.0 9.397270202636719
0.0 9.450396537780762
0.0 9.826459884643555
0.0 9.868215560913086
0.0 10.139223098754883
0.0 10.392663955688477
0.0 10.492167472839355
0.0 10.82750415802002
0.0 10.849981307983398
0.0 11.06248664855957
0.0 12.169861793518066
0.0 12.514057159423828
0.0 12.723258018493652
0.0 12.844358444213867
0.0 13.041171073913574
0.0 13.161330223083496
0.0 13.241772651672363
0.0 13.452122688293457
0.0 14.816229820251465
0.0 15.17803955078125
0.0 15.317850112915039
0.0 15.436422348022461
0.0 16.078628540039062
0.0 16.454343795776367
0.0 16.896596908569336
0.0 17.079275131225586
0.0 17.818626403808594
0.0 18.099748611450195
0.0 18.38091278076172
0.0 18.500024795532227
0.0 19.268295288085938
0.0 20.288253784179688
0.0 23.317777633666992
0.0 26.526378631591797
0.0 29.431320190429688
0.0 29.49656867980957
0.0 31.637563705444336
0.0 32.1739616394043
0.0 37.1836051940918
0.0 inf
51.27356719970703 70.84516906738281
48.550323486328125 66.81092834472656
39.871952056884766 42.84562301635742
20.496549606323242 21.127456665039062
18.722299575805664 24.81009292602539
18.649038314819336 19.42491340637207
17.837820053100586 19.606481552124023
16.876047134399414 17.125795364379883
15.90676212310791 17.084848403930664
15.696425437927246 19.442283630371094
15.413262367248535 15.452718734741211
15.256463050842285 18.315841674804688
12.78930950164795 14.224258422851562
10.662203788757324 10.770684242248535
10.608467102050781 13.502002716064453
10.567815780639648 11.806584358215332
9.981406211853027 12.842121124267578
9.801639556884766 10.090874671936035
9.733237266540527 11.064375877380371
9.650493621826172 10.840060234069824
9.592717170715332 11.443803787231445
9.580018043518066 10.493173599243164
9.5230131149292 9.665736198425293
8.846661567687988 9.533251762390137
8.120498657226562 8.493263244628906
7.812548637390137 8.829476356506348
7.724443435668945 9.853259086608887
7.463508129119873 9.829760551452637
