0.0 2.5215516090393066
0.0 3.403355598449707
0.0 4.573726654052734
0.0 4.895275592803955
0.0 5.396378993988037
0.0 5.620418548583984
0.0 5.668097972869873
0.0 6.2144293785095215
0.0 6.287042617797852
0.0 6.318300247192383
0.0 6.331751346588135
0.0 6.561826705932617
0.0 6.57829475402832
0.0 6.676205158233643
0.0 6.742971420288086
0.0 6.776643753051758
0.0 6.784588813781738
0.0 6.975650310516357
0.0 7.373502731323242
0.0 7.376852035522461
0.0 7.494065761566162
0.0 7.523767948150635
0.0 7.530625343322754
0.0 7.613296985626221
0.0 7.6440277099609375
0.0 7.910802364349365
0.0 8.240594863891602
0.0 8.276565551757812
0.0 8.392416000366211
0.0 8.411657333374023
0.0 8.429147720336914
0.0 8.445378303527832
0.0 8.517756462097168
0.0 8.543930053710938
0.0 8.616849899291992
0.0 8.8555326461792
0.0 8.886640548706055
0.0 9.10837173461914
0.0 9.227166175842285
0.0 9.262065887451172
0.0 9.444912910461426
0.0 9.464815139770508
0.0 9.590542793273926
0.0 9.712869644165039
0.0 9.730096817016602
0.0 9.843134880065918
0.0 10.078510284423828
0.0 10.172640800476074
0.0 10.221559524536133
0.0 10.241121292114258
0.0 10.337427139282227
0.0 10.848326683044434
0.0 10.854049682617188
0.0 10.938294410705566
0.0 11.013253211975098
0.0 11.619988441467285
0.0 11.740774154663086
0.0 12.573904037475586
0.0 13.40114974975586
0.0 13.45946979522705
0.0 13.978337287902832
0.0 14.46039867401123
0.0 14.962844848632812
0.0 15.930521011352539
0.0 17.612977981567383
0.0 18.239625930786133
0.0 18.495935440063477
0.0 18.941659927368164
0.0 19.64728546142578
0.0 20.127521514892578
0.0 21.956130981445312
0.0 22.174266815185547
0.0 22.287883758544922
0.0 24.363122940063477
0.0 24.95703125
0.0 25.46493911743164
0.0 25.482080459594727
0.0 26.056943893432617
0.0 29.20858383178711
0.0 30.36897087097168
0.0 30.828866958618164
0.0 inf
37.42694091796875 57.39608383178711
36.92799758911133 62.1467170715332
33.158145904541016 40.06233596801758
23.432268142700195 28.570737838745117
19.651517868041992 21.321645736694336
17.084640502929688 19.2349853515625
16.80253791809082 19.989086151123047
16.63956069946289 16.895933151245117
15.44517993927002 16.722827911376953
14.101510047912598 16.305774688720703
13.629600524902344 15.958636283874512
11.067625999450684 13.178179740905762
10.806133270263672 11.386022567749023
10.639059066772461 10.725582122802734
10.595561981201172 11.3930082321167
9.51364803314209 12.42770004272461
9.432031631469727 11.172260284423828
8.83337116241455 11.789557456970215
8.686006546020508 8.960344314575195
8.427251815795898 10.52398681640625
7.721550941467285 9.011774063110352
