0.0 1.1418222188949585
0.0 1.1587574481964111
0.0 1.3532990217208862
0.0 3.583914041519165
0.0 4.180813789367676
0.0 4.195486545562744
0.0 4.765299320220947
0.0 4.848465442657471
0.0 5.1502509117126465
0.0 5.264338493347168
0.0 5.29966402053833
0.0 5.30186653137207
0.0 5.636953353881836
0.0 5.6415534019470215
0.0 5.918638706207275
0.0 6.350175857543945
0.0 6.4160966873168945
0.0 6.459234714508057
0.0 6.488749980926514
0.0 6.497824668884277
0.0 6.6058831214904785
0.0 6.818562030792236
0.0 7.013287544250488
0.0 7.106425762176514
0.0 7.347884178161621
0.0 7.479708671569824
0.0 7.538263320922852
0.0 7.548444747924805
0.0 7.581441402435303
0.0 7.7529520988464355
0.0 7.884705066680908
0.0 8.00885009765625
0.0 8.207648277282715
0.0 8.22648811340332
0.0 8.278488159179688
0.0 8.29771614074707
0.0 8.344269752502441
0.0 8.350678443908691
0.0 8.373631477355957
0.0 8.61877727508545
0.0 8.63241958618164
0.0 8.737250328063965
0.0 8.754178047180176
0.0 9.022143363952637
0.0 9.351924896240234
0.0 9.360010147094727
0.0 9.4451265335083
0.0 9.886994361877441
0.0 9.910799980163574
0.0 9.994950294494629
0.0 10.002864837646484
0.0 10.381207466125488
0.0 10.513300895690918
0.0 11.181256294250488
0.0 11.4138822555542
0.0 11.496530532836914
0.0 12.745109558105469
0.0 12.89844799041748
0.0 13.032732963562012
0.0 13.16501235961914
0.0 13.275992393493652
0.0 13.301698684692383
0.0 13.468314170837402
0.0 13.573234558105469
0.0 14.829672813415527
0.0 16.48967742919922
0.0 17.13999366760254
0.0 17.143308639526367
0.0 20.077083587646484
0.0 21.709985733032227
0.0 21.79240608215332
0.0 22.72081184387207
0.0 23.834396362304688
0.0 24.326377868652344
0.0 24.750635147094727
0.0 25.130359649658203
0.0 25.743017196655273
0.0 26.286325454711914
0.0 28.251672744750977
0.0 28.550308227539062
0.0 34.08634948730469
0.0 inf
45.75651550292969 46.0665168762207
44.00889205932617 62.59771728515625
39.38698196411133 62.72149658203125
36.73133087158203 38.960140228271484
34.79529571533203 37.44407272338867
19.27980613708496 26.251527786254883
18.346393585205078 21.073820114135742
17.464094161987305 20.55518913269043
16.033008575439453 18.15235710144043
14.166223526000977 16.306367874145508
13.710467338562012 14.849157333374023
13.395124435424805 13.938943862915039
11.400699615478516 13.639959335327148
10.973488807678223 11.469270706176758
10.583807945251465 12.12808609008789
10.253673553466797 11.730134010314941
10.230338096618652 10.292707443237305
10.085094451904297 12.61718463897705
9.896154403686523 14.013136863708496
9.653467178344727 9.845144271850586
8.795085906982422 10.474997520446777
8.768280982971191 9.343950271606445
8.292397499084473 8.613429069519043
8.046936988830566 9.549454689025879
7.694187641143799 8.746840476989746
