0.0 1.037943720817566
0.0 1.090112566947937
0.0 1.0966726541519165
0.0 3.3339455127716064
0.0 4.343269348144531
0.0 4.388363838195801
0.0 5.298426628112793
0.0 5.898189544677734
0.0 5.915157318115234
0.0 6.016098499298096
0.0 6.060944080352783
0.0 6.131992340087891
0.0 6.271310806274414
0.0 6.325294017791748
0.0 6.326745510101318
0.0 6.36689567565918
0.0 6.403690338134766
0.0 6.560288429260254
0.0 6.6167755126953125
0.0 6.670073986053467
0.0 6.729581356048584
0.0 6.7300496101379395
0.0 6.879751682281494
0.0 7.27216100692749
0.0 7.2725372314453125
0.0 7.392378330230713
0.0 7.557357311248779
0.0 7.567558288574219
0.0 7.586803913116455
0.0 7.601914882659912
0.0 7.642251968383789
0.0 7.67551326751709
0.0 7.7078938484191895
0.0 8.01268196105957
0.0 8.065707206726074
0.0 8.321364402770996
0.0 8.323108673095703
0.0 8.327987670898438
0.0 8.331680297851562
0.0 8.394472122192383
0.0 8.401061058044434
0.0 8.501424789428711
0.0 8.620682716369629
0.0 8.643157958984375
0.0 8.80872631072998
0.0 8.82248592376709
0.0 8.963286399841309
0.0 10.285600662231445
0.0 10.53830337524414
0.0 10.713493347167969
0.0 10.968460083007812
0.0 11.587668418884277
0.0 11.705964088439941
0.0 11.760822296142578
0.0 11.922026634216309
0.0 12.439569473266602
0.0 12.908848762512207
0.0 13.238818168640137
0.0 13.50031852722168
0.0 13.52586841583252
0.0 13.560452461242676
0.0 14.258689880371094
0.0 14.42452335357666
0.0 14.694082260131836
0.0 16.430356979370117
0.0 16.771148681640625
0.0 17.47942352294922
0.0 18.383359909057617
0.0 21.544082641601562
0.0 21.864261627197266
0.0 21.91284942626953
0.0 23.002378463745117
0.0 23.45911407470703
0.0 23.839584350585938
0.0 23.954437255859375
0.0 24.609281539916992
0.0 24.97709083557129
0.0 27.385622024536133
0.0 27.405061721801758
0.0 29.680469512939453
0.0 35.52364730834961
0.0 inf
46.15619659423828 68.56829071044922
39.06108856201172 64.58626556396484
38.25074768066406 39.3563232421875
34.9929084777832 36.88831329345703
20.835065841674805 20.850793838500977
19.88739585876465 20.518566131591797
18.492589950561523 22.485374450683594
18.478853225708008 21.407440185546875
18.24640464782715 26.200626373291016
18.078325271606445 21.046367645263672
15.598722457885742 18.7930850982666
13.977338790893555 14.81686782836914
11.83687973022461 13.473105430603027
10.637435913085938 11.79669189453125
10.44586181640625 13.499091148376465
10.386096954345703 12.694647789001465
9.966272354125977 11.147713661193848
9.733050346374512 11.852775573730469
9.651793479919434 11.076565742492676
9.315567016601562 13.995061874389648
8.678009033203125 8.712380409240723
8.648370742797852 9.912943840026855
8.477453231811523 8.913101196289062
7.672633171081543 9.307608604431152
