0.0 1.310001015663147
0.0 1.4192495346069336
0.0 4.32153844833374
0.0 4.4757513999938965
0.0 5.164810657501221
0.0 5.465743541717529
0.0 5.652488708496094
0.0 5.817984580993652
0.0 6.136363983154297
0.0 6.154908657073975
0.0 6.310998439788818
0.0 6.332557678222656
0.0 6.371732711791992
0.0 6.420535564422607
0.0 6.428577423095703
0.0 6.527827262878418
0.0 6.670039653778076
0.0 6.695879936218262
0.0 7.349693298339844
0.0 7.367542743682861
0.0 7.404412746429443
0.0 7.44703483581543
0.0 7.460739612579346
0.0 7.534169673919678
0.0 7.564687252044678
0.0 7.61198091506958
0.0 7.759564399719238
0.0 7.801403999328613
0.0 7.807737350463867
0.0 7.810343265533447
0.0 7.8588361740112305
0.0 8.002307891845703
0.0 8.026386260986328
0.0 8.150395393371582
0.0 8.241296768188477
0.0 8.392912864685059
0.0 8.399117469787598
0.0 8.415908813476562
0.0 8.440205574035645
0.0 8.450885772705078
0.0 8.487347602844238
0.0 8.506871223449707
0.0 8.585026741027832
0.0 8.65919017791748
0.0 8.674057960510254
0.0 8.693811416625977
0.0 8.818593978881836
0.0 8.822258949279785
0.0 8.902326583862305
0.0 9.097952842712402
0.0 9.35952377319336
0.0 9.57752799987793
0.0 9.786099433898926
0.0 10.409636497497559
0.0 11.177199363708496
0.0 12.032027244567871
0.0 12.116976737976074
0.0 12.312256813049316
0.0 12.933221817016602
0.0 13.52163028717041
0.0 14.239544868469238
0.0 14.365127563476562
0.0 14.779866218566895
0.0 15.673428535461426
0.0 16.81867027282715
0.0 17.208850860595703
0.0 17.664785385131836
0.0 18.103641510009766
0.0 18.844459533691406
0.0 19.02412986755371
0.0 21.062517166137695
0.0 21.842857360839844
0.0 21.966854095458984
0.0 22.13180160522461
0.0 28.027545928955078
0.0 28.787525177001953
0.0 29.073625564575195
0.0 29.501266479492188
0.0 31.735490798950195
0.0 34.46488952636719
0.0 inf
54.38340759277344 69.70453643798828
46.97139358520508 63.03662872314453
22.247920989990234 23.21979522705078
18.9863338470459 26.786808013916016
18.457839965820312 21.483043670654297
13.90950870513916 14.108390808105469
12.154620170593262 12.699748039245605
11.191086769104004 12.184843063354492
10.917604446411133 11.191900253295898
10.852978706359863 12.100449562072754
10.746438980102539 12.773941993713379
10.441707611083984 10.8976411819458
10.228754997253418 10.359606742858887
9.85726261138916 12.700714111328125
9.56479549407959 10.682939529418945
9.492995262145996 10.396172523498535
9.34189510345459 10.3436861038208
9.290831565856934 11.911138534545898
8.728428840637207 8.961990356445312
8.719823837280273 11.996064186096191
8.486329078674316 9.595962524414062
8.08501148223877 9.70759391784668
7.759511947631836 9.921463966369629
7.198638916015625 7.71169900894165
