0.0 1.3060919046401978
0.0 1.3519706726074219
0.0 1.39857017993927
0.0 3.8367741107940674
0.0 4.021604061126709
0.0 4.196120262145996
0.0 4.530191421508789
0.0 4.6261467933654785
0.0 4.938316822052002
0.0 5.677323818206787
0.0 5.769935607910156
0.0 6.373020172119141
0.0 6.398120403289795
0.0 6.427361965179443
0.0 6.496908187866211
0.0 6.735982894897461
0.0 6.876352310180664
0.0 6.90199089050293
0.0 6.909808158874512
0.0 6.920420169830322
0.0 7.164391994476318
0.0 7.363058090209961
0.0 7.416518211364746
0.0 7.4322686195373535
0.0 7.466665744781494
0.0 7.685755729675293
0.0 7.795721054077148
0.0 7.866952896118164
0.0 7.945115566253662
0.0 8.191431999206543
0.0 8.198634147644043
0.0 8.320710182189941
0.0 8.417319297790527
0.0 8.420554161071777
0.0 8.430449485778809
0.0 8.550895690917969
0.0 8.6278657913208
0.0 8.707003593444824
0.0 8.847908973693848
0.0 8.893563270568848
0.0 9.020135879516602
0.0 9.062984466552734
0.0 9.161687850952148
0.0 9.161887168884277
0.0 9.323184967041016
0.0 9.417390823364258
0.0 9.483175277709961
0.0 9.493829727172852
0.0 9.568876266479492
0.0 9.579830169677734
0.0 9.646506309509277
0.0 10.238470077514648
0.0 10.550864219665527
0.0 10.580081939697266
0.0 11.48442554473877
0.0 11.495920181274414
0.0 11.708722114562988
0.0 11.86550235748291
0.0 12.192411422729492
0.0 12.959139823913574
0.0 13.494951248168945
0.0 14.088918685913086
0.0 14.209346771240234
0.0 14.36185359954834
0.0 15.112184524536133
0.0 15.731690406799316
0.0 16.376789093017578
0.0 17.065208435058594
0.0 17.204866409301758
0.0 17.317716598510742
0.0 18.172353744506836
0.0 20.25115394592285
0.0 20.449016571044922
0.0 24.547943115234375
0.0 26.24283218383789
0.0 27.019731521606445
0.0 28.069917678833008
0.0 28.925508499145508
0.0 30.744848251342773
0.0 31.77565574645996
0.0 33.896820068359375
0.0 inf
44.017704010009766 67.39956665039062
40.158409118652344 41.856754302978516
35.01680374145508 60.5126838684082
34.62744903564453 35.24835205078125
20.09703254699707 22.32884407043457
19.07830810546875 23.669981002807617
17.57404899597168 21.121013641357422
16.74955177307129 18.468841552734375
14.908794403076172 17.522855758666992
13.74696159362793 16.290742874145508
12.115316390991211 13.962305068969727
11.659043312072754 12.519402503967285
10.618138313293457 12.129179000854492
10.511204719543457 12.870123863220215
10.385262489318848 12.907835960388184
10.046093940734863 12.604948043823242
9.87322998046875 10.543073654174805
9.857308387756348 10.769434928894043
9.714893341064453 9.897208213806152
9.710634231567383 11.796998023986816
9.628020286560059 13.434786796569824
9.264087677001953 9.984037399291992
8.900206565856934 9.590241432189941
8.063342094421387 9.521415710449219
7.860543727874756 8.660672187805176
