0.0 3.29689884185791
0.0 3.4717509746551514
0.0 4.2671427726745605
0.0 5.432661056518555
0.0 5.64996337890625
0.0 6.0410990715026855
0.0 6.122102737426758
0.0 6.389660358428955
0.0 6.414053440093994
0.0 6.42706298828125
0.0 6.513479709625244
0.0 6.619619846343994
0.0 6.666929244995117
0.0 6.696803092956543
0.0 6.726541996002197
0.0 7.164894104003906
0.0 7.325061321258545
0.0 7.36116361618042
0.0 7.390347957611084
0.0 7.468462944030762
0.0 7.593477249145508
0.0 7.657595634460449
0.0 7.669693470001221
0.0 7.720152378082275
0.0 7.910191059112549
0.0 8.071191787719727
0.0 8.143631935119629
0.0 8.156041145324707
0.0 8.159743309020996
0.0 8.272035598754883
0.0 8.433475494384766
0.0 8.486038208007812
0.0 8.586883544921875
0.0 8.710942268371582
0.0 8.763890266418457
0.0 8.799962997436523
0.0 8.818222999572754
0.0 8.856132507324219
0.0 9.018728256225586
0.0 9.050976753234863
0.0 9.229583740234375
0.0 9.518548965454102
0.0 9.648069381713867
0.0 9.649312973022461
0.0 9.712615013122559
0.0 9.930797576904297
0.0 10.235184669494629
0.0 10.492183685302734
0.0 10.744059562683105
0.0 11.075850486755371
0.0 11.115227699279785
0.0 11.374543190002441
0.0 11.535089492797852
0.0 11.771695137023926
0.0 11.795283317565918
0.0 11.81865119934082
0.0 11.852438926696777
0.0 12.1425199508667
0.0 12.548914909362793
0.0 12.606681823730469
0.0 12.616981506347656
0.0 13.677115440368652
0.0 14.837259292602539
0.0 16.46414566040039
0.0 16.95243263244629
0.0 18.303815841674805
0.0 18.411348342895508
0.0 18.676603317260742
0.0 20.706409454345703
0.0 21.80773162841797
0.0 22.414384841918945
0.0 22.76171875
0.0 23.280683517456055
0.0 24.178863525390625
0.0 25.996362686157227
0.0 26.02019500732422
0.0 26.704513549804688
0.0 26.77172088623047
0.0 26.963106155395508
0.0 28.564342498779297
0.0 30.035812377929688
0.0 inf
40.48158264160156 60.25486755371094
36.602970123291016 36.766361236572266
31.9298038482666 39.025970458984375
31.42137336730957 59.5563850402832
21.62431526184082 22.019756317138672
19.341001510620117 26.633991241455078
18.76471519470215 19.92620849609375
17.797924041748047 20.740581512451172
16.503881454467773 20.690176010131836
15.554560661315918 15.75625228881836
13.68932819366455 15.835586547851562
12.701303482055664 14.975818634033203
12.098682403564453 12.591267585754395
11.494294166564941 11.877697944641113
11.354157447814941 15.721427917480469
10.510504722595215 11.994481086730957
9.547945022583008 12.848824501037598
9.444655418395996 9.73611068725586
9.424656867980957 13.619559288024902
9.382469177246094 9.669926643371582
8.428231239318848 9.95628547668457
8.425213813781738 10.52608585357666
6.87936544418335 8.398162841796875
