0.0 1.312872052192688
0.0 1.454837441444397
0.0 2.637350082397461
0.0 4.311753749847412
0.0 4.369062423706055
0.0 4.39980411529541
0.0 4.406100749969482
0.0 5.486721992492676
0.0 5.7091193199157715
0.0 5.751675605773926
0.0 6.323639869689941
0.0 6.328639030456543
0.0 6.398172855377197
0.0 6.400239944458008
0.0 6.440561294555664
0.0 6.4663591384887695
0.0 6.5392746925354
0.0 6.548001766204834
0.0 6.64525032043457
0.0 6.673699855804443
0.0 6.729745388031006
0.0 6.8674421310424805
0.0 6.902691841125488
0.0 6.919778823852539
0.0 7.060441493988037
0.0 7.4794464111328125
0.0 7.5208001136779785
0.0 7.52499532699585
0.0 7.542604923248291
0.0 7.915910243988037
0.0 8.014564514160156
0.0 8.015833854675293
0.0 8.274665832519531
0.0 8.367859840393066
0.0 8.403104782104492
0.0 8.416481018066406
0.0 8.474149703979492
0.0 8.528984069824219
0.0 8.538782119750977
0.0 8.721969604492188
0.0 8.771933555603027
0.0 8.85205078125
0.0 8.947614669799805
0.0 8.950617790222168
0.0 9.028016090393066
0.0 9.085612297058105
0.0 9.2980375289917
0.0 9.299534797668457
0.0 9.549184799194336
0.0 9.635574340820312
0.0 9.74420166015625
0.0 9.771305084228516
0.0 10.082633018493652
0.0 10.122196197509766
0.0 10.706209182739258
0.0 11.0360107421875
0.0 11.381386756896973
0.0 12.205018997192383
0.0 12.514007568359375
0.0 12.686467170715332
0.0 12.715298652648926
0.0 13.236289978027344
0.0 14.821797370910645
0.0 15.082159996032715
0.0 16.180246353149414
0.0 16.75413703918457
0.0 17.252832412719727
0.0 17.78471565246582
0.0 18.719266891479492
0.0 18.966970443725586
0.0 21.171287536621094
0.0 22.18883514404297
0.0 22.73621940612793
0.0 24.310773849487305
0.0 27.318979263305664
0.0 27.32977294921875
0.0 27.50295639038086
0.0 28.477811813354492
0.0 29.198627471923828
0.0 31.5701904296875
0.0 33.5657958984375
0.0 inf
41.995182037353516 43.353736877441406
40.418941497802734 60.24101638793945
37.01395034790039 37.329647064208984
34.853416442871094 60.4556770324707
34.190948486328125 38.921329498291016
33.97480773925781 38.32710266113281
19.829938888549805 24.637475967407227
18.739185333251953 22.52750015258789
17.881616592407227 21.156227111816406
14.822894096374512 15.554216384887695
13.31201171875 16.528305053710938
12.340133666992188 13.656159400939941
11.774089813232422 12.006489753723145
11.593401908874512 11.606070518493652
11.453898429870605 12.376916885375977
10.564338684082031 11.79490852355957
10.24893856048584 11.947187423706055
10.154922485351562 11.854777336120605
9.832139015197754 11.694267272949219
9.827056884765625 12.0283784866333
9.562117576599121 12.428793907165527
9.352058410644531 10.725262641906738
8.818244934082031 8.92197322845459
8.815699577331543 9.223291397094727
8.456154823303223 9.212752342224121
8.382450103759766 8.872544288635254
8.342318534851074 9.216248512268066
