0.0 2.5303542613983154
0.0 2.9095537662506104
0.0 3.554187536239624
0.0 3.846902370452881
0.0 4.258739948272705
0.0 4.376030445098877
0.0 5.222128868103027
0.0 5.22699499130249
0.0 5.22939395904541
0.0 5.235351085662842
0.0 5.3814005851745605
0.0 5.43764591217041
0.0 5.602806568145752
0.0 5.951823711395264
0.0 6.274587631225586
0.0 6.286172389984131
0.0 6.329184532165527
0.0 6.646737098693848
0.0 6.7178263664245605
0.0 7.105175495147705
0.0 7.305039882659912
0.0 7.365320682525635
0.0 7.41420316696167
0.0 7.420897960662842
0.0 7.454169750213623
0.0 7.46115255355835
0.0 7.499788284301758
0.0 7.598316192626953
0.0 7.910095691680908
0.0 8.095316886901855
0.0 8.11172866821289
0.0 8.237537384033203
0.0 8.278441429138184
0.0 8.379927635192871
0.0 8.398715019226074
0.0 8.427236557006836
0.0 8.458382606506348
0.0 8.475193977355957
0.0 8.516448020935059
0.0 8.527947425842285
0.0 8.546881675720215
0.0 8.81212043762207
0.0 8.852487564086914
0.0 8.978798866271973
0.0 9.121109008789062
0.0 9.142733573913574
0.0 9.338717460632324
0.0 9.466680526733398
0.0 9.472647666931152
0.0 10.231666564941406
0.0 10.469329833984375
0.0 10.706344604492188
0.0 10.795601844787598
0.0 10.918293952941895
0.0 11.161319732666016
0.0 11.435547828674316
0.0 11.515005111694336
0.0 12.288029670715332
0.0 13.16614055633545
0.0 13.779667854309082
0.0 13.891783714294434
0.0 15.771417617797852
0.0 15.941520690917969
0.0 16.138626098632812
0.0 16.1617374420166
0.0 17.344627380371094
0.0 17.494638442993164
0.0 17.824007034301758
0.0 18.114131927490234
0.0 18.59271812438965
0.0 19.879308700561523
0.0 21.342666625976562
0.0 21.568777084350586
0.0 23.909032821655273
0.0 24.236297607421875
0.0 24.655790328979492
0.0 24.884653091430664
0.0 25.63412857055664
0.0 27.911996841430664
0.0 31.960466384887695
0.0 35.19097900390625
0.0 inf
52.803890228271484 58.9536247253418
49.140628814697266 51.69654846191406
48.822959899902344 60.971168518066406
37.296112060546875 37.437007904052734
35.855892181396484 56.74100112915039
19.621320724487305 21.10251808166504
19.491975784301758 23.315818786621094
19.271791458129883 20.085771560668945
18.333572387695312 19.912843704223633
18.035167694091797 25.351642608642578
14.684913635253906 17.6156005859375
14.095785140991211 17.163108825683594
13.436176300048828 13.903430938720703
13.12621784210205 14.885010719299316
12.859724998474121 13.736234664916992
11.614021301269531 13.918913841247559
11.507224082946777 12.358745574951172
10.182263374328613 10.417900085449219
9.960750579833984 12.923407554626465
9.653874397277832 11.277570724487305
9.643959045410156 12.332576751708984
9.615799903869629 10.125503540039062
9.598694801330566 11.087278366088867
8.585939407348633 11.809133529663086
8.457685470581055 10.394047737121582
8.334287643432617 8.457740783691406
7.612784385681152 10.40864086151123
