0.0 4.384905815124512
0.0 4.48158073425293
0.0 5.197010517120361
0.0 5.285045623779297
0.0 5.30512809753418
0.0 5.312111854553223
0.0 5.391057014465332
0.0 5.629044055938721
0.0 6.33944034576416
0.0 6.404756546020508
0.0 6.519350528717041
0.0 6.562074661254883
0.0 6.736623287200928
0.0 6.768654823303223
0.0 7.324994087219238
0.0 7.527486801147461
0.0 7.562307834625244
0.0 7.618196487426758
0.0 7.921666622161865
0.0 7.942773342132568
0.0 8.103080749511719
0.0 8.30019474029541
0.0 8.38831901550293
0.0 8.394078254699707
0.0 8.398680686950684
0.0 8.486420631408691
0.0 8.48749828338623
0.0 8.508892059326172
0.0 8.511253356933594
0.0 8.52121639251709
0.0 8.541361808776855
0.0 8.548368453979492
0.0 8.687877655029297
0.0 8.744946479797363
0.0 8.876877784729004
0.0 9.232806205749512
0.0 9.338151931762695
0.0 9.392510414123535
0.0 9.439682960510254
0.0 9.594532012939453
0.0 9.609251022338867
0.0 9.620514869689941
0.0 9.738591194152832
0.0 9.902603149414062
0.0 10.021198272705078
0.0 10.208040237426758
0.0 10.510577201843262
0.0 10.683773040771484
0.0 10.72826862335205
0.0 10.781758308410645
0.0 11.051141738891602
0.0 11.215752601623535
0.0 11.2687406539917
0.0 12.32304859161377
0.0 12.330522537231445
0.0 12.422436714172363
0.0 12.57559585571289
0.0 13.154304504394531
0.0 13.23980712890625
0.0 13.430985450744629
0.0 13.805313110351562
0.0 14.124006271362305
0.0 14.587973594665527
0.0 15.477700233459473
0.0 15.498746871948242
0.0 16.496889114379883
0.0 16.556238174438477
0.0 17.124130249023438
0.0 17.62156867980957
0.0 17.626007080078125
0.0 18.349950790405273
0.0 19.462892532348633
0.0 19.46392250061035
0.0 25.049800872802734
0.0 26.046424865722656
0.0 27.155948638916016
0.0 28.740970611572266
0.0 28.776147842407227
0.0 29.543210983276367
0.0 30.111427307128906
0.0 40.144500732421875
0.0 inf
52.28508758544922 58.802711486816406
51.960365295410156 60.16730499267578
44.25019073486328 64.06626892089844
43.22563552856445 62.80791091918945
18.567859649658203 22.972869873046875
17.626426696777344 22.07756805419922
16.593053817749023 17.98713493347168
16.547622680664062 19.967605590820312
16.0862979888916 17.277790069580078
15.653830528259277 18.942035675048828
14.777043342590332 14.813742637634277
14.764142990112305 16.404176712036133
13.786287307739258 14.49956226348877
13.301362991333008 14.69192123413086
12.602153778076172 12.934693336486816
12.3861722946167 15.21403694152832
11.736732482910156 13.924182891845703
11.598912239074707 11.7296724319458
10.531107902526855 12.334558486938477
10.477458000183105 12.254350662231445
10.462801933288574 13.280085563659668
9.705009460449219 10.127114295959473
9.694622039794922 12.643061637878418
9.466965675354004 13.258462905883789
9.341552734375 11.700045585632324
9.085017204284668 10.877214431762695
9.038581848144531 9.67105770111084
9.0342435836792 10.06612777709961
8.136579513549805 9.169410705566406
7.986945629119873 9.0532808303833
