0.0 1.1754481792449951
0.0 1.2601443529129028
0.0 1.3230983018875122
0.0 4.131712913513184
0.0 4.209301471710205
0.0 4.218989849090576
0.0 4.240325450897217
0.0 4.301115036010742
0.0 4.314426898956299
0.0 4.613940715789795
0.0 4.701357841491699
0.0 5.298444747924805
0.0 5.306484222412109
0.0 5.413800239562988
0.0 5.640915870666504
0.0 5.830041408538818
0.0 5.836129188537598
0.0 5.88785982131958
0.0 6.3970046043396
0.0 6.560646057128906
0.0 6.5996575355529785
0.0 6.9278764724731445
0.0 7.171360969543457
0.0 7.332161903381348
0.0 7.408812999725342
0.0 7.414905071258545
0.0 7.509269714355469
0.0 7.604611873626709
0.0 7.6099700927734375
0.0 7.711452960968018
0.0 7.84799337387085
0.0 7.86072301864624
0.0 7.898516654968262
0.0 7.995181560516357
0.0 8.261358261108398
0.0 8.290740966796875
0.0 8.387614250183105
0.0 8.401588439941406
0.0 8.483926773071289
0.0 8.503945350646973
0.0 8.586943626403809
0.0 9.01235580444336
0.0 9.144102096557617
0.0 9.203641891479492
0.0 9.30146312713623
0.0 9.410553932189941
0.0 9.641526222229004
0.0 9.976239204406738
0.0 10.096414566040039
0.0 10.240796089172363
0.0 10.934255599975586
0.0 11.297533988952637
0.0 11.546706199645996
0.0 11.622766494750977
0.0 11.884077072143555
0.0 12.060528755187988
0.0 12.46558666229248
0.0 13.264528274536133
0.0 13.52733325958252
0.0 14.403505325317383
0.0 14.538763046264648
0.0 14.586859703063965
0.0 15.422128677368164
0.0 15.942987442016602
0.0 16.029911041259766
0.0 16.264175415039062
0.0 16.272232055664062
0.0 17.75725555419922
0.0 17.769515991210938
0.0 17.912715911865234
0.0 18.001319885253906
0.0 18.007936477661133
0.0 19.100980758666992
0.0 26.29150390625
0.0 26.38132095336914
0.0 26.852500915527344
0.0 28.803016662597656
0.0 29.000757217407227
0.0 30.300447463989258
0.0 31.126928329467773
0.0 34.353702545166016
0.0 inf
52.0684700012207 56.18232727050781
51.925411224365234 55.58688735961914
44.90580749511719 61.14833068847656
44.54488754272461 62.50075149536133
39.39759063720703 41.64776611328125
36.21394348144531 37.226295471191406
20.530527114868164 21.08393096923828
18.554624557495117 22.99352264404297
18.257287979125977 19.503597259521484
18.165922164916992 18.75503158569336
17.668472290039062 21.312198638916016
17.24481201171875 19.35619354248047
16.883039474487305 18.408781051635742
16.50021743774414 19.715469360351562
16.460399627685547 17.12249755859375
16.163976669311523 17.7575740814209
10.060853958129883 12.671701431274414
9.937030792236328 12.137633323669434
9.637661933898926 10.625081062316895
9.489376068115234 10.303668975830078
9.380353927612305 13.193394660949707
8.931646347045898 10.835006713867188
8.91905403137207 10.24305534362793
8.313883781433105 9.764571189880371
8.08784008026123 9.282211303710938
7.930916786193848 9.272368431091309
7.927579402923584 8.568117141723633
7.838482856750488 8.587626457214355
7.36403751373291 8.530622482299805
