0.0 2.096501111984253
0.0 4.329951763153076
0.0 4.844639778137207
0.0 5.600876331329346
0.0 5.608878135681152
0.0 6.21890115737915
0.0 6.281303405761719
0.0 6.293633460998535
0.0 6.3403239250183105
0.0 6.389308929443359
0.0 6.576495170593262
0.0 6.589166641235352
0.0 6.609513759613037
0.0 6.63094425201416
0.0 6.698753356933594
0.0 6.712194919586182
0.0 6.722562313079834
0.0 6.949792861938477
0.0 7.22861385345459
0.0 7.347080230712891
0.0 7.399774074554443
0.0 7.602930068969727
0.0 7.6124773025512695
0.0 7.90478515625
0.0 8.019598960876465
0.0 8.158265113830566
0.0 8.262142181396484
0.0 8.290984153747559
0.0 8.442018508911133
0.0 8.479286193847656
0.0 8.490921974182129
0.0 8.509408950805664
0.0 8.670793533325195
0.0 8.694178581237793
0.0 8.697246551513672
0.0 9.036894798278809
0.0 9.080610275268555
0.0 9.206735610961914
0.0 9.259451866149902
0.0 9.462479591369629
0.0 9.477090835571289
0.0 9.528488159179688
0.0 9.537546157836914
0.0 9.654075622558594
0.0 9.852055549621582
0.0 10.154372215270996
0.0 10.18150520324707
0.0 10.264436721801758
0.0 10.65742301940918
0.0 10.742436408996582
0.0 10.911776542663574
0.0 11.042643547058105
0.0 11.12592601776123
0.0 11.143939971923828
0.0 11.431496620178223
0.0 11.539962768554688
0.0 11.85251522064209
0.0 12.176944732666016
0.0 12.593342781066895
0.0 12.754289627075195
0.0 12.93869400024414
0.0 14.040953636169434
0.0 14.773216247558594
0.0 15.64947509765625
0.0 18.16066551208496
0.0 18.693096160888672
0.0 19.336843490600586
0.0 19.650094985961914
0.0 20.23308753967285
0.0 20.376924514770508
0.0 21.179044723510742
0.0 23.181900024414062
0.0 23.27465057373047
0.0 23.583656311035156
0.0 24.21930694580078
0.0 24.556814193725586
0.0 25.625547409057617
0.0 26.210479736328125
0.0 29.01793670654297
0.0 29.7452392578125
0.0 30.92507553100586
0.0 inf
41.4990119934082 60.202266693115234
37.68107986450195 62.67046356201172
36.81267166137695 39.69823455810547
34.40401840209961 38.069984436035156
22.324268341064453 28.062257766723633
22.21866226196289 22.30392837524414
19.856796264648438 21.107271194458008
16.481658935546875 20.072017669677734
15.766987800598145 19.850156784057617
13.263739585876465 15.9636812210083
12.680587768554688 13.214838027954102
11.60767936706543 13.716011047363281
11.590794563293457 13.051590919494629
11.550642967224121 11.821703910827637
10.542076110839844 13.424612045288086
10.462233543395996 16.755325317382812
10.433576583862305 11.675497055053711
10.349686622619629 10.980744361877441
9.673583984375 13.26838493347168
8.662081718444824 10.63762378692627
7.930618762969971 9.416683197021484
