0.0 3.5189874172210693
0.0 3.773798704147339
0.0 4.221799373626709
0.0 4.42260217666626
0.0 5.241326332092285
0.0 5.3709282875061035
0.0 5.389068126678467
0.0 5.728516578674316
0.0 5.999298572540283
0.0 6.328930854797363
0.0 6.401605129241943
0.0 6.643089771270752
0.0 6.8622541427612305
0.0 6.864715576171875
0.0 6.986900806427002
0.0 7.009581565856934
0.0 7.068229675292969
0.0 7.188782215118408
0.0 7.361906051635742
0.0 7.4027533531188965
0.0 7.423583030700684
0.0 7.497969150543213
0.0 7.516620635986328
0.0 7.5219573974609375
0.0 7.528102397918701
0.0 7.636000633239746
0.0 7.792511463165283
0.0 8.00200366973877
0.0 8.23100471496582
0.0 8.284896850585938
0.0 8.305963516235352
0.0 8.3718843460083
0.0 8.405205726623535
0.0 8.423046112060547
0.0 8.423575401306152
0.0 8.47018814086914
0.0 8.521450996398926
0.0 8.583985328674316
0.0 8.6346435546875
0.0 8.684514999389648
0.0 8.740704536437988
0.0 9.036681175231934
0.0 9.375248908996582
0.0 9.458120346069336
0.0 9.473899841308594
0.0 9.54850959777832
0.0 9.559783935546875
0.0 9.58686351776123
0.0 9.666834831237793
0.0 9.943506240844727
0.0 10.004679679870605
0.0 10.128934860229492
0.0 10.357070922851562
0.0 11.29678726196289
0.0 11.499439239501953
0.0 11.545310974121094
0.0 11.819665908813477
0.0 12.750986099243164
0.0 12.984018325805664
0.0 13.119062423706055
0.0 13.333243370056152
0.0 13.67290210723877
0.0 15.13896369934082
0.0 15.74415111541748
0.0 16.134937286376953
0.0 16.56639289855957
0.0 17.500633239746094
0.0 18.620487213134766
0.0 18.641708374023438
0.0 19.51828384399414
0.0 19.847637176513672
0.0 21.346601486206055
0.0 23.000598907470703
0.0 23.76937484741211
0.0 24.88071060180664
0.0 25.750686645507812
0.0 26.015615463256836
0.0 26.209789276123047
0.0 28.852575302124023
0.0 29.63016128540039
0.0 30.867448806762695
0.0 inf
56.44758987426758 57.300411224365234
51.02982711791992 62.37733840942383
36.28776550292969 57.37303161621094
19.71255874633789 20.96985626220703
19.582693099975586 23.053499221801758
17.686298370361328 24.30176544189453
17.370328903198242 18.93311882019043
15.532368659973145 16.664012908935547
14.680656433105469 16.988155364990234
14.587197303771973 15.83797836303711
13.933370590209961 14.907096862792969
12.535273551940918 14.586750984191895
12.13333511352539 12.641433715820312
11.310574531555176 11.978007316589355
10.825042724609375 14.505062103271484
10.624649047851562 12.748404502868652
10.523205757141113 11.868969917297363
10.17777156829834 10.524270057678223
10.124801635742188 12.301798820495605
9.575372695922852 11.243831634521484
9.407891273498535 10.872726440429688
8.726083755493164 9.986908912658691
8.650246620178223 10.39144515991211
8.524578094482422 10.423768043518066
8.394678115844727 9.404342651367188
7.858230113983154 10.563089370727539
