0.0 1.4760076999664307
0.0 1.4810365438461304
0.0 1.6125566959381104
0.0 4.283126354217529
0.0 4.608029842376709
0.0 5.256296634674072
0.0 5.296542167663574
0.0 5.35143518447876
0.0 5.76004695892334
0.0 6.172515869140625
0.0 6.25494384765625
0.0 6.317509174346924
0.0 6.33060884475708
0.0 6.3652753829956055
0.0 6.473855018615723
0.0 6.482288360595703
0.0 6.499037742614746
0.0 6.895969390869141
0.0 7.296485900878906
0.0 7.368219375610352
0.0 7.385859489440918
0.0 7.4388427734375
0.0 7.527502536773682
0.0 7.537875652313232
0.0 7.5778985023498535
0.0 7.6467437744140625
0.0 7.654183864593506
0.0 7.7137017250061035
0.0 7.763033390045166
0.0 7.859705924987793
0.0 7.864821434020996
0.0 7.883855819702148
0.0 7.950595855712891
0.0 8.28715991973877
0.0 8.432596206665039
0.0 8.443005561828613
0.0 8.464295387268066
0.0 8.471735954284668
0.0 8.532291412353516
0.0 8.587162971496582
0.0 8.594367980957031
0.0 8.625051498413086
0.0 8.663435935974121
0.0 8.680460929870605
0.0 8.735336303710938
0.0 8.807987213134766
0.0 8.996030807495117
0.0 9.021130561828613
0.0 9.193544387817383
0.0 9.297073364257812
0.0 9.35098648071289
0.0 9.417860984802246
0.0 9.459388732910156
0.0 9.72887897491455
0.0 9.952862739562988
0.0 11.097217559814453
0.0 12.217580795288086
0.0 12.227330207824707
0.0 13.031554222106934
0.0 13.589029312133789
0.0 13.687417030334473
0.0 13.920927047729492
0.0 14.115753173828125
0.0 14.881505012512207
0.0 15.564223289489746
0.0 16.191579818725586
0.0 16.399927139282227
0.0 16.78950309753418
0.0 16.830049514770508
0.0 19.728715896606445
0.0 19.89932632446289
0.0 21.736011505126953
0.0 22.159669876098633
0.0 22.770971298217773
0.0 22.956274032592773
0.0 25.73744773864746
0.0 28.059398651123047
0.0 29.06490135192871
0.0 29.405738830566406
0.0 31.600341796875
0.0 36.92751693725586
0.0 inf
50.689701080322266 71.50350189208984
46.0823860168457 63.70014953613281
21.72835922241211 23.155681610107422
18.27083396911621 21.515073776245117
17.808425903320312 17.821693420410156
16.873153686523438 25.99940299987793
13.17955207824707 13.385102272033691
11.062593460083008 11.335403442382812
11.049026489257812 12.128767013549805
10.66540813446045 11.189098358154297
10.529842376708984 10.8908052444458
10.129667282104492 12.68670654296875
9.808419227600098 11.341257095336914
9.602797508239746 12.622628211975098
9.54478931427002 10.6553955078125
9.452459335327148 11.349966049194336
9.274203300476074 11.90992546081543
9.017029762268066 11.287132263183594
8.533063888549805 9.434820175170898
8.469592094421387 9.614409446716309
8.388494491577148 9.507302284240723
7.205060958862305 7.750102996826172
