0.0 2.968432903289795
0.0 3.587695837020874
0.0 3.659095287322998
0.0 3.8025519847869873
0.0 4.264593124389648
0.0 4.37293004989624
0.0 5.157162189483643
0.0 5.201369285583496
0.0 5.206149578094482
0.0 5.260906219482422
0.0 5.366492748260498
0.0 5.486638069152832
0.0 5.5930938720703125
0.0 5.949687480926514
0.0 6.277908802032471
0.0 6.279797077178955
0.0 6.330750942230225
0.0 6.6334052085876465
0.0 6.694941997528076
0.0 7.070029258728027
0.0 7.299778938293457
0.0 7.3633551597595215
0.0 7.436399459838867
0.0 7.478801250457764
0.0 7.500705718994141
0.0 7.505392074584961
0.0 7.5221147537231445
0.0 7.61729621887207
0.0 7.847624778747559
0.0 7.992537498474121
0.0 8.091754913330078
0.0 8.21437931060791
0.0 8.27715015411377
0.0 8.424893379211426
0.0 8.434674263000488
0.0 8.445281982421875
0.0 8.48896598815918
0.0 8.505630493164062
0.0 8.514113426208496
0.0 8.548218727111816
0.0 8.665204048156738
0.0 8.809816360473633
0.0 8.829497337341309
0.0 8.840364456176758
0.0 8.962316513061523
0.0 9.126447677612305
0.0 9.158904075622559
0.0 9.452127456665039
0.0 9.519842147827148
0.0 10.207939147949219
0.0 10.442831993103027
0.0 10.576882362365723
0.0 10.620640754699707
0.0 10.962370872497559
0.0 11.043014526367188
0.0 11.424369812011719
0.0 11.657408714294434
0.0 12.23471450805664
0.0 13.083601951599121
0.0 13.791568756103516
0.0 13.87876033782959
0.0 15.732507705688477
0.0 15.954596519470215
0.0 16.177446365356445
0.0 16.51730728149414
0.0 17.09552001953125
0.0 17.302011489868164
0.0 17.718414306640625
0.0 18.590383529663086
0.0 18.601762771606445
0.0 20.074214935302734
0.0 21.37889289855957
0.0 21.485628128051758
0.0 23.979719161987305
0.0 24.58634376525879
0.0 24.5989990234375
0.0 25.58878517150879
0.0 25.997339248657227
0.0 27.74966049194336
0.0 30.783287048339844
0.0 34.4867057800293
0.0 inf
53.309757232666016 59.09226608276367
48.83113098144531 50.62773132324219
48.404052734375 61.03311538696289
35.48615264892578 56.217411041259766
19.613494873046875 21.06789207458496
19.463197708129883 23.417667388916016
19.248363494873047 20.29283332824707
18.329904556274414 19.993640899658203
18.051660537719727 25.312637329101562
14.680773735046387 17.59489631652832
14.240060806274414 16.983600616455078
13.385839462280273 13.860448837280273
12.999957084655762 14.753593444824219
12.82466983795166 13.613924980163574
11.653531074523926 13.735164642333984
11.405399322509766 12.182904243469238
10.1965913772583 10.404596328735352
9.790571212768555 10.124835968017578
9.66492748260498 11.260549545288086
9.657453536987305 12.352027893066406
9.61359691619873 11.067893028259277
9.335494995117188 12.166800498962402
8.548977851867676 11.80012035369873
8.535595893859863 10.387350082397461
8.32971477508545 8.432141304016113
7.697535514831543 10.43629264831543
