0.0 1.0406291484832764
0.0 1.068070650100708
0.0 2.0705063343048096
0.0 4.063216209411621
0.0 4.30633544921875
0.0 4.365793704986572
0.0 5.377588748931885
0.0 5.613703727722168
0.0 5.728360176086426
0.0 5.738469123840332
0.0 5.815762042999268
0.0 5.964620590209961
0.0 6.010257244110107
0.0 6.277488708496094
0.0 6.282395362854004
0.0 6.306949138641357
0.0 6.335488319396973
0.0 6.3483195304870605
0.0 6.531041622161865
0.0 6.865208625793457
0.0 6.945918560028076
0.0 7.061305046081543
0.0 7.226160526275635
0.0 7.239813327789307
0.0 7.262330055236816
0.0 7.265911102294922
0.0 7.266254901885986
0.0 7.389662742614746
0.0 7.678739070892334
0.0 7.899929523468018
0.0 7.903006553649902
0.0 7.907231330871582
0.0 8.101351737976074
0.0 8.239635467529297
0.0 8.250454902648926
0.0 8.374372482299805
0.0 8.39009952545166
0.0 8.423929214477539
0.0 8.42647933959961
0.0 8.591580390930176
0.0 8.672262191772461
0.0 8.84127426147461
0.0 8.868534088134766
0.0 8.909418106079102
0.0 8.941933631896973
0.0 8.94735336303711
0.0 9.121819496154785
0.0 9.323155403137207
0.0 10.04537582397461
0.0 10.569055557250977
0.0 10.784674644470215
0.0 11.090888023376465
0.0 11.187845230102539
0.0 11.282828330993652
0.0 11.402985572814941
0.0 11.556804656982422
0.0 12.03183650970459
0.0 12.756503105163574
0.0 13.126623153686523
0.0 13.748160362243652
0.0 14.439058303833008
0.0 14.511643409729004
0.0 14.615418434143066
0.0 14.672579765319824
0.0 15.335564613342285
0.0 16.40154266357422
0.0 17.233112335205078
0.0 17.902843475341797
0.0 20.834491729736328
0.0 21.189374923706055
0.0 22.908607482910156
0.0 22.98333168029785
0.0 23.679767608642578
0.0 24.020488739013672
0.0 24.16909408569336
0.0 24.55159568786621
0.0 25.962343215942383
0.0 26.12469482421875
0.0 27.426998138427734
0.0 27.743038177490234
0.0 32.99072265625
0.0 inf
39.59739303588867 65.61356353759766
37.445640563964844 38.527130126953125
37.28990173339844 64.2088394165039
32.24435043334961 35.531715393066406
18.981189727783203 24.869552612304688
18.526155471801758 21.644418716430664
18.400646209716797 22.458402633666992
16.67340087890625 16.944974899291992
15.786527633666992 17.34088706970215
14.659688949584961 17.900972366333008
12.38979721069336 12.602377891540527
12.111490249633789 12.225015640258789
11.813079833984375 12.521919250488281
11.521324157714844 13.451622009277344
10.797115325927734 10.895674705505371
10.776329040527344 12.202301979064941
10.564539909362793 12.574560165405273
10.423760414123535 12.657252311706543
10.182088851928711 11.579208374023438
9.778924942016602 12.530952453613281
9.377035140991211 13.858410835266113
9.213863372802734 9.475593566894531
8.979544639587402 9.633993148803711
8.42807388305664 8.863301277160645
7.564216136932373 9.261958122253418
