0.0 4.615035057067871
0.0 4.886589050292969
0.0 4.893927574157715
0.0 5.291483402252197
0.0 5.408331394195557
0.0 5.668490886688232
0.0 5.7650556564331055
0.0 5.879105091094971
0.0 6.150321006774902
0.0 6.3371968269348145
0.0 6.3974151611328125
0.0 6.454070091247559
0.0 6.457974433898926
0.0 6.460453987121582
0.0 6.4889912605285645
0.0 6.525916576385498
0.0 6.531315326690674
0.0 6.641709327697754
0.0 6.666351795196533
0.0 6.776503086090088
0.0 6.932243824005127
0.0 7.178611755371094
0.0 7.180056571960449
0.0 7.271492958068848
0.0 7.302131175994873
0.0 7.324416637420654
0.0 7.3471150398254395
0.0 7.430298328399658
0.0 7.443991661071777
0.0 7.5316314697265625
0.0 7.7221832275390625
0.0 7.89060640335083
0.0 8.04395580291748
0.0 8.129880905151367
0.0 8.367012023925781
0.0 8.457493782043457
0.0 8.46706771850586
0.0 8.484721183776855
0.0 8.550321578979492
0.0 8.556325912475586
0.0 8.586291313171387
0.0 8.648741722106934
0.0 8.714071273803711
0.0 8.715991973876953
0.0 8.789604187011719
0.0 9.173925399780273
0.0 9.31048583984375
0.0 9.346049308776855
0.0 9.414409637451172
0.0 9.537053108215332
0.0 9.712188720703125
0.0 9.877389907836914
0.0 10.13179874420166
0.0 10.233983039855957
0.0 10.740275382995605
0.0 11.233551025390625
0.0 11.432154655456543
0.0 11.454358100891113
0.0 12.132704734802246
0.0 12.287745475769043
0.0 12.365633964538574
0.0 13.967154502868652
0.0 14.049866676330566
0.0 14.719719886779785
0.0 14.77778434753418
0.0 16.58448028564453
0.0 18.354000091552734
0.0 18.452470779418945
0.0 19.805158615112305
0.0 20.090068817138672
0.0 21.100915908813477
0.0 21.306533813476562
0.0 23.384618759155273
0.0 26.10938262939453
0.0 26.530942916870117
0.0 28.359466552734375
0.0 29.924619674682617
0.0 30.23485565185547
0.0 31.747480392456055
0.0 33.37471008300781
0.0 36.05027770996094
0.0 inf
48.759002685546875 68.61297607421875
45.08802032470703 81.43780517578125
20.64719581604004 22.015941619873047
19.477157592773438 25.538103103637695
17.704627990722656 20.011240005493164
15.990138053894043 16.513769149780273
15.293295860290527 15.6051025390625
12.724861145019531 15.339808464050293
11.139705657958984 12.143157005310059
10.815961837768555 11.185388565063477
10.810237884521484 12.038411140441895
10.584077835083008 11.36947250366211
10.512652397155762 12.533160209655762
9.898834228515625 12.01132583618164
9.4141206741333 10.313358306884766
9.41334342956543 10.268892288208008
9.38760757446289 12.546204566955566
9.210955619812012 11.327797889709473
9.025113105773926 9.496150970458984
8.68893814086914 9.024977684020996
8.496944427490234 9.73703670501709
8.49390697479248 8.676677703857422
8.4646577835083 9.98316478729248
8.289938926696777 9.670624732971191
8.276531219482422 9.412300109863281
