0.0 1.1434180736541748
0.0 1.182132363319397
0.0 1.2146987915039062
0.0 3.45393443107605
0.0 5.346806049346924
0.0 5.403509140014648
0.0 5.57687520980835
0.0 5.893442630767822
0.0 6.006652355194092
0.0 6.124799728393555
0.0 6.297305107116699
0.0 6.298286437988281
0.0 6.312786102294922
0.0 6.382186412811279
0.0 6.582326889038086
0.0 6.660172462463379
0.0 6.693387508392334
0.0 6.708664894104004
0.0 6.723015785217285
0.0 6.797986030578613
0.0 6.901767253875732
0.0 7.071533203125
0.0 7.212943077087402
0.0 7.469836235046387
0.0 7.50175142288208
0.0 7.510926246643066
0.0 7.5128560066223145
0.0 7.51582670211792
0.0 7.517341613769531
0.0 7.526882648468018
0.0 7.533255100250244
0.0 7.571427822113037
0.0 7.6021552085876465
0.0 7.648399353027344
0.0 7.678717613220215
0.0 7.738742351531982
0.0 7.868480682373047
0.0 7.942079544067383
0.0 8.320781707763672
0.0 8.418267250061035
0.0 8.489350318908691
0.0 8.493551254272461
0.0 8.520408630371094
0.0 8.608835220336914
0.0 8.698983192443848
0.0 8.72201156616211
0.0 8.749094009399414
0.0 8.76552963256836
0.0 9.018265724182129
0.0 9.094003677368164
0.0 9.160643577575684
0.0 9.301714897155762
0.0 9.411745071411133
0.0 9.698089599609375
0.0 10.049765586853027
0.0 11.147640228271484
0.0 11.24874496459961
0.0 11.803571701049805
0.0 13.186842918395996
0.0 14.017653465270996
0.0 14.534249305725098
0.0 15.005596160888672
0.0 15.3665771484375
0.0 15.409364700317383
0.0 16.564661026000977
0.0 16.61967658996582
0.0 18.48233413696289
0.0 18.746694564819336
0.0 18.929346084594727
0.0 19.747798919677734
0.0 20.11387062072754
0.0 21.07194709777832
0.0 21.2674503326416
0.0 23.411724090576172
0.0 24.828022003173828
0.0 28.67059898376465
0.0 28.815689086914062
0.0 28.932865142822266
0.0 30.21544647216797
0.0 31.443851470947266
0.0 33.24353790283203
0.0 inf
54.88235855102539 60.377838134765625
52.01710510253906 64.85386657714844
47.66342544555664 69.69850158691406
21.961912155151367 23.455421447753906
18.256996154785156 21.507932662963867
18.104528427124023 21.219966888427734
12.503761291503906 13.513798713684082
11.350619316101074 11.59084701538086
11.240323066711426 12.816534996032715
10.724824905395508 11.251834869384766
10.400697708129883 12.305644989013672
10.225064277648926 10.90749454498291
9.789066314697266 12.210484504699707
9.700699806213379 9.893318176269531
9.660852432250977 11.233410835266113
9.640237808227539 9.685575485229492
9.62188720703125 13.351993560791016
9.6135835647583 11.21774673461914
9.555150032043457 10.853943824768066
9.470024108886719 9.782600402832031
9.41329574584961 12.144855499267578
8.87490463256836 10.5714750289917
8.719151496887207 12.406362533569336
7.5202717781066895 8.103864669799805
7.300881385803223 7.331619739532471
7.293519020080566 9.17460823059082
