0.0 1.250699520111084
0.0 4.320281982421875
0.0 4.460146427154541
0.0 5.033204078674316
0.0 5.438313007354736
0.0 5.727507591247559
0.0 6.14239501953125
0.0 6.328050136566162
0.0 6.3771491050720215
0.0 6.400505065917969
0.0 6.4743852615356445
0.0 6.489854335784912
0.0 6.639843940734863
0.0 6.685307025909424
0.0 6.744203567504883
0.0 7.074567794799805
0.0 7.211254119873047
0.0 7.395996570587158
0.0 7.434040546417236
0.0 7.44273042678833
0.0 7.443211078643799
0.0 7.537298679351807
0.0 7.573661804199219
0.0 7.618401050567627
0.0 7.6745195388793945
0.0 7.729693412780762
0.0 7.770074844360352
0.0 7.794848442077637
0.0 7.976230621337891
0.0 8.096485137939453
0.0 8.132842063903809
0.0 8.269601821899414
0.0 8.391889572143555
0.0 8.393007278442383
0.0 8.40673542022705
0.0 8.412415504455566
0.0 8.414405822753906
0.0 8.461318016052246
0.0 8.469263076782227
0.0 8.476080894470215
0.0 8.564181327819824
0.0 8.618407249450684
0.0 8.639859199523926
0.0 8.651103019714355
0.0 8.806756973266602
0.0 8.814009666442871
0.0 8.912023544311523
0.0 8.970212936401367
0.0 8.974698066711426
0.0 9.097153663635254
0.0 9.586549758911133
0.0 9.728191375732422
0.0 10.408663749694824
0.0 11.124171257019043
0.0 11.352215766906738
0.0 12.097403526306152
0.0 12.102535247802734
0.0 13.428193092346191
0.0 14.291399002075195
0.0 14.377367973327637
0.0 14.384627342224121
0.0 15.400374412536621
0.0 15.713523864746094
0.0 17.277801513671875
0.0 17.505144119262695
0.0 17.600704193115234
0.0 17.723037719726562
0.0 17.99175262451172
0.0 19.025714874267578
0.0 21.123241424560547
0.0 21.19314193725586
0.0 22.002376556396484
0.0 22.212011337280273
0.0 29.06380271911621
0.0 29.14653205871582
0.0 29.237884521484375
0.0 29.624996185302734
0.0 32.648895263671875
0.0 34.03157424926758
0.0 inf
54.19495391845703 70.4940414428711
46.91606903076172 63.042720794677734
37.469539642333984 37.748321533203125
22.089651107788086 23.75285530090332
19.344024658203125 25.92793846130371
18.215452194213867 22.105690002441406
13.956388473510742 14.079926490783691
12.135339736938477 12.73311996459961
11.923116683959961 12.843294143676758
10.88436222076416 11.189513206481934
10.748763084411621 12.069365501403809
10.450485229492188 10.888745307922363
10.310626983642578 12.173384666442871
10.181628227233887 10.345003128051758
9.842500686645508 13.498968124389648
9.488825798034668 11.111727714538574
9.380067825317383 12.55067253112793
9.139657974243164 10.106985092163086
8.720527648925781 11.977643013000488
8.6986083984375 8.992045402526855
8.508832931518555 11.311666488647461
8.453839302062988 10.499430656433105
8.31967830657959 9.839862823486328
8.016158103942871 9.667160034179688
7.064871311187744 7.714667797088623
