0.0 1.1708934307098389
0.0 1.194467306137085
0.0 1.3707740306854248
0.0 3.2919254302978516
0.0 3.7735822200775146
0.0 5.073307037353516
0.0 5.150593280792236
0.0 5.27815580368042
0.0 5.616180896759033
0.0 5.737049579620361
0.0 6.058826446533203
0.0 6.120543956756592
0.0 6.226407527923584
0.0 6.302699565887451
0.0 6.316845417022705
0.0 6.377506732940674
0.0 6.753194808959961
0.0 6.7611494064331055
0.0 6.927773952484131
0.0 7.063817977905273
0.0 7.190211772918701
0.0 7.250511646270752
0.0 7.274625301361084
0.0 7.314015865325928
0.0 7.449761390686035
0.0 7.503172397613525
0.0 7.587136745452881
0.0 7.805715560913086
0.0 7.895687580108643
0.0 7.976974964141846
0.0 8.03046989440918
0.0 8.092168807983398
0.0 8.216699600219727
0.0 8.235803604125977
0.0 8.236682891845703
0.0 8.346935272216797
0.0 8.370506286621094
0.0 8.42575740814209
0.0 8.5187349319458
0.0 8.574640274047852
0.0 8.576982498168945
0.0 8.586493492126465
0.0 8.595303535461426
0.0 8.643798828125
0.0 8.786734580993652
0.0 8.828927040100098
0.0 9.075105667114258
0.0 10.117167472839355
0.0 10.424043655395508
0.0 10.751769065856934
0.0 11.068203926086426
0.0 11.212084770202637
0.0 11.29439926147461
0.0 11.524046897888184
0.0 11.77725601196289
0.0 11.90617847442627
0.0 12.043902397155762
0.0 12.523860931396484
0.0 13.274202346801758
0.0 13.573949813842773
0.0 14.249528884887695
0.0 14.353263854980469
0.0 14.697265625
0.0 14.804275512695312
0.0 15.717059135437012
0.0 16.40877914428711
0.0 17.073688507080078
0.0 18.935991287231445
0.0 20.6369571685791
0.0 20.695898056030273
0.0 21.663454055786133
0.0 22.864763259887695
0.0 23.19136619567871
0.0 23.777420043945312
0.0 23.803937911987305
0.0 25.065540313720703
0.0 25.872480392456055
0.0 27.211137771606445
0.0 28.257413864135742
0.0 29.154142379760742
0.0 31.669462203979492
0.0 inf
44.0589599609375 45.39662170410156
42.00456619262695 62.08514404296875
41.006832122802734 42.28137969970703
37.24345397949219 38.544158935546875
36.021610260009766 62.97833251953125
31.8640193939209 36.24924087524414
21.020259857177734 21.487545013427734
18.61439323425293 25.25959014892578
18.492128372192383 21.519628524780273
18.3577938079834 22.401092529296875
16.232852935791016 18.58619499206543
15.369670867919922 18.04571533203125
13.904903411865234 14.900411605834961
12.469358444213867 14.135639190673828
12.180858612060547 13.453908920288086
11.529668807983398 12.518989562988281
11.476753234863281 11.480992317199707
10.490851402282715 11.026266098022461
10.463303565979004 12.500422477722168
10.12558364868164 13.422392845153809
9.662543296813965 11.096161842346191
9.613908767700195 12.545565605163574
9.366816520690918 14.536225318908691
8.286670684814453 9.624051094055176
8.203740119934082 8.982159614562988
7.574460029602051 9.386187553405762
