0.0 3.5419437885284424
0.0 3.8320155143737793
0.0 3.8580939769744873
0.0 4.24970006942749
0.0 4.368856430053711
0.0 4.5446271896362305
0.0 4.651362895965576
0.0 4.7312517166137695
0.0 4.820167064666748
0.0 5.718190670013428
0.0 6.093656539916992
0.0 6.103142261505127
0.0 6.184005260467529
0.0 6.260458469390869
0.0 6.275249004364014
0.0 6.4611430168151855
0.0 6.548770427703857
0.0 6.69838285446167
0.0 6.798518180847168
0.0 7.161581516265869
0.0 7.217599391937256
0.0 7.267825126647949
0.0 7.374809741973877
0.0 7.436557292938232
0.0 7.452707767486572
0.0 7.491515636444092
0.0 7.594630241394043
0.0 7.632254123687744
0.0 7.706450462341309
0.0 7.847367763519287
0.0 8.091689109802246
0.0 8.340848922729492
0.0 8.393322944641113
0.0 8.54969596862793
0.0 8.604829788208008
0.0 8.753498077392578
0.0 8.818159103393555
0.0 8.877628326416016
0.0 8.910524368286133
0.0 8.932592391967773
0.0 9.059747695922852
0.0 9.46795654296875
0.0 9.479504585266113
0.0 9.565053939819336
0.0 9.568695068359375
0.0 9.617841720581055
0.0 9.88956069946289
0.0 10.095181465148926
0.0 10.114212036132812
0.0 10.261009216308594
0.0 10.288137435913086
0.0 10.820113182067871
0.0 11.20613956451416
0.0 11.49033260345459
0.0 11.561214447021484
0.0 11.826687812805176
0.0 11.841440200805664
0.0 11.86470890045166
0.0 12.10047721862793
0.0 13.072816848754883
0.0 13.889439582824707
0.0 14.11518669128418
0.0 14.273124694824219
0.0 14.422557830810547
0.0 16.231204986572266
0.0 17.20250129699707
0.0 17.380416870117188
0.0 17.45550537109375
0.0 17.520456314086914
0.0 19.109058380126953
0.0 19.241207122802734
0.0 19.580524444580078
0.0 21.33245277404785
0.0 24.888010025024414
0.0 25.307601928710938
0.0 26.171239852905273
0.0 26.323793411254883
0.0 27.935422897338867
0.0 28.706239700317383
0.0 31.79932403564453
0.0 35.339359283447266
0.0 inf
37.19651794433594 61.96660232543945
36.358985900878906 36.374305725097656
34.95182418823242 62.922607421875
19.341588973999023 21.300344467163086
17.719825744628906 24.783447265625
17.485580444335938 22.28764533996582
16.044227600097656 16.50071144104004
13.693072319030762 14.099650382995605
12.551222801208496 13.119568824768066
12.503095626831055 14.983118057250977
11.8190279006958 12.577569007873535
11.633553504943848 12.075726509094238
10.845905303955078 12.73987102508545
10.822380065917969 13.951415061950684
10.520547866821289 12.791807174682617
10.456792831420898 10.773308753967285
10.409790992736816 13.837759017944336
10.18640422821045 11.781527519226074
9.48835277557373 11.05415153503418
9.427887916564941 10.390108108520508
8.249847412109375 8.890005111694336
8.080544471740723 9.181931495666504
7.930426120758057 9.208968162536621
