0.0 1.179263710975647
0.0 1.3388476371765137
0.0 1.9485194683074951
0.0 3.6254310607910156
0.0 4.53887414932251
0.0 4.686028957366943
0.0 5.260010242462158
0.0 5.868873119354248
0.0 6.025895595550537
0.0 6.056431770324707
0.0 6.247142314910889
0.0 6.248751163482666
0.0 6.347601413726807
0.0 6.387383937835693
0.0 6.428215503692627
0.0 6.428765296936035
0.0 6.490427017211914
0.0 6.655559062957764
0.0 6.932407379150391
0.0 6.947357654571533
0.0 6.998676776885986
0.0 7.0436110496521
0.0 7.1306962966918945
0.0 7.177855491638184
0.0 7.2508225440979
0.0 7.43014669418335
0.0 7.545498847961426
0.0 7.65933084487915
0.0 7.6813178062438965
0.0 7.767970085144043
0.0 7.788172721862793
0.0 7.895748138427734
0.0 8.008561134338379
0.0 8.033802032470703
0.0 8.044027328491211
0.0 8.11719799041748
0.0 8.388352394104004
0.0 8.51375961303711
0.0 8.524547576904297
0.0 8.538707733154297
0.0 8.55038833618164
0.0 8.608049392700195
0.0 8.679329872131348
0.0 8.788864135742188
0.0 8.86755084991455
0.0 8.868342399597168
0.0 9.04073715209961
0.0 9.043667793273926
0.0 9.167304992675781
0.0 9.613166809082031
0.0 9.655927658081055
0.0 9.790589332580566
0.0 9.83581829071045
0.0 10.360496520996094
0.0 10.974878311157227
0.0 11.3093900680542
0.0 11.492731094360352
0.0 11.613253593444824
0.0 12.12867546081543
0.0 12.337044715881348
0.0 13.099466323852539
0.0 13.10498332977295
0.0 14.05970287322998
0.0 15.555886268615723
0.0 16.059213638305664
0.0 17.67371940612793
0.0 17.92257308959961
0.0 19.055063247680664
0.0 20.755096435546875
0.0 22.630970001220703
0.0 24.31720733642578
0.0 24.645933151245117
0.0 25.082571029663086
0.0 25.627117156982422
0.0 29.111305236816406
0.0 29.76824951171875
0.0 29.801345825195312
0.0 30.28145408630371
0.0 30.37790298461914
0.0 30.90863037109375
0.0 31.457834243774414
0.0 inf
48.196807861328125 76.99081420898438
41.873435974121094 42.08998107910156
41.55939865112305 69.34071350097656
38.67755126953125 38.94465637207031
21.662403106689453 22.65561866760254
21.3701171875 24.898460388183594
19.310436248779297 22.16271209716797
17.735727310180664 20.95746421813965
16.5799617767334 17.77309799194336
15.840213775634766 15.861891746520996
13.150538444519043 14.60721492767334
12.084578514099121 13.568790435791016
11.907441139221191 12.035263061523438
10.788921356201172 11.22645378112793
10.775339126586914 11.894570350646973
10.269597053527832 11.952317237854004
10.124933242797852 11.746792793273926
10.116558074951172 10.522675514221191
10.088123321533203 12.708268165588379
9.925314903259277 12.06579875946045
9.844996452331543 10.859968185424805
9.46319580078125 11.415205001831055
9.394619941711426 13.278810501098633
8.454014778137207 9.613480567932129
8.411999702453613 8.981063842773438
