0.0 1.0802146196365356
0.0 1.087701439857483
0.0 1.0894389152526855
0.0 3.875457763671875
0.0 4.411624431610107
0.0 4.989388942718506
0.0 5.288844585418701
0.0 5.289148807525635
0.0 5.638884544372559
0.0 5.666688919067383
0.0 5.708160877227783
0.0 5.7184906005859375
0.0 5.813878059387207
0.0 5.82526159286499
0.0 6.1635661125183105
0.0 6.235355854034424
0.0 6.506481647491455
0.0 6.510074615478516
0.0 6.580787181854248
0.0 7.094197750091553
0.0 7.162788391113281
0.0 7.224638938903809
0.0 7.236607074737549
0.0 7.260526180267334
0.0 7.283044815063477
0.0 7.3782429695129395
0.0 7.391106605529785
0.0 7.477846622467041
0.0 7.5819573402404785
0.0 7.851428985595703
0.0 7.88913631439209
0.0 7.903439998626709
0.0 7.977104187011719
0.0 8.160503387451172
0.0 8.347503662109375
0.0 8.402701377868652
0.0 8.457812309265137
0.0 8.48311996459961
0.0 8.592996597290039
0.0 8.594407081604004
0.0 8.653311729431152
0.0 8.674932479858398
0.0 8.700569152832031
0.0 8.787328720092773
0.0 8.849217414855957
0.0 8.970017433166504
0.0 8.97838306427002
0.0 10.298482894897461
0.0 10.488609313964844
0.0 10.55539608001709
0.0 11.063748359680176
0.0 11.06466293334961
0.0 11.153676986694336
0.0 11.155557632446289
0.0 11.305954933166504
0.0 11.502552032470703
0.0 12.56139087677002
0.0 12.76360034942627
0.0 13.359492301940918
0.0 13.706616401672363
0.0 14.550451278686523
0.0 14.703904151916504
0.0 14.766005516052246
0.0 14.902536392211914
0.0 15.301825523376465
0.0 16.371530532836914
0.0 16.417797088623047
0.0 17.5858211517334
0.0 20.66718101501465
0.0 20.97515296936035
0.0 22.83247184753418
0.0 22.924001693725586
0.0 23.653852462768555
0.0 23.982219696044922
0.0 24.309846878051758
0.0 24.584360122680664
0.0 25.718595504760742
0.0 26.512205123901367
0.0 26.817768096923828
0.0 27.993499755859375
0.0 31.272165298461914
0.0 inf
42.65024948120117 63.51636505126953
42.0600471496582 43.90153121948242
36.98746109008789 37.85710906982422
36.792816162109375 62.68000030517578
31.579435348510742 35.566410064697266
18.98693084716797 24.98016357421875
18.49215316772461 21.550487518310547
18.4044189453125 22.797502517700195
16.314594268798828 16.744728088378906
15.773819923400879 17.476594924926758
15.050787925720215 17.943626403808594
11.647358894348145 12.505115509033203
11.552652359008789 12.810766220092773
11.461963653564453 13.33115291595459
11.141900062561035 13.440268516540527
10.810768127441406 11.249089241027832
10.639365196228027 12.823042869567871
9.703584671020508 12.527497291564941
9.321887969970703 14.272683143615723
9.244884490966797 9.796786308288574
8.529033660888672 9.535300254821777
8.018594741821289 8.278412818908691
7.545562267303467 8.8591947555542
