0.0 2.235297679901123
0.0 2.3054001331329346
0.0 3.2394535541534424
0.0 3.2940545082092285
0.0 4.191892623901367
0.0 4.216114521026611
0.0 4.40920352935791
0.0 4.453784465789795
0.0 4.505572319030762
0.0 5.097593307495117
0.0 5.412641525268555
0.0 5.577054500579834
0.0 5.891281604766846
0.0 6.0003981590271
0.0 6.261773109436035
0.0 6.393795490264893
0.0 6.4751434326171875
0.0 6.574422359466553
0.0 6.725955009460449
0.0 6.797386169433594
0.0 6.85012149810791
0.0 6.991154670715332
0.0 7.151369571685791
0.0 7.241644859313965
0.0 7.336519241333008
0.0 7.380435943603516
0.0 7.4269232749938965
0.0 7.500152111053467
0.0 7.501594066619873
0.0 7.5107831954956055
0.0 7.568022727966309
0.0 7.999466419219971
0.0 8.006194114685059
0.0 8.403730392456055
0.0 8.455307960510254
0.0 8.482085227966309
0.0 8.482400894165039
0.0 8.483156204223633
0.0 8.543336868286133
0.0 8.55935287475586
0.0 8.685836791992188
0.0 8.84918212890625
0.0 8.888002395629883
0.0 8.932412147521973
0.0 9.096677780151367
0.0 9.262803077697754
0.0 9.424880027770996
0.0 9.539833068847656
0.0 10.154925346374512
0.0 10.388142585754395
0.0 10.467159271240234
0.0 10.763557434082031
0.0 10.937148094177246
0.0 11.279679298400879
0.0 12.169212341308594
0.0 12.479076385498047
0.0 13.153020858764648
0.0 13.161340713500977
0.0 13.16552734375
0.0 13.620990753173828
0.0 13.848702430725098
0.0 13.858858108520508
0.0 13.946063995361328
0.0 13.974925994873047
0.0 14.214186668395996
0.0 15.197553634643555
0.0 16.550931930541992
0.0 16.64839744567871
0.0 17.623504638671875
0.0 18.118961334228516
0.0 19.854127883911133
0.0 20.933589935302734
0.0 21.017457962036133
0.0 24.520458221435547
0.0 26.141571044921875
0.0 27.427669525146484
0.0 28.7842960357666
0.0 29.545278549194336
0.0 31.450450897216797
0.0 32.47895431518555
0.0 33.48765563964844
0.0 inf
51.2536506652832 71.51043701171875
46.53014373779297 65.06591033935547
20.60047149658203 22.111207962036133
17.694988250732422 21.33664894104004
17.60707664489746 18.456647872924805
17.578704833984375 18.188636779785156
17.52509880065918 18.116247177124023
16.582914352416992 22.694828033447266
15.044145584106445 15.41104507446289
14.99658203125 21.19331169128418
14.502769470214844 16.920209884643555
12.488682746887207 13.057558059692383
12.250771522521973 13.787379264831543
11.519356727600098 13.324728965759277
11.438814163208008 13.106354713439941
10.011495590209961 10.902511596679688
9.638751029968262 10.677751541137695
9.168997764587402 9.258131980895996
9.019502639770508 9.966437339782715
8.56935977935791 8.953075408935547
8.537721633911133 8.951837539672852
8.003231048583984 8.68620777130127
7.421215534210205 8.024589538574219
