0.0 1.0738084316253662
0.0 1.0938007831573486
0.0 1.1020756959915161
0.0 3.248199462890625
0.0 3.9551026821136475
0.0 4.382857322692871
0.0 5.239085674285889
0.0 5.271296501159668
0.0 5.757533073425293
0.0 5.773854732513428
0.0 5.849646091461182
0.0 6.099612712860107
0.0 6.2061543464660645
0.0 6.297374725341797
0.0 6.297634601593018
0.0 6.309144020080566
0.0 6.350185871124268
0.0 6.38563871383667
0.0 6.608366012573242
0.0 6.734771251678467
0.0 6.752883434295654
0.0 6.863104343414307
0.0 7.254552841186523
0.0 7.406109809875488
0.0 7.480896949768066
0.0 7.484377861022949
0.0 7.506850719451904
0.0 7.548129558563232
0.0 7.555060386657715
0.0 7.659905433654785
0.0 7.894889831542969
0.0 7.939730644226074
0.0 7.980876445770264
0.0 8.01037311553955
0.0 8.115904808044434
0.0 8.281736373901367
0.0 8.296143531799316
0.0 8.345290184020996
0.0 8.425193786621094
0.0 8.473161697387695
0.0 8.637469291687012
0.0 8.63880443572998
0.0 8.709554672241211
0.0 8.716597557067871
0.0 8.87048053741455
0.0 8.945025444030762
0.0 8.981979370117188
0.0 10.328776359558105
0.0 10.489725112915039
0.0 10.637371063232422
0.0 10.799603462219238
0.0 10.97008228302002
0.0 11.633267402648926
0.0 11.69526195526123
0.0 12.049142837524414
0.0 12.448371887207031
0.0 12.455544471740723
0.0 12.963873863220215
0.0 12.994542121887207
0.0 13.114882469177246
0.0 13.424111366271973
0.0 14.412324905395508
0.0 14.639780044555664
0.0 15.082358360290527
0.0 15.896127700805664
0.0 16.4893741607666
0.0 17.362491607666016
0.0 17.64512062072754
0.0 21.180389404296875
0.0 21.85996437072754
0.0 22.41178321838379
0.0 22.892549514770508
0.0 23.091167449951172
0.0 23.80280876159668
0.0 23.866506576538086
0.0 24.305587768554688
0.0 25.87327766418457
0.0 26.661489486694336
0.0 27.8433780670166
0.0 29.824556350708008
0.0 36.260154724121094
0.0 inf
46.58649444580078 66.39852905273438
38.77830123901367 39.51057434082031
38.688045501708984 64.88127899169922
34.023006439208984 37.09333419799805
20.197418212890625 20.605257034301758
19.632020950317383 20.718687057495117
18.66559410095215 22.295503616333008
18.597078323364258 25.71558952331543
17.890626907348633 20.98847770690918
17.41428565979004 20.552921295166016
16.122838973999023 18.565397262573242
14.1141996383667 14.87233829498291
10.844938278198242 12.98800277709961
10.75918197631836 12.776225090026855
10.710647583007812 11.04664134979248
10.509267807006836 12.02655029296875
10.36649227142334 12.8365478515625
10.272576332092285 11.462448120117188
9.71713924407959 12.509245872497559
9.354071617126465 14.024648666381836
8.497447967529297 9.951496124267578
8.377525329589844 8.94871997833252
7.676811695098877 9.3953275680542
