0.0 2.540743112564087
0.0 2.5625083446502686
0.0 2.800124406814575
0.0 3.975289821624756
0.0 4.311523914337158
0.0 4.3923726081848145
0.0 4.774049282073975
0.0 5.38227653503418
0.0 5.382920265197754
0.0 5.393393039703369
0.0 5.418788909912109
0.0 5.548977851867676
0.0 5.566760540008545
0.0 5.936393737792969
0.0 6.095840930938721
0.0 6.204029083251953
0.0 6.239876747131348
0.0 6.305511951446533
0.0 6.314057350158691
0.0 6.372295379638672
0.0 6.410661697387695
0.0 6.703456878662109
0.0 6.731484413146973
0.0 6.932043075561523
0.0 6.9668755531311035
0.0 7.015224456787109
0.0 7.153649806976318
0.0 7.198562145233154
0.0 7.363501071929932
0.0 7.366256237030029
0.0 7.411057472229004
0.0 7.419743537902832
0.0 7.437124729156494
0.0 7.4437994956970215
0.0 7.475220203399658
0.0 7.536962985992432
0.0 7.557796001434326
0.0 7.843235969543457
0.0 8.31540584564209
0.0 8.492847442626953
0.0 8.526411056518555
0.0 8.64930248260498
0.0 8.70604419708252
0.0 8.879563331604004
0.0 8.94590950012207
0.0 9.35025405883789
0.0 9.576936721801758
0.0 9.672720909118652
0.0 10.126015663146973
0.0 10.361910820007324
0.0 10.569807052612305
0.0 10.812888145446777
0.0 10.823325157165527
0.0 11.113692283630371
0.0 11.148628234863281
0.0 11.371566772460938
0.0 11.449728965759277
0.0 11.546244621276855
0.0 11.943570137023926
0.0 12.506417274475098
0.0 13.48347282409668
0.0 13.828136444091797
0.0 14.091869354248047
0.0 14.143258094787598
0.0 16.679426193237305
0.0 17.103946685791016
0.0 18.39635467529297
0.0 18.60230255126953
0.0 18.6865291595459
0.0 21.926902770996094
0.0 23.560039520263672
0.0 23.868080139160156
0.0 24.112796783447266
0.0 24.284643173217773
0.0 24.3037166595459
0.0 25.36918830871582
0.0 25.53643226623535
0.0 26.641799926757812
0.0 27.87849998474121
0.0 29.850954055786133
0.0 34.52911376953125
0.0 inf
42.453285217285156 42.7878303527832
36.97331237792969 64.2543716430664
35.93384552001953 63.26075744628906
19.51047706604004 21.83075523376465
17.672517776489258 21.275333404541016
17.614198684692383 25.55839729309082
14.918661117553711 15.083219528198242
13.56641674041748 16.00308609008789
12.105550765991211 12.631759643554688
11.886641502380371 12.545833587646484
11.575218200683594 12.733956336975098
10.879027366638184 11.523758888244629
10.451776504516602 12.578887939453125
10.31017017364502 11.57496452331543
9.819432258605957 10.691594123840332
9.663466453552246 10.684174537658691
9.401650428771973 9.50085735321045
9.351298332214355 11.875931739807129
9.351241111755371 9.886972427368164
9.062895774841309 10.000358581542969
9.057836532592773 10.288431167602539
8.771321296691895 9.983193397521973
8.74939250946045 10.450431823730469
8.492864608764648 9.662116050720215
7.560889720916748 9.129781723022461
7.474193572998047 9.67424201965332
