0.0 3.7804441452026367
0.0 3.972015380859375
0.0 4.189688205718994
0.0 4.20736026763916
0.0 4.636690616607666
0.0 4.641201972961426
0.0 4.997432231903076
0.0 5.285858631134033
0.0 5.373830795288086
0.0 5.5330634117126465
0.0 6.041384696960449
0.0 6.135539531707764
0.0 6.527026176452637
0.0 6.64293098449707
0.0 6.673089981079102
0.0 6.695806503295898
0.0 6.990641117095947
0.0 7.154216766357422
0.0 7.226274013519287
0.0 7.39163875579834
0.0 7.394163608551025
0.0 7.402645587921143
0.0 7.483438491821289
0.0 7.511310577392578
0.0 7.51244592666626
0.0 7.652924060821533
0.0 7.753083229064941
0.0 7.996308326721191
0.0 8.280230522155762
0.0 8.32419490814209
0.0 8.361234664916992
0.0 8.402139663696289
0.0 8.43228816986084
0.0 8.449714660644531
0.0 8.635207176208496
0.0 8.64348030090332
0.0 8.669872283935547
0.0 8.773170471191406
0.0 8.936527252197266
0.0 9.116607666015625
0.0 9.189308166503906
0.0 9.365407943725586
0.0 9.366971015930176
0.0 9.449250221252441
0.0 9.597487449645996
0.0 9.839803695678711
0.0 9.870722770690918
0.0 10.203045845031738
0.0 10.28714370727539
0.0 10.663917541503906
0.0 10.696513175964355
0.0 10.7697172164917
0.0 11.250533103942871
0.0 11.418171882629395
0.0 11.56778621673584
0.0 11.793172836303711
0.0 11.905482292175293
0.0 12.589324951171875
0.0 13.339130401611328
0.0 13.470413208007812
0.0 13.881521224975586
0.0 14.359562873840332
0.0 15.335521697998047
0.0 15.963255882263184
0.0 16.465389251708984
0.0 16.73769187927246
0.0 17.888671875
0.0 18.236204147338867
0.0 18.28102684020996
0.0 18.830772399902344
0.0 18.905902862548828
0.0 19.28030014038086
0.0 23.076610565185547
0.0 23.219219207763672
0.0 24.944339752197266
0.0 25.98958969116211
0.0 26.47501564025879
0.0 26.793209075927734
0.0 29.885021209716797
0.0 29.95462417602539
0.0 34.880863189697266
0.0 inf
49.746864318847656 50.67691421508789
49.5790901184082 50.74781799316406
45.139183044433594 58.127838134765625
37.78947448730469 60.797367095947266
20.151615142822266 22.880191802978516
19.037132263183594 22.422473907470703
18.7406063079834 24.39597511291504
16.424331665039062 18.44051170349121
16.26360511779785 17.19870376586914
14.858723640441895 18.82132911682129
13.9763822555542 14.730566024780273
13.77523136138916 19.168581008911133
11.618432998657227 13.683717727661133
11.244370460510254 11.295988082885742
11.191888809204102 12.521308898925781
11.060050010681152 14.953479766845703
10.751485824584961 11.266252517700195
10.081690788269043 10.818305969238281
9.916877746582031 11.507307052612305
9.71591854095459 10.76253604888916
9.434781074523926 9.609532356262207
9.279297828674316 11.589816093444824
8.513986587524414 9.571407318115234
8.426655769348145 9.695683479309082
7.676888465881348 10.447083473205566
