0.0 1.112051010131836
0.0 1.1669257879257202
0.0 1.2799988985061646
0.0 3.2680375576019287
0.0 3.578242778778076
0.0 3.6846070289611816
0.0 4.864231586456299
0.0 5.74140739440918
0.0 5.745733261108398
0.0 6.113102912902832
0.0 6.1450018882751465
0.0 6.233119964599609
0.0 6.3046793937683105
0.0 6.304930210113525
0.0 6.369831562042236
0.0 6.3942060470581055
0.0 6.39963436126709
0.0 6.540578842163086
0.0 6.58915376663208
0.0 6.720658779144287
0.0 6.742076873779297
0.0 6.83668851852417
0.0 6.9732208251953125
0.0 6.990965366363525
0.0 7.200354099273682
0.0 7.23553466796875
0.0 7.2415571212768555
0.0 7.308210372924805
0.0 7.363585472106934
0.0 7.381870746612549
0.0 7.540236949920654
0.0 7.548766613006592
0.0 7.678759574890137
0.0 8.029365539550781
0.0 8.117033004760742
0.0 8.122907638549805
0.0 8.282986640930176
0.0 8.38315486907959
0.0 8.419930458068848
0.0 8.520011901855469
0.0 8.557470321655273
0.0 8.576906204223633
0.0 8.637619972229004
0.0 8.645590782165527
0.0 8.673800468444824
0.0 8.857707023620605
0.0 9.007245063781738
0.0 10.095298767089844
0.0 10.509466171264648
0.0 10.928466796875
0.0 10.977129936218262
0.0 11.45080280303955
0.0 11.588600158691406
0.0 11.623785018920898
0.0 12.023710250854492
0.0 12.445083618164062
0.0 12.802468299865723
0.0 12.971156120300293
0.0 13.46743106842041
0.0 13.477479934692383
0.0 13.534378051757812
0.0 14.223207473754883
0.0 14.302225112915039
0.0 14.603694915771484
0.0 16.395902633666992
0.0 16.722732543945312
0.0 16.774139404296875
0.0 17.546419143676758
0.0 20.67211151123047
0.0 20.786989212036133
0.0 21.738243103027344
0.0 22.900924682617188
0.0 23.782318115234375
0.0 24.019460678100586
0.0 24.848873138427734
0.0 25.169921875
0.0 26.087406158447266
0.0 26.426416397094727
0.0 27.375816345214844
0.0 28.30851936340332
0.0 35.38229751586914
0.0 inf
42.962158203125 43.47354507446289
42.65825653076172 62.79688262939453
38.46195983886719 40.5264892578125
35.943607330322266 64.5843505859375
31.82402801513672 36.694252014160156
20.588809967041016 21.144947052001953
18.48577308654785 21.390491485595703
18.385313034057617 22.312191009521484
18.26231575012207 26.144594192504883
17.280532836914062 20.487993240356445
15.579445838928223 18.395885467529297
14.879913330078125 15.64417552947998
12.243136405944824 14.109586715698242
11.658004760742188 11.681081771850586
11.122697830200195 12.779572486877441
10.202422142028809 11.956005096435547
10.165664672851562 12.00562858581543
9.70115852355957 11.833965301513672
9.53044319152832 11.406420707702637
9.332447052001953 13.620408058166504
8.680883407592773 10.051692008972168
8.645959854125977 9.90518569946289
8.56855297088623 10.286355018615723
8.363631248474121 9.091110229492188
7.605291366577148 9.359037399291992
