0.0 1.0731734037399292
0.0 1.0747302770614624
0.0 1.1311053037643433
0.0 4.047484874725342
0.0 4.610024929046631
0.0 4.611354351043701
0.0 5.054133415222168
0.0 5.3766961097717285
0.0 5.477251052856445
0.0 5.502656936645508
0.0 5.623606204986572
0.0 5.752867221832275
0.0 5.867268085479736
0.0 6.162027359008789
0.0 6.347797870635986
0.0 6.371606349945068
0.0 6.420262813568115
0.0 6.580944061279297
0.0 6.630399703979492
0.0 6.976998329162598
0.0 6.982104301452637
0.0 7.1211466789245605
0.0 7.122625827789307
0.0 7.313703536987305
0.0 7.353633403778076
0.0 7.392761707305908
0.0 7.404496192932129
0.0 7.409090995788574
0.0 7.447188377380371
0.0 7.4603142738342285
0.0 7.507693290710449
0.0 7.586354732513428
0.0 7.70578145980835
0.0 7.875966548919678
0.0 7.960115432739258
0.0 7.989185810089111
0.0 8.023165702819824
0.0 8.035818099975586
0.0 8.347593307495117
0.0 8.368231773376465
0.0 8.393715858459473
0.0 8.396145820617676
0.0 8.421374320983887
0.0 8.436361312866211
0.0 8.54110050201416
0.0 8.572572708129883
0.0 8.620750427246094
0.0 8.920239448547363
0.0 9.14703369140625
0.0 9.180830001831055
0.0 9.328454971313477
0.0 9.528820037841797
0.0 9.586187362670898
0.0 9.736139297485352
0.0 10.363879203796387
0.0 10.86964225769043
0.0 12.193048477172852
0.0 13.191157341003418
0.0 13.317933082580566
0.0 13.66286563873291
0.0 14.061822891235352
0.0 14.289939880371094
0.0 14.631669044494629
0.0 14.68315315246582
0.0 16.384536743164062
0.0 16.410490036010742
0.0 17.456462860107422
0.0 17.998600006103516
0.0 18.06247901916504
0.0 18.6439266204834
0.0 18.973926544189453
0.0 20.126388549804688
0.0 22.73981475830078
0.0 23.056039810180664
0.0 23.064193725585938
0.0 24.017532348632812
0.0 27.815061569213867
0.0 29.85399055480957
0.0 30.749177932739258
0.0 31.451473236083984
0.0 32.427215576171875
0.0 inf
55.05677032470703 73.51219940185547
50.51204299926758 60.88675308227539
34.930259704589844 35.000850677490234
23.201374053955078 23.5683650970459
19.414512634277344 26.009639739990234
18.895692825317383 21.457563400268555
16.174226760864258 16.448551177978516
13.471766471862793 14.603700637817383
11.440692901611328 12.104594230651855
10.96043872833252 12.479743003845215
10.86106014251709 13.105986595153809
10.617111206054688 12.6493558883667
10.396525382995605 10.43777847290039
10.237444877624512 10.405362129211426
10.01458740234375 10.525835990905762
9.900272369384766 12.251714706420898
9.567429542541504 10.595582008361816
9.54260540008545 10.53557014465332
9.521450996398926 11.194561004638672
9.283711433410645 12.288805961608887
8.845444679260254 9.708685874938965
8.553868293762207 11.938560485839844
8.419992446899414 9.042746543884277
8.39419937133789 8.399494171142578
7.920017242431641 9.06601333618164
7.872636318206787 9.37579345703125
7.7435712814331055 9.881539344787598
