0.0 4.046916961669922
0.0 4.484025478363037
0.0 5.155040740966797
0.0 5.271615505218506
0.0 5.651739120483398
0.0 5.701398849487305
0.0 5.83109712600708
0.0 6.328334331512451
0.0 6.3824663162231445
0.0 6.409055709838867
0.0 6.52486515045166
0.0 6.565070629119873
0.0 6.751171112060547
0.0 7.0285773277282715
0.0 7.0907793045043945
0.0 7.185731410980225
0.0 7.298218250274658
0.0 7.365272521972656
0.0 7.42682409286499
0.0 7.518628120422363
0.0 7.6281328201293945
0.0 7.745316505432129
0.0 7.916788578033447
0.0 7.923488616943359
0.0 8.144819259643555
0.0 8.199695587158203
0.0 8.264389991760254
0.0 8.302924156188965
0.0 8.304967880249023
0.0 8.3279390335083
0.0 8.330561637878418
0.0 8.41794490814209
0.0 8.509045600891113
0.0 8.545929908752441
0.0 8.571511268615723
0.0 8.870610237121582
0.0 8.891881942749023
0.0 9.326170921325684
0.0 9.333517074584961
0.0 9.35140323638916
0.0 9.37613582611084
0.0 9.482562065124512
0.0 9.575726509094238
0.0 9.60995864868164
0.0 9.715619087219238
0.0 9.717379570007324
0.0 9.779813766479492
0.0 10.154909133911133
0.0 10.356802940368652
0.0 10.623043060302734
0.0 10.764386177062988
0.0 11.118536949157715
0.0 11.349021911621094
0.0 12.108749389648438
0.0 12.357357025146484
0.0 12.45065975189209
0.0 12.557791709899902
0.0 12.787711143493652
0.0 13.284261703491211
0.0 13.494797706604004
0.0 14.119363784790039
0.0 14.320660591125488
0.0 14.803299903869629
0.0 15.031942367553711
0.0 15.208691596984863
0.0 15.459588050842285
0.0 15.761849403381348
0.0 17.448650360107422
0.0 17.580665588378906
0.0 17.674571990966797
0.0 18.429527282714844
0.0 19.428354263305664
0.0 19.94917106628418
0.0 25.3486385345459
0.0 26.2994441986084
0.0 26.38104248046875
0.0 28.723119735717773
0.0 29.234546661376953
0.0 29.958410263061523
0.0 30.32950782775879
0.0 39.060462951660156
0.0 inf
53.745906829833984 58.294349670410156
50.90647888183594 61.55178451538086
45.12643051147461 62.61281967163086
44.55192565917969 64.41549682617188
19.4559268951416 22.982017517089844
17.76045799255371 21.001731872558594
16.497835159301758 20.72171401977539
15.826751708984375 17.11425018310547
15.822569847106934 18.380550384521484
15.513365745544434 18.476295471191406
14.003655433654785 15.678238868713379
12.572815895080566 14.007198333740234
12.13138484954834 12.138177871704102
12.056462287902832 12.369490623474121
11.564539909362793 12.215407371520996
10.677698135375977 11.836434364318848
10.60990047454834 12.09054946899414
10.603448867797852 12.69165325164795
9.709649085998535 10.76278305053711
9.67650318145752 12.15268325805664
9.617823600769043 11.348289489746094
9.451233863830566 11.431653022766113
9.426323890686035 11.351022720336914
9.388252258300781 12.549556732177734
9.335938453674316 11.688862800598145
9.064284324645996 10.828797340393066
8.996458053588867 10.235950469970703
8.576981544494629 9.552852630615234
8.374536514282227 10.261686325073242
8.140825271606445 9.163269996643066
7.92629861831665 9.154932022094727
