0.0 1.2570393085479736
0.0 1.2663201093673706
0.0 1.3784946203231812
0.0 3.8076171875
0.0 4.6318864822387695
0.0 5.009725093841553
0.0 5.071362495422363
0.0 5.595787048339844
0.0 5.658513069152832
0.0 5.661229133605957
0.0 6.159501075744629
0.0 6.314189910888672
0.0 6.374469757080078
0.0 6.392103672027588
0.0 6.657533168792725
0.0 6.928296089172363
0.0 7.134171962738037
0.0 7.354027271270752
0.0 7.434664726257324
0.0 7.5939812660217285
0.0 7.717458724975586
0.0 7.746119976043701
0.0 7.753410339355469
0.0 7.865400791168213
0.0 7.963807582855225
0.0 8.007619857788086
0.0 8.108390808105469
0.0 8.131309509277344
0.0 8.1465425491333
0.0 8.153848648071289
0.0 8.241185188293457
0.0 8.244085311889648
0.0 8.32387638092041
0.0 8.386178016662598
0.0 8.437764167785645
0.0 8.490015983581543
0.0 8.526493072509766
0.0 8.548896789550781
0.0 8.585315704345703
0.0 8.592778205871582
0.0 8.627105712890625
0.0 8.707491874694824
0.0 8.71099853515625
0.0 8.736788749694824
0.0 8.797776222229004
0.0 9.119302749633789
0.0 9.33515453338623
0.0 9.452579498291016
0.0 9.529844284057617
0.0 10.261240005493164
0.0 10.26962947845459
0.0 10.561135292053223
0.0 10.607892036437988
0.0 10.940373420715332
0.0 11.143073081970215
0.0 11.782418251037598
0.0 11.920907020568848
0.0 12.458134651184082
0.0 12.525449752807617
0.0 12.964042663574219
0.0 13.326516151428223
0.0 13.560748100280762
0.0 14.506951332092285
0.0 14.997213363647461
0.0 16.260805130004883
0.0 16.471786499023438
0.0 16.657522201538086
0.0 17.4725399017334
0.0 18.165210723876953
0.0 18.580970764160156
0.0 19.226848602294922
0.0 19.38857078552246
0.0 20.329364776611328
0.0 25.930891036987305
0.0 26.23944664001465
0.0 27.52819061279297
0.0 28.388648986816406
0.0 28.633983612060547
0.0 28.778812408447266
0.0 29.250268936157227
0.0 35.215576171875
0.0 inf
52.14897537231445 56.876502990722656
45.99273681640625 63.69026184082031
45.191165924072266 46.03302001953125
35.54803466796875 60.371891021728516
34.785240173339844 35.455806732177734
19.598648071289062 21.436573028564453
18.72572135925293 24.16168785095215
16.667064666748047 20.699979782104492
16.42612648010254 17.062580108642578
15.240666389465332 16.495637893676758
13.78504753112793 16.587392807006836
12.1669282913208 13.817488670349121
12.153584480285645 13.424861907958984
11.762928009033203 12.08822250366211
11.627963066101074 11.910057067871094
10.640852928161621 12.220653533935547
10.492671012878418 12.74509334564209
10.389008522033691 12.914328575134277
9.757620811462402 10.021086692810059
9.715733528137207 10.861438751220703
9.612346649169922 13.254581451416016
9.594301223754883 12.697444915771484
9.592673301696777 10.515189170837402
9.540511131286621 11.208599090576172
9.264365196228027 9.987408638000488
8.856277465820312 10.069451332092285
8.710273742675781 10.571942329406738
8.149945259094238 10.159653663635254
7.92244291305542 9.17805290222168
