0.0 3.287445306777954
0.0 3.363349199295044
0.0 3.5857508182525635
0.0 3.964617967605591
0.0 4.446826457977295
0.0 4.888777732849121
0.0 5.150867462158203
0.0 5.321130752563477
0.0 5.553904056549072
0.0 5.8171916007995605
0.0 6.077671527862549
0.0 6.083682060241699
0.0 6.316823482513428
0.0 6.374964237213135
0.0 6.469875335693359
0.0 6.474564075469971
0.0 6.624105930328369
0.0 6.8753342628479
0.0 6.9628143310546875
0.0 7.109175205230713
0.0 7.112887382507324
0.0 7.124183654785156
0.0 7.1670241355896
0.0 7.198525428771973
0.0 7.318389415740967
0.0 7.340476036071777
0.0 7.426572322845459
0.0 7.439460754394531
0.0 7.455385684967041
0.0 7.5445756912231445
0.0 7.585015773773193
0.0 7.622277736663818
0.0 7.622639179229736
0.0 7.810374736785889
0.0 8.00757884979248
0.0 8.052146911621094
0.0 8.05368423461914
0.0 8.214011192321777
0.0 8.289417266845703
0.0 8.380722999572754
0.0 8.394813537597656
0.0 8.41132640838623
0.0 8.416683197021484
0.0 8.431196212768555
0.0 8.470314025878906
0.0 8.507499694824219
0.0 8.620790481567383
0.0 8.679375648498535
0.0 8.690512657165527
0.0 8.793699264526367
0.0 8.835684776306152
0.0 9.436161994934082
0.0 10.070128440856934
0.0 10.127242088317871
0.0 10.382674217224121
0.0 11.284154891967773
0.0 11.488816261291504
0.0 11.50291919708252
0.0 11.54906177520752
0.0 12.082700729370117
0.0 12.568656921386719
0.0 13.028185844421387
0.0 13.306683540344238
0.0 13.386499404907227
0.0 15.417808532714844
0.0 17.936946868896484
0.0 19.04544448852539
0.0 19.212177276611328
0.0 19.339746475219727
0.0 19.829574584960938
0.0 19.866775512695312
0.0 20.665523529052734
0.0 21.092491149902344
0.0 27.56898307800293
0.0 28.66449737548828
0.0 29.674789428710938
0.0 29.846534729003906
0.0 30.374435424804688
0.0 30.635623931884766
0.0 31.715925216674805
0.0 36.41958236694336
0.0 inf
51.779685974121094 67.96543884277344
44.354393005371094 46.13901138305664
43.408180236816406 74.51164245605469
19.60567855834961 22.466712951660156
18.09618377685547 26.84025001525879
18.009740829467773 20.869897842407227
14.520648956298828 15.087271690368652
13.16071605682373 13.729996681213379
10.737356185913086 11.167303085327148
10.522822380065918 11.507293701171875
10.221284866333008 11.51335334777832
10.046398162841797 10.255428314208984
9.710638046264648 11.86828327178955
9.559338569641113 9.721240997314453
9.558212280273438 11.553304672241211
9.502850532531738 11.852700233459473
9.423280715942383 12.577221870422363
9.287087440490723 10.618106842041016
9.072905540466309 9.389122009277344
8.894400596618652 9.399823188781738
8.68976879119873 9.273134231567383
8.455480575561523 10.763687133789062
8.10042953491211 10.22737979888916
7.904757976531982 8.524354934692383
7.62834358215332 10.203959465026855
7.363957405090332 8.001068115234375
