0.0 1.1904020309448242
0.0 1.223122477531433
0.0 1.310581088066101
0.0 3.5613136291503906
0.0 3.9493391513824463
0.0 4.243225574493408
0.0 4.600977420806885
0.0 4.823095321655273
0.0 5.335002899169922
0.0 5.409576892852783
0.0 5.797641754150391
0.0 5.964807510375977
0.0 5.982726573944092
0.0 6.200827598571777
0.0 6.308908462524414
0.0 6.489582538604736
0.0 6.666743755340576
0.0 7.201940059661865
0.0 7.298740386962891
0.0 7.361687660217285
0.0 7.386116027832031
0.0 7.452519416809082
0.0 7.468396186828613
0.0 7.509631633758545
0.0 7.56070613861084
0.0 7.56874418258667
0.0 7.6312360763549805
0.0 7.638800144195557
0.0 7.710164546966553
0.0 7.772919654846191
0.0 7.962764263153076
0.0 7.963890552520752
0.0 8.11495304107666
0.0 8.295455932617188
0.0 8.316563606262207
0.0 8.373414993286133
0.0 8.390055656433105
0.0 8.454938888549805
0.0 8.49785327911377
0.0 8.512243270874023
0.0 8.56368350982666
0.0 8.655600547790527
0.0 9.27563762664795
0.0 9.300104141235352
0.0 9.333914756774902
0.0 9.351306915283203
0.0 9.661086082458496
0.0 9.815144538879395
0.0 10.21145248413086
0.0 10.407240867614746
0.0 10.551430702209473
0.0 10.739385604858398
0.0 10.795867919921875
0.0 11.256336212158203
0.0 11.2764892578125
0.0 11.569048881530762
0.0 11.859895706176758
0.0 12.349342346191406
0.0 12.46148681640625
0.0 13.18239974975586
0.0 13.352829933166504
0.0 13.947565078735352
0.0 14.369651794433594
0.0 15.138703346252441
0.0 15.403594017028809
0.0 16.17214012145996
0.0 16.886768341064453
0.0 17.436429977416992
0.0 17.761856079101562
0.0 17.86583709716797
0.0 17.979501724243164
0.0 17.99101448059082
0.0 19.14238739013672
0.0 25.983306884765625
0.0 26.095043182373047
0.0 26.731399536132812
0.0 28.27046775817871
0.0 28.765859603881836
0.0 30.28629493713379
0.0 30.82942008972168
0.0 35.5517578125
0.0 inf
51.425418853759766 56.19697189331055
51.19477844238281 53.9214973449707
44.069007873535156 61.05305480957031
42.32663345336914 61.2094841003418
39.024139404296875 40.53009796142578
33.15586471557617 36.820289611816406
18.54621696472168 22.962005615234375
17.69927215576172 21.213380813598633
17.42299461364746 17.493383407592773
17.027423858642578 19.159452438354492
16.48963737487793 19.679515838623047
16.258831024169922 16.757259368896484
15.13260269165039 16.02875518798828
14.109552383422852 14.762739181518555
13.160221099853516 13.214734077453613
12.998525619506836 14.799966812133789
11.59553337097168 12.612960815429688
10.145048141479492 12.678613662719727
9.889369010925293 10.96867561340332
9.66561222076416 10.339838027954102
9.600492477416992 10.361297607421875
9.563575744628906 9.729255676269531
9.432046890258789 12.128061294555664
9.393754005432129 13.175314903259277
8.883539199829102 10.177545547485352
8.7571439743042 10.88916015625
8.696785926818848 10.359782218933105
8.32356071472168 9.72468090057373
8.317159652709961 8.665854454040527
7.846577167510986 10.458057403564453
7.839540481567383 10.164613723754883
