0.0 1.1937005519866943
0.0 1.2395472526550293
0.0 1.2852892875671387
0.0 3.4723563194274902
0.0 3.9718029499053955
0.0 4.252856731414795
0.0 4.742633819580078
0.0 5.226620674133301
0.0 5.336770057678223
0.0 5.543220520019531
0.0 5.763450622558594
0.0 5.824769973754883
0.0 5.862659454345703
0.0 5.878713607788086
0.0 6.4869465827941895
0.0 6.488502502441406
0.0 7.0635576248168945
0.0 7.083142280578613
0.0 7.282101631164551
0.0 7.347392559051514
0.0 7.416457653045654
0.0 7.445413112640381
0.0 7.607255935668945
0.0 7.713392734527588
0.0 7.759268760681152
0.0 7.761666774749756
0.0 7.776792526245117
0.0 7.803476333618164
0.0 7.819558620452881
0.0 8.00313949584961
0.0 8.132226943969727
0.0 8.287371635437012
0.0 8.371561050415039
0.0 8.39108657836914
0.0 8.47245979309082
0.0 8.499489784240723
0.0 8.503235816955566
0.0 8.529561042785645
0.0 8.557538032531738
0.0 8.558025360107422
0.0 8.652375221252441
0.0 8.912344932556152
0.0 9.122013092041016
0.0 9.128361701965332
0.0 9.257140159606934
0.0 9.306764602661133
0.0 9.323081016540527
0.0 9.648014068603516
0.0 10.16703987121582
0.0 10.44570541381836
0.0 10.642318725585938
0.0 10.885175704956055
0.0 10.931456565856934
0.0 11.109225273132324
0.0 11.228907585144043
0.0 11.45083236694336
0.0 12.120279312133789
0.0 12.502132415771484
0.0 13.046331405639648
0.0 13.315245628356934
0.0 14.026663780212402
0.0 14.353961944580078
0.0 14.381914138793945
0.0 14.95684814453125
0.0 15.222885131835938
0.0 15.399166107177734
0.0 15.753189086914062
0.0 17.984039306640625
0.0 18.03133201599121
0.0 18.127094268798828
0.0 18.6092586517334
0.0 18.656917572021484
0.0 19.024818420410156
0.0 26.041702270507812
0.0 26.57750701904297
0.0 26.677871704101562
0.0 27.34033203125
0.0 27.578702926635742
0.0 29.932218551635742
0.0 30.107450485229492
0.0 35.57755661010742
0.0 inf
52.83616256713867 54.71026611328125
49.417762756347656 53.785457611083984
41.84456253051758 63.64056396484375
41.646827697753906 61.720603942871094
36.93437957763672 39.33839416503906
35.533023834228516 35.7957763671875
19.581979751586914 23.00169563293457
17.475059509277344 21.302295684814453
16.447067260742188 20.26428985595703
16.03162956237793 18.204038619995117
15.639623641967773 17.04123306274414
13.146169662475586 14.249130249023438
12.043724060058594 14.03128719329834
11.642563819885254 12.111387252807617
10.971357345581055 12.405505180358887
10.64514446258545 11.116781234741211
10.200855255126953 12.73710823059082
9.946128845214844 11.078835487365723
9.623080253601074 11.130361557006836
9.597972869873047 12.565266609191895
9.528656005859375 9.705865859985352
9.466279029846191 10.448988914489746
9.337547302246094 13.181748390197754
8.918537139892578 10.035345077514648
8.768319129943848 10.689245223999023
8.685969352722168 11.233046531677246
8.341837882995605 8.557673454284668
8.312882423400879 9.74569320678711
7.822078227996826 9.887447357177734
