0.0 3.136406421661377
0.0 4.568867206573486
0.0 4.653555393218994
0.0 4.662308692932129
0.0 4.904028415679932
0.0 5.700557231903076
0.0 5.8146209716796875
0.0 6.019536018371582
0.0 6.198136329650879
0.0 6.246711254119873
0.0 6.337073802947998
0.0 6.400370121002197
0.0 6.4249958992004395
0.0 6.4520792961120605
0.0 6.456932544708252
0.0 6.5113749504089355
0.0 6.64285135269165
0.0 6.724090576171875
0.0 6.793347358703613
0.0 6.830416202545166
0.0 6.9903764724731445
0.0 7.099393844604492
0.0 7.235141277313232
0.0 7.238900661468506
0.0 7.262279510498047
0.0 7.268029689788818
0.0 7.354264259338379
0.0 7.417552471160889
0.0 7.537646293640137
0.0 7.745743751525879
0.0 7.887508392333984
0.0 8.13385009765625
0.0 8.277222633361816
0.0 8.34484577178955
0.0 8.369011878967285
0.0 8.37694263458252
0.0 8.482884407043457
0.0 8.51545238494873
0.0 8.560379028320312
0.0 8.579038619995117
0.0 8.68614673614502
0.0 8.69206714630127
0.0 8.713316917419434
0.0 8.78380012512207
0.0 9.121052742004395
0.0 9.152162551879883
0.0 9.28734016418457
0.0 9.36273193359375
0.0 9.514904022216797
0.0 9.625404357910156
0.0 9.712859153747559
0.0 9.86508560180664
0.0 9.971441268920898
0.0 10.32841968536377
0.0 10.739209175109863
0.0 11.054911613464355
0.0 11.459541320800781
0.0 11.46602725982666
0.0 12.082948684692383
0.0 12.315958976745605
0.0 12.464030265808105
0.0 13.72813606262207
0.0 14.114846229553223
0.0 14.747687339782715
0.0 15.529702186584473
0.0 16.568164825439453
0.0 18.210670471191406
0.0 18.543855667114258
0.0 19.45238494873047
0.0 20.026689529418945
0.0 20.13082504272461
0.0 20.7332820892334
0.0 23.36370086669922
0.0 25.702028274536133
0.0 26.459075927734375
0.0 28.332239151000977
0.0 30.693599700927734
0.0 30.942134857177734
0.0 32.609619140625
0.0 33.2091178894043
0.0 35.742881774902344
0.0 inf
49.6132926940918 68.48841857910156
45.446224212646484 81.20296478271484
20.5779972076416 22.04694175720215
19.605310440063477 25.54874610900879
17.707000732421875 20.10032081604004
16.135047912597656 16.189687728881836
12.631409645080566 15.315560340881348
12.18287467956543 13.111627578735352
11.903590202331543 11.995270729064941
11.567173957824707 12.114043235778809
10.863638877868652 11.509025573730469
10.074470520019531 11.013785362243652
9.94369125366211 12.015172958374023
9.519009590148926 11.811355590820312
9.462977409362793 12.063579559326172
9.458970069885254 10.31023120880127
9.383380889892578 12.625679016113281
9.068434715270996 9.483962059020996
8.720915794372559 9.249488830566406
8.683812141418457 8.921011924743652
8.48836898803711 8.666479110717773
8.441753387451172 9.904324531555176
8.30713939666748 9.298589706420898
8.295897483825684 9.308302879333496
