0.0 3.484544515609741
0.0 4.716238975524902
0.0 4.800822734832764
0.0 5.256929874420166
0.0 5.390688419342041
0.0 5.486749172210693
0.0 5.595966339111328
0.0 5.651354789733887
0.0 5.659055709838867
0.0 5.995555400848389
0.0 6.343398571014404
0.0 6.439611911773682
0.0 6.470098972320557
0.0 6.566803455352783
0.0 6.596836566925049
0.0 6.6893696784973145
0.0 6.859211444854736
0.0 6.954591751098633
0.0 7.062668323516846
0.0 7.145299911499023
0.0 7.187960624694824
0.0 7.2689690589904785
0.0 7.342329978942871
0.0 7.353590965270996
0.0 7.374312877655029
0.0 7.3749775886535645
0.0 7.415284156799316
0.0 7.450427532196045
0.0 7.474621772766113
0.0 7.556520462036133
0.0 7.65733528137207
0.0 7.733336448669434
0.0 7.890121936798096
0.0 8.031364440917969
0.0 8.070023536682129
0.0 8.088563919067383
0.0 8.120349884033203
0.0 8.216273307800293
0.0 8.27957820892334
0.0 8.309539794921875
0.0 8.334247589111328
0.0 8.344075202941895
0.0 8.368352890014648
0.0 8.44016170501709
0.0 8.45264720916748
0.0 8.469751358032227
0.0 8.48807430267334
0.0 8.499452590942383
0.0 8.661503791809082
0.0 8.675228118896484
0.0 8.888453483581543
0.0 8.988414764404297
0.0 9.128287315368652
0.0 9.846175193786621
0.0 10.886987686157227
0.0 11.346868515014648
0.0 11.411959648132324
0.0 11.49927806854248
0.0 11.524126052856445
0.0 11.5613431930542
0.0 12.310179710388184
0.0 12.787825584411621
0.0 13.181583404541016
0.0 13.201766014099121
0.0 16.47937774658203
0.0 17.908802032470703
0.0 18.38871192932129
0.0 18.826549530029297
0.0 19.30953598022461
0.0 19.47419548034668
0.0 19.906211853027344
0.0 19.98866081237793
0.0 20.86857795715332
0.0 27.935413360595703
0.0 28.0184383392334
0.0 29.474857330322266
0.0 30.1475830078125
0.0 30.414947509765625
0.0 30.827693939208984
0.0 33.09549331665039
0.0 37.35987854003906
0.0 inf
51.37744903564453 71.78868103027344
47.04590606689453 76.23241424560547
19.611093521118164 22.41208839416504
18.29255485534668 28.755765914916992
17.94125747680664 20.6199951171875
13.47427749633789 14.214601516723633
12.589335441589355 13.770034790039062
10.490750312805176 10.570384979248047
10.370279312133789 11.891020774841309
9.714439392089844 10.660219192504883
9.497354507446289 9.77042293548584
9.415152549743652 12.56108283996582
9.414111137390137 12.57361888885498
9.325268745422363 10.289578437805176
9.235276222229004 10.120345115661621
9.21926498413086 9.370283126831055
9.09911823272705 10.768513679504395
9.054987907409668 11.419485092163086
8.691535949707031 9.728872299194336
8.670726776123047 9.978622436523438
8.635912895202637 11.422520637512207
8.620742797851562 9.689919471740723
8.423218727111816 10.32629108428955
8.407776832580566 11.202325820922852
8.38998794555664 11.004464149475098
8.343597412109375 9.69631290435791
