0.0 1.1257420778274536
0.0 1.1618356704711914
0.0 1.3382288217544556
0.0 3.573028087615967
0.0 4.166884422302246
0.0 4.192728519439697
0.0 4.6732001304626465
0.0 4.839478492736816
0.0 5.164187908172607
0.0 5.237625598907471
0.0 5.2889556884765625
0.0 5.305456638336182
0.0 5.634427547454834
0.0 5.635009288787842
0.0 5.91609525680542
0.0 6.359964847564697
0.0 6.389843463897705
0.0 6.437503814697266
0.0 6.4998064041137695
0.0 6.612063884735107
0.0 6.849244117736816
0.0 7.016593933105469
0.0 7.116517543792725
0.0 7.479733467102051
0.0 7.537742614746094
0.0 7.545132160186768
0.0 7.612017631530762
0.0 7.954388618469238
0.0 7.989141464233398
0.0 8.134428024291992
0.0 8.176421165466309
0.0 8.218620300292969
0.0 8.262843132019043
0.0 8.27789306640625
0.0 8.283775329589844
0.0 8.316315650939941
0.0 8.334429740905762
0.0 8.337617874145508
0.0 8.583039283752441
0.0 8.636678695678711
0.0 8.725435256958008
0.0 8.831613540649414
0.0 8.92053508758545
0.0 9.01034164428711
0.0 9.102775573730469
0.0 9.254844665527344
0.0 9.48943042755127
0.0 9.757378578186035
0.0 9.775794982910156
0.0 9.985184669494629
0.0 10.02682876586914
0.0 10.326498031616211
0.0 10.401591300964355
0.0 11.388189315795898
0.0 11.404058456420898
0.0 11.594403266906738
0.0 12.818061828613281
0.0 12.85794448852539
0.0 12.861896514892578
0.0 13.122365951538086
0.0 13.188445091247559
0.0 13.24616813659668
0.0 13.470751762390137
0.0 13.561098098754883
0.0 14.961551666259766
0.0 16.311716079711914
0.0 16.560781478881836
0.0 18.295927047729492
0.0 19.523889541625977
0.0 21.80582618713379
0.0 22.141765594482422
0.0 22.74424171447754
0.0 23.422460556030273
0.0 23.785297393798828
0.0 24.352622985839844
0.0 25.142807006835938
0.0 26.408788681030273
0.0 26.756555557250977
0.0 28.386083602905273
0.0 28.5140438079834
0.0 35.50136184692383
0.0 inf
45.36863327026367 45.99388122558594
44.941532135009766 60.21977615356445
39.24013900756836 63.485137939453125
36.2057991027832 37.95198059082031
34.52854919433594 36.61967086791992
19.096607208251953 26.165864944458008
18.38100242614746 20.951019287109375
17.46230125427246 20.55251121520996
16.118818283081055 18.11524200439453
14.193427085876465 16.25719451904297
13.5298433303833 13.953914642333984
12.701345443725586 14.906051635742188
12.002934455871582 13.229793548583984
10.868544578552246 11.302482604980469
10.525574684143066 12.044946670532227
10.220952033996582 10.316336631774902
9.95633602142334 13.32364559173584
9.911417007446289 12.873377799987793
9.900373458862305 11.86168098449707
9.701581001281738 9.926368713378906
9.470982551574707 13.692367553710938
8.734000205993652 9.31622314453125
8.659871101379395 11.195905685424805
8.261320114135742 8.619757652282715
8.027597427368164 9.540207862854004
7.6930036544799805 8.746288299560547
