0.0 4.231004238128662
0.0 4.408867359161377
0.0 4.907402038574219
0.0 5.306926250457764
0.0 5.315370559692383
0.0 5.397488117218018
0.0 5.451189041137695
0.0 5.527238368988037
0.0 5.657393932342529
0.0 6.3095502853393555
0.0 6.354930877685547
0.0 6.385981559753418
0.0 6.419239044189453
0.0 6.548999786376953
0.0 6.59410285949707
0.0 6.647808074951172
0.0 6.9747819900512695
0.0 7.045547962188721
0.0 7.105849742889404
0.0 7.228180408477783
0.0 7.2805657386779785
0.0 7.367852687835693
0.0 7.394968032836914
0.0 7.397417068481445
0.0 7.409473419189453
0.0 7.566930770874023
0.0 7.572589874267578
0.0 7.6447577476501465
0.0 7.688793182373047
0.0 7.747086524963379
0.0 8.080592155456543
0.0 8.268186569213867
0.0 8.286505699157715
0.0 8.369174003601074
0.0 8.396683692932129
0.0 8.421607971191406
0.0 8.478549003601074
0.0 8.503522872924805
0.0 8.534744262695312
0.0 8.541908264160156
0.0 8.755288124084473
0.0 9.049778938293457
0.0 9.09496021270752
0.0 9.244093894958496
0.0 9.431368827819824
0.0 9.457317352294922
0.0 9.513531684875488
0.0 9.582205772399902
0.0 9.76990795135498
0.0 10.042167663574219
0.0 10.145950317382812
0.0 10.32841968536377
0.0 10.36602783203125
0.0 10.596982955932617
0.0 10.701067924499512
0.0 11.434789657592773
0.0 11.773693084716797
0.0 11.794175148010254
0.0 13.019708633422852
0.0 13.648289680480957
0.0 13.912248611450195
0.0 15.31899356842041
0.0 15.363374710083008
0.0 15.809964179992676
0.0 15.91694450378418
0.0 16.02495765686035
0.0 17.54884910583496
0.0 17.723785400390625
0.0 19.24104118347168
0.0 19.751171112060547
0.0 19.786664962768555
0.0 20.477388381958008
0.0 22.550256729125977
0.0 24.148101806640625
0.0 24.853912353515625
0.0 25.76079750061035
0.0 26.220104217529297
0.0 26.4273681640625
0.0 29.02663230895996
0.0 31.00701332092285
0.0 33.68346405029297
0.0 inf
52.309478759765625 57.533050537109375
50.601829528808594 62.047828674316406
33.8960075378418 58.46404266357422
19.672452926635742 20.96956443786621
19.517240524291992 23.304039001464844
18.260133743286133 20.086442947387695
18.03799057006836 24.52185821533203
17.390878677368164 18.399394989013672
14.87254524230957 16.277841567993164
14.685643196105957 17.562313079833984
13.467791557312012 14.004022598266602
11.900729179382324 13.833938598632812
11.83085823059082 13.017499923706055
11.012763977050781 11.814793586730957
10.966841697692871 13.349787712097168
10.514723777770996 12.65078067779541
10.352577209472656 10.61687183380127
10.201661109924316 10.469257354736328
9.559439659118652 11.156721115112305
9.545936584472656 10.3650484085083
9.432329177856445 11.31076717376709
9.358988761901855 11.917115211486816
8.607571601867676 11.136063575744629
8.355854034423828 9.471983909606934
8.205962181091309 10.520486831665039
