0.0 1.1360487937927246
0.0 1.182115077972412
0.0 1.3279848098754883
0.0 3.260530948638916
0.0 3.6678810119628906
0.0 3.70758056640625
0.0 5.414690971374512
0.0 5.4200968742370605
0.0 5.6789870262146
0.0 5.721737384796143
0.0 6.0102057456970215
0.0 6.101476192474365
0.0 6.162795066833496
0.0 6.235291004180908
0.0 6.299144744873047
0.0 6.30458402633667
0.0 6.361917018890381
0.0 6.377780437469482
0.0 6.431542873382568
0.0 6.524670124053955
0.0 6.716391563415527
0.0 6.770351409912109
0.0 6.888704776763916
0.0 6.964906692504883
0.0 7.02196741104126
0.0 7.22108793258667
0.0 7.241542816162109
0.0 7.242958068847656
0.0 7.259397506713867
0.0 7.361236572265625
0.0 7.538626194000244
0.0 7.547842502593994
0.0 8.052733421325684
0.0 8.12074089050293
0.0 8.225807189941406
0.0 8.39006233215332
0.0 8.406532287597656
0.0 8.436317443847656
0.0 8.563979148864746
0.0 8.62981128692627
0.0 8.650313377380371
0.0 8.66354751586914
0.0 8.67174243927002
0.0 8.705297470092773
0.0 8.86255931854248
0.0 8.978133201599121
0.0 9.094807624816895
0.0 10.024823188781738
0.0 10.504426002502441
0.0 10.855367660522461
0.0 11.155413627624512
0.0 11.603248596191406
0.0 11.694403648376465
0.0 11.862761497497559
0.0 11.918270111083984
0.0 12.444921493530273
0.0 12.608826637268066
0.0 12.880876541137695
0.0 13.464845657348633
0.0 13.466373443603516
0.0 13.533496856689453
0.0 14.21003532409668
0.0 14.225191116333008
0.0 14.595853805541992
0.0 16.282251358032227
0.0 16.401121139526367
0.0 16.947511672973633
0.0 17.794309616088867
0.0 20.694107055664062
0.0 21.74104881286621
0.0 21.84982681274414
0.0 22.92997932434082
0.0 23.067319869995117
0.0 23.781417846679688
0.0 24.919933319091797
0.0 25.149063110351562
0.0 26.086389541625977
0.0 26.767120361328125
0.0 27.34917640686035
0.0 28.142492294311523
0.0 34.29651641845703
0.0 inf
42.56537628173828 62.44845962524414
41.168304443359375 42.6295051574707
38.207061767578125 40.546836853027344
36.28312301635742 63.27962875366211
31.919483184814453 36.75925827026367
20.681180953979492 21.1458683013916
18.666187286376953 19.14543342590332
18.48653793334961 21.396183013916016
18.3741512298584 22.241037368774414
18.255693435668945 26.028520584106445
16.767620086669922 19.49727439880371
15.558323860168457 18.316375732421875
12.497220039367676 14.03380012512207
11.587804794311523 11.635388374328613
10.971609115600586 13.389966011047363
10.6466064453125 11.441375732421875
10.39407730102539 10.491964340209961
10.022011756896973 11.986730575561523
9.681158065795898 11.246237754821777
9.596351623535156 11.053323745727539
9.249014854431152 13.671003341674805
9.071198463439941 9.939078330993652
8.658397674560547 10.092676162719727
8.634278297424316 10.295154571533203
8.358168601989746 9.098481178283691
7.5919013023376465 9.384552001953125
