0.0 3.37028431892395
0.0 3.566631555557251
0.0 4.0855607986450195
0.0 4.473741054534912
0.0 4.562000274658203
0.0 5.0576372146606445
0.0 5.304240703582764
0.0 5.449284553527832
0.0 5.773433208465576
0.0 5.920327663421631
0.0 6.142853260040283
0.0 6.20394229888916
0.0 6.443270683288574
0.0 6.451519966125488
0.0 6.546440124511719
0.0 6.627279281616211
0.0 6.667790412902832
0.0 6.909327507019043
0.0 6.950006008148193
0.0 7.0597405433654785
0.0 7.0756940841674805
0.0 7.125382423400879
0.0 7.134958267211914
0.0 7.2703399658203125
0.0 7.277909278869629
0.0 7.34803581237793
0.0 7.355952739715576
0.0 7.356637954711914
0.0 7.3891072273254395
0.0 7.399177551269531
0.0 7.462717056274414
0.0 7.552701950073242
0.0 7.586936950683594
0.0 7.603630065917969
0.0 7.636036396026611
0.0 7.766655445098877
0.0 7.881843090057373
0.0 7.93328857421875
0.0 7.960261344909668
0.0 8.13368034362793
0.0 8.349356651306152
0.0 8.40074634552002
0.0 8.434479713439941
0.0 8.441841125488281
0.0 8.63762092590332
0.0 8.810519218444824
0.0 8.937037467956543
0.0 9.111039161682129
0.0 9.121131896972656
0.0 9.137901306152344
0.0 9.31401252746582
0.0 9.340601921081543
0.0 9.38607120513916
0.0 10.359160423278809
0.0 10.582108497619629
0.0 11.096441268920898
0.0 11.425207138061523
0.0 11.636094093322754
0.0 11.779215812683105
0.0 12.496508598327637
0.0 13.675183296203613
0.0 14.013773918151855
0.0 14.271119117736816
0.0 15.297642707824707
0.0 16.417482376098633
0.0 18.062559127807617
0.0 18.688871383666992
0.0 19.293249130249023
0.0 20.282934188842773
0.0 20.40069580078125
0.0 20.463388442993164
0.0 21.058786392211914
0.0 21.495861053466797
0.0 26.689233779907227
0.0 26.8171443939209
0.0 29.266834259033203
0.0 29.93924331665039
0.0 30.16606903076172
0.0 30.34418296813965
0.0 35.21554183959961
0.0 38.05232238769531
0.0 inf
47.7071647644043 70.42303466796875
41.9309196472168 42.31149673461914
39.876190185546875 76.60910034179688
20.31195640563965 22.2036190032959
19.643457412719727 22.47754669189453
19.409915924072266 26.4016170501709
14.208465576171875 16.542598724365234
14.183199882507324 15.061432838439941
10.845090866088867 12.868108749389648
10.83877944946289 12.334928512573242
10.618306159973145 12.575222969055176
10.548222541809082 11.746993064880371
10.079934120178223 10.420499801635742
9.78470516204834 12.672972679138184
9.758920669555664 10.095314025878906
9.5941162109375 11.243170738220215
9.305794715881348 11.524063110351562
8.853222846984863 9.324012756347656
8.690743446350098 9.693918228149414
8.479419708251953 10.966150283813477
7.805600166320801 9.798428535461426
7.649562358856201 10.06556224822998
7.4280805587768555 8.500077247619629
