0.0 1.0314916372299194
0.0 1.0372246503829956
0.0 1.0406453609466553
0.0 4.128397464752197
0.0 4.229121685028076
0.0 4.467878341674805
0.0 5.045183181762695
0.0 5.376529693603516
0.0 5.644045829772949
0.0 5.855406284332275
0.0 6.015912055969238
0.0 6.280467510223389
0.0 6.3183770179748535
0.0 6.324944972991943
0.0 6.346463203430176
0.0 6.3673529624938965
0.0 6.493828296661377
0.0 6.593504905700684
0.0 6.607774257659912
0.0 6.820218563079834
0.0 6.89191198348999
0.0 7.016568660736084
0.0 7.0703301429748535
0.0 7.250114917755127
0.0 7.254772186279297
0.0 7.259034633636475
0.0 7.290883541107178
0.0 7.367856025695801
0.0 7.3871846199035645
0.0 7.472822666168213
0.0 7.474529266357422
0.0 7.603176116943359
0.0 7.720546722412109
0.0 7.855523109436035
0.0 7.901119232177734
0.0 8.070510864257812
0.0 8.157148361206055
0.0 8.265881538391113
0.0 8.395415306091309
0.0 8.439367294311523
0.0 8.6832857131958
0.0 8.70412826538086
0.0 8.786734580993652
0.0 8.791645050048828
0.0 8.856194496154785
0.0 8.9671630859375
0.0 9.142634391784668
0.0 9.334273338317871
0.0 10.088436126708984
0.0 10.19251823425293
0.0 10.779786109924316
0.0 10.874134063720703
0.0 11.120957374572754
0.0 11.30888843536377
0.0 11.45827579498291
0.0 11.537843704223633
0.0 11.562508583068848
0.0 12.674724578857422
0.0 13.444414138793945
0.0 13.700048446655273
0.0 13.900513648986816
0.0 14.297612190246582
0.0 14.401846885681152
0.0 14.46838665008545
0.0 16.295896530151367
0.0 16.409265518188477
0.0 17.62447166442871
0.0 18.500205993652344
0.0 21.246170043945312
0.0 21.8698787689209
0.0 22.30128288269043
0.0 22.942394256591797
0.0 24.043100357055664
0.0 24.054960250854492
0.0 24.206504821777344
0.0 24.449792861938477
0.0 25.021541595458984
0.0 25.90166473388672
0.0 27.295780181884766
0.0 27.961429595947266
0.0 34.09840393066406
0.0 inf
43.944664001464844 44.634891510009766
38.99869918823242 66.067626953125
38.58378601074219 38.975494384765625
38.040199279785156 64.9546890258789
31.776105880737305 35.52124786376953
19.218175888061523 25.115406036376953
18.52199363708496 21.621492385864258
18.4592342376709 22.34200096130371
17.684106826782227 18.14834213256836
16.775192260742188 18.414016723632812
14.77098560333252 18.235260009765625
12.93747329711914 13.374054908752441
12.7694730758667 12.963113784790039
10.755032539367676 12.09189510345459
10.698753356933594 11.755864143371582
10.638728141784668 11.7808198928833
10.132076263427734 12.328130722045898
9.839214324951172 12.520462036132812
9.764305114746094 11.502703666687012
9.46844482421875 12.690258979797363
9.334039688110352 12.599716186523438
8.84470272064209 9.532207489013672
8.565831184387207 8.928175926208496
7.630023002624512 9.462255477905273
