0.0 4.02121114730835
0.0 4.3741583824157715
0.0 5.340062618255615
0.0 5.455667495727539
0.0 5.4982404708862305
0.0 5.6397600173950195
0.0 5.7215256690979
0.0 5.739361763000488
0.0 6.132405757904053
0.0 6.301760673522949
0.0 6.364312648773193
0.0 6.381958484649658
0.0 6.403956413269043
0.0 6.508282661437988
0.0 6.528064250946045
0.0 6.534081935882568
0.0 6.832546234130859
0.0 6.8697614669799805
0.0 6.875001907348633
0.0 6.907341957092285
0.0 6.9681315422058105
0.0 7.132087707519531
0.0 7.2440266609191895
0.0 7.412423610687256
0.0 7.504674434661865
0.0 7.631311416625977
0.0 7.640561580657959
0.0 7.696047782897949
0.0 7.806294918060303
0.0 7.810491561889648
0.0 7.85255241394043
0.0 7.856629848480225
0.0 7.927544116973877
0.0 8.314303398132324
0.0 8.436673164367676
0.0 8.463418960571289
0.0 8.49760913848877
0.0 8.51863956451416
0.0 8.54053020477295
0.0 8.580583572387695
0.0 8.61319351196289
0.0 8.65269660949707
0.0 8.767160415649414
0.0 8.768144607543945
0.0 8.806233406066895
0.0 8.996506690979004
0.0 9.278593063354492
0.0 9.280855178833008
0.0 9.486251831054688
0.0 9.53227424621582
0.0 9.611071586608887
0.0 9.91478443145752
0.0 10.12900161743164
0.0 10.412847518920898
0.0 10.716490745544434
0.0 11.009279251098633
0.0 12.151841163635254
0.0 12.550907135009766
0.0 12.794382095336914
0.0 13.222994804382324
0.0 13.251038551330566
0.0 13.415327072143555
0.0 13.432502746582031
0.0 13.520580291748047
0.0 17.14218521118164
0.0 17.250656127929688
0.0 17.710752487182617
0.0 18.571165084838867
0.0 18.786792755126953
0.0 18.897279739379883
0.0 19.82373046875
0.0 19.960365295410156
0.0 20.563674926757812
0.0 22.11724281311035
0.0 25.466753005981445
0.0 27.750967025756836
0.0 28.56620979309082
0.0 30.84982681274414
0.0 30.913299560546875
0.0 31.080219268798828
0.0 34.05019760131836
0.0 inf
55.35934829711914 57.77450180053711
51.95836639404297 56.879825592041016
51.80015182495117 62.9806022644043
48.46244812011719 64.798583984375
37.29169464111328 38.79861068725586
37.18940734863281 41.182762145996094
20.67192840576172 21.059900283813477
19.716190338134766 23.269981384277344
18.546754837036133 22.06959342956543
17.768552780151367 21.469478607177734
13.685833930969238 13.820271492004395
11.218833923339844 11.864864349365234
10.982146263122559 11.4645357131958
10.557552337646484 12.569694519042969
10.23642635345459 11.509206771850586
10.022976875305176 10.436756134033203
9.866366386413574 11.070321083068848
9.845284461975098 11.565217018127441
9.836706161499023 10.696964263916016
9.763707160949707 12.595420837402344
9.683430671691895 11.943037033081055
9.659660339355469 10.867927551269531
9.65617561340332 11.333352088928223
9.60120677947998 11.949524879455566
9.451891899108887 11.1146240234375
9.247369766235352 12.28427791595459
9.193629264831543 10.741950035095215
8.940427780151367 9.40847110748291
8.700201988220215 9.088034629821777
8.333209991455078 8.563263893127441
7.300889492034912 9.708096504211426
7.249251365661621 8.318568229675293
