0.0 3.5256733894348145
0.0 4.193087577819824
0.0 4.344062328338623
0.0 4.618221282958984
0.0 4.627941608428955
0.0 5.046875
0.0 5.262821197509766
0.0 5.367105960845947
0.0 5.582888126373291
0.0 6.056915283203125
0.0 6.212626934051514
0.0 6.391461372375488
0.0 6.549335956573486
0.0 6.609471321105957
0.0 6.721900939941406
0.0 6.960548400878906
0.0 7.007925033569336
0.0 7.086285591125488
0.0 7.229755401611328
0.0 7.385063171386719
0.0 7.387267112731934
0.0 7.388865947723389
0.0 7.493371963500977
0.0 7.496574401855469
0.0 7.681497573852539
0.0 7.708627700805664
0.0 7.981539249420166
0.0 8.289405822753906
0.0 8.347207069396973
0.0 8.364120483398438
0.0 8.39954948425293
0.0 8.430005073547363
0.0 8.470726013183594
0.0 8.499045372009277
0.0 8.53545093536377
0.0 8.629409790039062
0.0 8.70488166809082
0.0 8.78740406036377
0.0 8.973098754882812
0.0 9.123795509338379
0.0 9.215741157531738
0.0 9.315122604370117
0.0 9.35593318939209
0.0 9.484739303588867
0.0 9.592166900634766
0.0 9.833255767822266
0.0 9.931357383728027
0.0 10.303447723388672
0.0 10.316751480102539
0.0 10.644065856933594
0.0 10.714431762695312
0.0 10.817682266235352
0.0 11.38855266571045
0.0 11.53268814086914
0.0 11.590816497802734
0.0 11.711894989013672
0.0 11.94216251373291
0.0 12.065309524536133
0.0 12.707200050354004
0.0 13.479450225830078
0.0 13.698479652404785
0.0 13.922948837280273
0.0 15.325072288513184
0.0 16.00093650817871
0.0 16.463680267333984
0.0 16.623186111450195
0.0 17.76669692993164
0.0 18.215896606445312
0.0 18.22206687927246
0.0 19.200952529907227
0.0 19.277917861938477
0.0 19.88487434387207
0.0 23.010679244995117
0.0 23.231277465820312
0.0 24.946794509887695
0.0 25.022621154785156
0.0 25.448984146118164
0.0 26.548229217529297
0.0 29.819435119628906
0.0 30.35299301147461
0.0 34.98329544067383
0.0 inf
54.88077163696289 57.88653564453125
47.631591796875 51.67703628540039
45.04499816894531 57.862342834472656
40.475128173828125 61.01597213745117
20.16285514831543 22.890174865722656
19.043567657470703 21.8654842376709
18.683937072753906 24.36798667907715
16.26795196533203 17.18147850036621
16.229690551757812 18.411148071289062
14.846522331237793 18.460886001586914
13.98817253112793 14.762216567993164
13.804868698120117 18.151308059692383
11.615148544311523 13.680407524108887
11.330681800842285 11.488845825195312
11.196035385131836 12.474804878234863
10.949136734008789 15.079161643981934
10.747401237487793 11.262899398803711
10.134934425354004 11.663531303405762
10.080556869506836 10.815927505493164
9.696272850036621 11.231921195983887
9.296599388122559 11.552921295166016
8.949347496032715 10.723626136779785
8.922201156616211 9.849444389343262
8.558248519897461 9.558293342590332
8.429118156433105 10.388182640075684
7.528013706207275 10.493135452270508
