0.0 1.1609961986541748
0.0 1.1880476474761963
0.0 2.603794574737549
0.0 4.002406597137451
0.0 4.082266807556152
0.0 4.491673469543457
0.0 4.749663829803467
0.0 5.095940589904785
0.0 5.1737446784973145
0.0 5.578472137451172
0.0 5.775858402252197
0.0 5.823185920715332
0.0 5.856112003326416
0.0 6.2764410972595215
0.0 6.344940185546875
0.0 6.407934188842773
0.0 6.464156150817871
0.0 6.509665489196777
0.0 6.509799480438232
0.0 6.860165596008301
0.0 6.92749547958374
0.0 6.947534561157227
0.0 7.166611671447754
0.0 7.355953693389893
0.0 7.376871585845947
0.0 7.391113758087158
0.0 7.518470764160156
0.0 7.631265640258789
0.0 7.643100261688232
0.0 7.696674346923828
0.0 7.719638347625732
0.0 7.806968688964844
0.0 7.91565465927124
0.0 7.922656059265137
0.0 7.9354448318481445
0.0 8.30015754699707
0.0 8.498854637145996
0.0 8.513076782226562
0.0 8.57421588897705
0.0 8.59402847290039
0.0 8.723172187805176
0.0 8.72762393951416
0.0 8.774178504943848
0.0 8.82660961151123
0.0 8.881418228149414
0.0 8.937350273132324
0.0 9.230764389038086
0.0 9.256497383117676
0.0 9.290364265441895
0.0 9.474628448486328
0.0 9.809967994689941
0.0 9.959671020507812
0.0 10.243497848510742
0.0 10.272930145263672
0.0 10.413481712341309
0.0 10.709567070007324
0.0 11.540913581848145
0.0 11.81319522857666
0.0 12.08469009399414
0.0 12.084959983825684
0.0 12.57206916809082
0.0 12.91146469116211
0.0 13.69701099395752
0.0 15.347818374633789
0.0 15.446037292480469
0.0 16.036333084106445
0.0 18.32768440246582
0.0 19.6860294342041
0.0 20.171743392944336
0.0 20.781450271606445
0.0 20.94068145751953
0.0 21.928138732910156
0.0 22.846160888671875
0.0 24.98919677734375
0.0 25.092267990112305
0.0 25.170249938964844
0.0 26.112403869628906
0.0 29.003341674804688
0.0 29.143342971801758
0.0 29.280162811279297
0.0 31.90796661376953
0.0 inf
43.44120788574219 44.621578216552734
42.73729705810547 61.76767349243164
42.00425720214844 43.387325286865234
40.27153396606445 60.721397399902344
34.39160919189453 37.51250457763672
33.555809020996094 37.79384994506836
21.84358024597168 25.83172035217285
17.44786262512207 20.15528678894043
16.800918579101562 17.848526000976562
16.49742317199707 19.715972900390625
12.911392211914062 15.534605026245117
11.331297874450684 12.46072006225586
11.178175926208496 11.463608741760254
11.087586402893066 11.403109550476074
10.796050071716309 11.374286651611328
10.598127365112305 12.623370170593262
10.535441398620605 11.056081771850586
10.362772941589355 11.519043922424316
9.932950973510742 10.746002197265625
9.007089614868164 12.624981880187988
8.956862449645996 14.717554092407227
8.439493179321289 10.067601203918457
8.025605201721191 9.797727584838867
