0.0 4.334350109100342
0.0 4.678449630737305
0.0 4.811121940612793
0.0 4.862648010253906
0.0 5.5568156242370605
0.0 5.572938919067383
0.0 5.597243309020996
0.0 5.698124408721924
0.0 6.076681137084961
0.0 6.175720691680908
0.0 6.188421249389648
0.0 6.316309928894043
0.0 6.432605743408203
0.0 6.516046047210693
0.0 6.580671310424805
0.0 6.694389820098877
0.0 6.704057693481445
0.0 6.723288059234619
0.0 6.947355270385742
0.0 6.96892786026001
0.0 7.052565574645996
0.0 7.0779523849487305
0.0 7.138016700744629
0.0 7.193155288696289
0.0 7.348944664001465
0.0 7.349674224853516
0.0 7.365701198577881
0.0 7.433151721954346
0.0 7.485676288604736
0.0 7.543034076690674
0.0 7.589949607849121
0.0 7.618988990783691
0.0 7.6287431716918945
0.0 7.655625343322754
0.0 8.08996295928955
0.0 8.192367553710938
0.0 8.204294204711914
0.0 8.293627738952637
0.0 8.341571807861328
0.0 8.370588302612305
0.0 8.404984474182129
0.0 8.432640075683594
0.0 8.451173782348633
0.0 8.455986976623535
0.0 8.512090682983398
0.0 8.54343032836914
0.0 8.607780456542969
0.0 8.907954216003418
0.0 8.91880989074707
0.0 8.957734107971191
0.0 9.184523582458496
0.0 9.603523254394531
0.0 9.625540733337402
0.0 10.372231483459473
0.0 10.595848083496094
0.0 10.752864837646484
0.0 10.837828636169434
0.0 11.228163719177246
0.0 11.61363410949707
0.0 12.410387992858887
0.0 12.554473876953125
0.0 13.215715408325195
0.0 13.293692588806152
0.0 14.597084045410156
0.0 15.328076362609863
0.0 17.91420555114746
0.0 18.80956268310547
0.0 18.85645866394043
0.0 20.3414249420166
0.0 20.39197540283203
0.0 20.797508239746094
0.0 21.952980041503906
0.0 23.40125846862793
0.0 26.60221290588379
0.0 27.782257080078125
0.0 28.462156295776367
0.0 30.991247177124023
0.0 32.236289978027344
0.0 32.885047912597656
0.0 35.410240173339844
0.0 36.54375457763672
0.0 inf
44.25844192504883 69.62236022949219
41.38373947143555 42.64588928222656
38.31707763671875 78.81961059570312
19.633623123168945 22.556549072265625
18.050756454467773 21.130748748779297
18.007875442504883 26.34937858581543
14.263649940490723 16.144990921020508
13.336495399475098 14.693636894226074
12.297677993774414 13.844703674316406
10.54798698425293 11.530707359313965
10.504849433898926 11.094175338745117
10.07070255279541 10.481522560119629
9.633411407470703 11.784006118774414
9.615571975708008 9.695873260498047
9.580650329589844 10.130573272705078
9.523059844970703 11.817768096923828
9.505776405334473 11.858526229858398
9.48241138458252 12.587051391601562
9.390706062316895 10.723028182983398
9.262628555297852 11.00783634185791
8.876147270202637 9.41616439819336
8.650521278381348 9.944153785705566
8.494400024414062 10.357419967651367
7.731147766113281 9.957746505737305
7.720462322235107 7.788895606994629
7.6063714027404785 10.306771278381348
7.5847296714782715 8.211463928222656
