0.0 2.5322747230529785
0.0 3.5120506286621094
0.0 3.6252217292785645
0.0 3.938509225845337
0.0 4.363343238830566
0.0 4.4113874435424805
0.0 4.789764881134033
0.0 5.61390495300293
0.0 5.6591715812683105
0.0 6.167616844177246
0.0 6.274598121643066
0.0 6.291703701019287
0.0 6.3216423988342285
0.0 6.477067470550537
0.0 6.499145030975342
0.0 6.547994613647461
0.0 6.611691951751709
0.0 6.632032871246338
0.0 6.79777193069458
0.0 7.168361663818359
0.0 7.321340084075928
0.0 7.386166572570801
0.0 7.392614841461182
0.0 7.393266201019287
0.0 7.395331859588623
0.0 7.424557209014893
0.0 7.50487756729126
0.0 7.725809574127197
0.0 7.787383079528809
0.0 7.951202392578125
0.0 8.124817848205566
0.0 8.195313453674316
0.0 8.25394344329834
0.0 8.32680892944336
0.0 8.399589538574219
0.0 8.404231071472168
0.0 8.435769081115723
0.0 8.440947532653809
0.0 8.481308937072754
0.0 8.49706745147705
0.0 8.600943565368652
0.0 8.862070083618164
0.0 9.28442096710205
0.0 9.344943046569824
0.0 9.5325288772583
0.0 9.585845947265625
0.0 9.645857810974121
0.0 9.791627883911133
0.0 9.973029136657715
0.0 10.454948425292969
0.0 10.64407730102539
0.0 10.741485595703125
0.0 10.877337455749512
0.0 11.016389846801758
0.0 11.041446685791016
0.0 11.048445701599121
0.0 11.163284301757812
0.0 11.356093406677246
0.0 11.446671485900879
0.0 12.587809562683105
0.0 12.885540008544922
0.0 14.497246742248535
0.0 14.947042465209961
0.0 15.30856990814209
0.0 17.104013442993164
0.0 18.612512588500977
0.0 20.082530975341797
0.0 20.342552185058594
0.0 20.607250213623047
0.0 20.912744522094727
0.0 21.417888641357422
0.0 21.66570281982422
0.0 21.89957618713379
0.0 22.133575439453125
0.0 26.2802791595459
0.0 26.687957763671875
0.0 27.611804962158203
0.0 27.75428009033203
0.0 29.8770751953125
0.0 30.174039840698242
0.0 35.56304168701172
0.0 inf
47.68587112426758 48.50484848022461
47.33425521850586 49.43849182128906
41.76443099975586 60.20261001586914
41.691734313964844 61.34347915649414
38.69043731689453 40.40797424316406
36.81661605834961 40.36311340332031
22.296527862548828 28.10738182067871
21.95139503479004 23.6844539642334
16.485836029052734 20.140640258789062
15.790766716003418 19.613967895507812
12.874480247497559 13.642073631286621
12.479747772216797 13.095117568969727
12.385088920593262 14.126729011535645
10.857511520385742 13.487200736999512
10.580974578857422 11.392876625061035
9.986471176147461 11.996391296386719
9.875289916992188 10.29625415802002
9.739728927612305 12.18680191040039
9.55838680267334 9.601563453674316
9.52878189086914 11.823468208312988
9.4889497756958 9.952629089355469
9.263492584228516 10.215206146240234
8.776789665222168 10.477089881896973
8.676987648010254 10.580211639404297
8.436369895935059 11.074625968933105
7.582780838012695 9.047192573547363
7.565765857696533 9.17779541015625
