0.0 2.5577735900878906
0.0 3.5995256900787354
0.0 4.197552680969238
0.0 4.209910869598389
0.0 4.340417385101318
0.0 4.531979560852051
0.0 5.065273284912109
0.0 5.255015850067139
0.0 5.264666557312012
0.0 5.270486354827881
0.0 5.312318801879883
0.0 5.339536666870117
0.0 5.549684524536133
0.0 5.755482196807861
0.0 5.842474460601807
0.0 6.5158891677856445
0.0 6.655117988586426
0.0 6.655372142791748
0.0 6.965696811676025
0.0 6.968235015869141
0.0 6.991489887237549
0.0 7.003958225250244
0.0 7.310543537139893
0.0 7.422779560089111
0.0 7.450714588165283
0.0 7.457643508911133
0.0 7.7505202293396
0.0 7.950445652008057
0.0 8.269007682800293
0.0 8.280457496643066
0.0 8.390277862548828
0.0 8.392642974853516
0.0 8.404243469238281
0.0 8.449047088623047
0.0 8.653931617736816
0.0 8.74020767211914
0.0 9.028017044067383
0.0 9.12641429901123
0.0 9.127448081970215
0.0 9.217493057250977
0.0 9.399405479431152
0.0 9.50405502319336
0.0 9.618637084960938
0.0 9.820019721984863
0.0 9.831452369689941
0.0 9.84874153137207
0.0 10.215869903564453
0.0 10.23931884765625
0.0 10.413576126098633
0.0 10.518882751464844
0.0 10.62101936340332
0.0 10.62730884552002
0.0 10.825617790222168
0.0 10.970538139343262
0.0 11.274709701538086
0.0 11.394814491271973
0.0 11.536372184753418
0.0 12.20555305480957
0.0 12.734322547912598
0.0 13.529059410095215
0.0 14.011422157287598
0.0 14.292850494384766
0.0 14.38228988647461
0.0 16.37680435180664
0.0 16.409801483154297
0.0 17.568050384521484
0.0 17.661806106567383
0.0 17.942855834960938
0.0 18.282350540161133
0.0 19.23287582397461
0.0 19.997102737426758
0.0 20.452001571655273
0.0 23.125797271728516
0.0 23.131567001342773
0.0 24.873397827148438
0.0 25.61542510986328
0.0 25.927541732788086
0.0 26.42020606994629
0.0 28.505285263061523
0.0 30.258323669433594
0.0 33.63747787475586
0.0 inf
52.72373580932617 53.05864334106445
49.77531051635742 50.658329010009766
49.70492935180664 51.62640380859375
47.48554611206055 59.76652526855469
37.81486511230469 58.29584503173828
19.671154022216797 22.0520076751709
19.663082122802734 23.132917404174805
18.4012393951416 24.350238800048828
17.323471069335938 18.060489654541016
16.4443302154541 17.734045028686523
14.963773727416992 18.737667083740234
14.832598686218262 18.508859634399414
13.960637092590332 14.824559211730957
11.724625587463379 13.659791946411133
11.290887832641602 13.566571235656738
10.959250450134277 11.537304878234863
10.928108215332031 12.109253883361816
10.876805305480957 15.278379440307617
10.744400024414062 11.242718696594238
10.113388061523438 10.748303413391113
9.656628608703613 9.673162460327148
9.478014945983887 9.931507110595703
9.37416934967041 11.48196029663086
8.517656326293945 9.399467468261719
8.402345657348633 9.54804801940918
7.4686360359191895 8.490795135498047
7.333423614501953 9.010309219360352
