0.0 2.266923189163208
0.0 2.327827215194702
0.0 2.5994913578033447
0.0 4.181861877441406
0.0 4.238033294677734
0.0 4.565059185028076
0.0 4.836270809173584
0.0 5.01469087600708
0.0 5.216055870056152
0.0 5.254734039306641
0.0 5.360875606536865
0.0 5.599062919616699
0.0 5.6685028076171875
0.0 5.843446731567383
0.0 6.130238056182861
0.0 6.164387226104736
0.0 6.338672161102295
0.0 6.3388752937316895
0.0 6.372872829437256
0.0 6.4364399909973145
0.0 6.470486164093018
0.0 6.574559211730957
0.0 6.681268215179443
0.0 6.93137264251709
0.0 7.012109756469727
0.0 7.239920616149902
0.0 7.433748722076416
0.0 7.476373672485352
0.0 7.508328437805176
0.0 7.533520698547363
0.0 7.649820327758789
0.0 7.743148326873779
0.0 7.92852783203125
0.0 8.093523979187012
0.0 8.331428527832031
0.0 8.520968437194824
0.0 8.531007766723633
0.0 8.539871215820312
0.0 8.571481704711914
0.0 8.699626922607422
0.0 8.70437240600586
0.0 8.77468204498291
0.0 8.915377616882324
0.0 8.955069541931152
0.0 8.979541778564453
0.0 9.22991943359375
0.0 9.2440824508667
0.0 9.587912559509277
0.0 9.719130516052246
0.0 10.15680980682373
0.0 10.327312469482422
0.0 10.882918357849121
0.0 11.069621086120605
0.0 11.167083740234375
0.0 11.209195137023926
0.0 11.871334075927734
0.0 11.915545463562012
0.0 11.918435096740723
0.0 12.066435813903809
0.0 12.541312217712402
0.0 12.925318717956543
0.0 12.963769912719727
0.0 13.07094669342041
0.0 15.765302658081055
0.0 16.376855850219727
0.0 16.69036865234375
0.0 17.04863929748535
0.0 18.405269622802734
0.0 19.658184051513672
0.0 19.67032241821289
0.0 20.788875579833984
0.0 21.592336654663086
0.0 22.153656005859375
0.0 23.608837127685547
0.0 23.887874603271484
0.0 24.514680862426758
0.0 24.745330810546875
0.0 24.93809700012207
0.0 28.256441116333008
0.0 28.40679168701172
0.0 35.91643142700195
0.0 inf
51.57850646972656 55.13406753540039
47.115806579589844 61.14546203613281
37.04412841796875 60.96265411376953
19.470630645751953 21.478443145751953
18.27999496459961 18.306869506835938
17.631572723388672 21.540197372436523
17.530546188354492 27.243762969970703
17.485567092895508 17.984952926635742
16.171112060546875 18.131196975708008
16.099781036376953 17.82086181640625
15.203372955322266 17.033567428588867
12.660018920898438 12.837185859680176
12.00730037689209 12.8330659866333
10.66610050201416 11.084650993347168
10.661993980407715 11.170696258544922
10.604259490966797 10.629812240600586
10.451580047607422 11.147502899169922
10.221426963806152 11.755831718444824
9.626442909240723 9.870861053466797
9.545693397521973 10.368804931640625
9.473017692565918 9.943010330200195
9.343852043151855 9.570902824401855
9.343223571777344 11.677051544189453
9.332235336303711 9.841492652893066
9.139942169189453 11.82434368133545
8.968844413757324 10.549263954162598
8.737351417541504 11.901824951171875
8.632962226867676 9.56777286529541
