0.0 1.0303254127502441
0.0 1.0548889636993408
0.0 1.0818406343460083
0.0 2.0825576782226562
0.0 3.6152987480163574
0.0 4.245571613311768
0.0 4.521169662475586
0.0 4.773859024047852
0.0 4.789740085601807
0.0 5.1478962898254395
0.0 5.3036723136901855
0.0 5.799014568328857
0.0 6.300854206085205
0.0 6.335246562957764
0.0 6.354487419128418
0.0 6.36771297454834
0.0 6.387510299682617
0.0 6.54897928237915
0.0 6.630640029907227
0.0 6.651426792144775
0.0 6.6518988609313965
0.0 6.794948101043701
0.0 6.844458103179932
0.0 6.89932918548584
0.0 7.292763710021973
0.0 7.294560432434082
0.0 7.355923175811768
0.0 7.5236334800720215
0.0 7.534792423248291
0.0 7.546473503112793
0.0 7.598056793212891
0.0 7.6792778968811035
0.0 7.81633996963501
0.0 7.871944427490234
0.0 8.016922950744629
0.0 8.328436851501465
0.0 8.394330978393555
0.0 8.41100025177002
0.0 8.572773933410645
0.0 8.68880844116211
0.0 8.696188926696777
0.0 8.722615242004395
0.0 8.825328826904297
0.0 8.906392097473145
0.0 9.035213470458984
0.0 9.10798454284668
0.0 9.168927192687988
0.0 9.22330093383789
0.0 9.245070457458496
0.0 10.132630348205566
0.0 10.445752143859863
0.0 10.574018478393555
0.0 11.172569274902344
0.0 11.320406913757324
0.0 11.367902755737305
0.0 11.56856632232666
0.0 11.985052108764648
0.0 12.64533519744873
0.0 13.266847610473633
0.0 13.556183815002441
0.0 13.56494140625
0.0 13.637773513793945
0.0 13.88847541809082
0.0 13.904106140136719
0.0 16.3900089263916
0.0 17.50461769104004
0.0 18.871442794799805
0.0 18.878524780273438
0.0 20.75065803527832
0.0 20.80575180053711
0.0 23.527069091796875
0.0 23.603050231933594
0.0 23.788198471069336
0.0 24.13282585144043
0.0 24.816741943359375
0.0 25.431203842163086
0.0 25.552915573120117
0.0 26.092021942138672
0.0 28.606449127197266
0.0 29.352863311767578
0.0 31.27128028869629
0.0 inf
40.26936721801758 68.85307312011719
38.76340866088867 39.613712310791016
38.3673095703125 65.69429779052734
31.547039031982422 36.72430419921875
19.242639541625977 21.392993927001953
18.932085037231445 25.538774490356445
18.56061363220215 22.149980545043945
18.499706268310547 21.475988388061523
15.946283340454102 17.787181854248047
11.643728256225586 12.394590377807617
11.59906005859375 12.662431716918945
11.2063627243042 11.216724395751953
11.120091438293457 13.596717834472656
10.909529685974121 11.987214088439941
10.90042495727539 11.760700225830078
10.87987232208252 11.864164352416992
10.733404159545898 10.982126235961914
9.749557495117188 9.973567008972168
9.418267250061035 14.067465782165527
9.365734100341797 12.065916061401367
9.153364181518555 11.787644386291504
8.525278091430664 9.830975532531738
7.868616580963135 9.70130729675293
