0.0 1.1704570055007935
0.0 2.418013572692871
0.0 2.5668063163757324
0.0 4.1568427085876465
0.0 4.205048084259033
0.0 4.277256011962891
0.0 4.49782657623291
0.0 4.806504249572754
0.0 4.973973274230957
0.0 5.276811122894287
0.0 5.301424503326416
0.0 5.661292552947998
0.0 5.751557350158691
0.0 6.008999824523926
0.0 6.0569071769714355
0.0 6.256819725036621
0.0 6.302920341491699
0.0 6.346302032470703
0.0 6.484572410583496
0.0 6.527652740478516
0.0 6.535333156585693
0.0 6.608999729156494
0.0 6.7102274894714355
0.0 6.886214733123779
0.0 7.100866794586182
0.0 7.286193370819092
0.0 7.428533554077148
0.0 7.462982177734375
0.0 7.518097877502441
0.0 7.599259853363037
0.0 7.602280139923096
0.0 7.659529685974121
0.0 7.802638530731201
0.0 7.883657932281494
0.0 7.925435543060303
0.0 8.03111457824707
0.0 8.402365684509277
0.0 8.562559127807617
0.0 8.595298767089844
0.0 8.665961265563965
0.0 8.773458480834961
0.0 8.863909721374512
0.0 8.940890312194824
0.0 8.946085929870605
0.0 9.040802001953125
0.0 9.223264694213867
0.0 9.254846572875977
0.0 9.561979293823242
0.0 9.87135124206543
0.0 9.871755599975586
0.0 10.349467277526855
0.0 11.185853004455566
0.0 11.801637649536133
0.0 11.862215995788574
0.0 11.887479782104492
0.0 11.928967475891113
0.0 11.977298736572266
0.0 12.144200325012207
0.0 12.506596565246582
0.0 12.530354499816895
0.0 12.815330505371094
0.0 12.95885181427002
0.0 13.050464630126953
0.0 15.796452522277832
0.0 16.398897171020508
0.0 16.762950897216797
0.0 18.051376342773438
0.0 18.389829635620117
0.0 18.59579086303711
0.0 18.6207275390625
0.0 20.7872257232666
0.0 20.796390533447266
0.0 21.772228240966797
0.0 22.035728454589844
0.0 23.85947036743164
0.0 25.192731857299805
0.0 26.105424880981445
0.0 26.387561798095703
0.0 27.62615394592285
0.0 28.99565315246582
0.0 35.52418518066406
0.0 inf
50.925289154052734 54.66267776489258
47.72744369506836 63.29600143432617
37.70479965209961 62.530433654785156
19.477127075195312 21.475961685180664
17.625274658203125 21.52207374572754
17.527368545532227 27.263010025024414
16.2044620513916 18.443836212158203
15.139078140258789 17.648256301879883
15.120159149169922 17.133922576904297
12.042494773864746 13.05933952331543
11.291193962097168 12.508625984191895
10.75424861907959 11.161574363708496
10.721477508544922 11.082536697387695
10.626489639282227 10.628911018371582
10.215937614440918 11.060172080993652
9.600347518920898 10.380897521972656
9.363503456115723 9.422285079956055
9.343926429748535 11.215659141540527
9.3154878616333 9.851785659790039
9.171159744262695 11.819098472595215
8.975255966186523 9.436018943786621
8.847522735595703 11.88271427154541
8.645761489868164 9.556595802307129
8.224983215332031 9.048550605773926
