0.0 1.272300362586975
0.0 1.4092864990234375
0.0 1.4432880878448486
0.0 4.024636745452881
0.0 4.195001125335693
0.0 4.366189479827881
0.0 4.436133861541748
0.0 4.604698657989502
0.0 4.612034320831299
0.0 4.637787818908691
0.0 5.4434380531311035
0.0 5.4694905281066895
0.0 5.641301155090332
0.0 5.667947292327881
0.0 6.32379150390625
0.0 6.358797550201416
0.0 6.39337682723999
0.0 6.422565937042236
0.0 6.434536933898926
0.0 6.488239288330078
0.0 6.506162643432617
0.0 6.655354022979736
0.0 6.878812313079834
0.0 6.934469223022461
0.0 7.115697860717773
0.0 7.233310699462891
0.0 7.512864112854004
0.0 7.513082504272461
0.0 7.560361862182617
0.0 7.581808567047119
0.0 7.607439994812012
0.0 7.67722225189209
0.0 7.684915065765381
0.0 7.957713603973389
0.0 7.96388053894043
0.0 8.051469802856445
0.0 8.079933166503906
0.0 8.195001602172852
0.0 8.317414283752441
0.0 8.476881980895996
0.0 8.594991683959961
0.0 8.601895332336426
0.0 8.675094604492188
0.0 8.7909574508667
0.0 8.798017501831055
0.0 8.815638542175293
0.0 8.894042015075684
0.0 8.897377014160156
0.0 9.37994384765625
0.0 9.44278621673584
0.0 9.759469032287598
0.0 9.852826118469238
0.0 10.139928817749023
0.0 10.659520149230957
0.0 10.783071517944336
0.0 12.198769569396973
0.0 13.161105155944824
0.0 13.192038536071777
0.0 13.300605773925781
0.0 13.516862869262695
0.0 13.561641693115234
0.0 14.029435157775879
0.0 14.06904411315918
0.0 14.144505500793457
0.0 14.252758026123047
0.0 14.508966445922852
0.0 16.919761657714844
0.0 17.144832611083984
0.0 18.02850341796875
0.0 19.782676696777344
0.0 20.3475284576416
0.0 20.72281265258789
0.0 22.016645431518555
0.0 23.3795166015625
0.0 23.547914505004883
0.0 24.728939056396484
0.0 26.14657974243164
0.0 26.270761489868164
0.0 26.286842346191406
0.0 27.59571075439453
0.0 33.266170501708984
0.0 inf
47.948604583740234 61.272464752197266
43.6671142578125 57.728450775146484
33.934120178222656 37.07841110229492
27.224111557006836 33.26679611206055
20.617700576782227 22.303171157836914
17.665254592895508 20.93985939025879
16.55178451538086 24.147762298583984
13.614012718200684 15.865401268005371
11.402548789978027 11.726303100585938
10.681471824645996 11.213412284851074
10.643919944763184 11.260523796081543
9.927107810974121 10.495437622070312
9.37137222290039 11.740480422973633
9.121564865112305 12.282130241394043
9.04236125946045 12.701493263244629
8.983524322509766 10.648287773132324
8.980424880981445 11.895800590515137
7.995204925537109 8.85667896270752
7.301349639892578 8.401189804077148
