0.0 5.340323448181152
0.0 5.401651859283447
0.0 5.582748889923096
0.0 5.640703201293945
0.0 5.847091197967529
0.0 5.915214538574219
0.0 6.021061420440674
0.0 6.320775985717773
0.0 6.340043067932129
0.0 6.376759052276611
0.0 6.403934001922607
0.0 6.404294013977051
0.0 6.432969570159912
0.0 6.4407429695129395
0.0 6.459253787994385
0.0 6.539200782775879
0.0 6.603812217712402
0.0 6.7021284103393555
0.0 6.76925802230835
0.0 6.849286079406738
0.0 6.8908562660217285
0.0 6.900715351104736
0.0 7.1197829246521
0.0 7.371798992156982
0.0 7.441301345825195
0.0 7.515004634857178
0.0 7.518402099609375
0.0 7.538654804229736
0.0 7.544939041137695
0.0 7.6680121421813965
0.0 7.73852014541626
0.0 7.7889404296875
0.0 7.799965858459473
0.0 7.840210437774658
0.0 7.847841739654541
0.0 8.037225723266602
0.0 8.0555419921875
0.0 8.194741249084473
0.0 8.444401741027832
0.0 8.52657413482666
0.0 8.670639038085938
0.0 8.75655460357666
0.0 8.98560905456543
0.0 8.99852180480957
0.0 9.012165069580078
0.0 9.015865325927734
0.0 9.210649490356445
0.0 9.301735877990723
0.0 9.312277793884277
0.0 9.431732177734375
0.0 9.980500221252441
0.0 10.18553352355957
0.0 10.521554946899414
0.0 10.667783737182617
0.0 11.192195892333984
0.0 12.22726058959961
0.0 13.002137184143066
0.0 13.20667552947998
0.0 13.295491218566895
0.0 13.35750961303711
0.0 14.353158950805664
0.0 14.458431243896484
0.0 14.567525863647461
0.0 14.60619831085205
0.0 16.82444190979004
0.0 16.986787796020508
0.0 17.065593719482422
0.0 17.1961612701416
0.0 17.695911407470703
0.0 18.659683227539062
0.0 19.74203872680664
0.0 20.14823341369629
0.0 20.44386863708496
0.0 20.806581497192383
0.0 23.730335235595703
0.0 27.45114517211914
0.0 28.025108337402344
0.0 29.503063201904297
0.0 31.513975143432617
0.0 31.563411712646484
0.0 33.89617156982422
0.0 inf
56.79233169555664 68.61318969726562
55.69083786010742 57.41510772705078
55.119422912597656 64.31189727783203
41.11567306518555 43.087982177734375
20.795785903930664 21.12278938293457
20.350971221923828 23.7012882232666
19.37173843383789 19.405258178710938
18.676733016967773 20.39023208618164
18.39181900024414 19.565818786621094
15.669800758361816 19.924604415893555
12.220459938049316 12.586304664611816
11.804359436035156 13.50452995300293
10.862688064575195 11.898637771606445
10.297686576843262 10.707271575927734
9.872955322265625 10.004032135009766
9.793329238891602 11.038045883178711
9.733306884765625 10.509384155273438
9.725747108459473 12.471303939819336
9.631072998046875 10.603883743286133
9.468477249145508 10.481250762939453
9.453301429748535 9.968339920043945
9.286624908447266 10.37381362915039
9.262215614318848 9.75163745880127
9.166214942932129 10.339404106140137
8.64891529083252 10.558895111083984
8.647541046142578 10.560178756713867
8.58586311340332 10.502808570861816
8.479942321777344 11.059556007385254
7.426758289337158 8.051536560058594
