0.0 1.1511746644973755
0.0 1.2293027639389038
0.0 2.448199987411499
0.0 4.486249923706055
0.0 4.7978620529174805
0.0 4.901390552520752
0.0 5.287066459655762
0.0 5.5625410079956055
0.0 6.273817539215088
0.0 6.282563209533691
0.0 6.307726860046387
0.0 6.318391799926758
0.0 6.338231086730957
0.0 6.355749607086182
0.0 6.650635242462158
0.0 6.688228607177734
0.0 6.728645324707031
0.0 7.305388450622559
0.0 7.415379047393799
0.0 7.4693498611450195
0.0 7.519538879394531
0.0 7.6384124755859375
0.0 7.651002883911133
0.0 7.651425838470459
0.0 7.675306797027588
0.0 7.921316623687744
0.0 7.922118186950684
0.0 7.924679756164551
0.0 7.937783718109131
0.0 8.093278884887695
0.0 8.263237953186035
0.0 8.3347806930542
0.0 8.405115127563477
0.0 8.426617622375488
0.0 8.460410118103027
0.0 8.461766242980957
0.0 8.494733810424805
0.0 8.603399276733398
0.0 8.993042945861816
0.0 9.19045639038086
0.0 9.202364921569824
0.0 9.283427238464355
0.0 9.2931547164917
0.0 9.373401641845703
0.0 9.571675300598145
0.0 9.712162971496582
0.0 9.820496559143066
0.0 10.031514167785645
0.0 10.161280632019043
0.0 11.170673370361328
0.0 11.17254638671875
0.0 11.211437225341797
0.0 11.262701034545898
0.0 11.89238452911377
0.0 12.257427215576172
0.0 12.467281341552734
0.0 12.572752952575684
0.0 12.575361251831055
0.0 12.830785751342773
0.0 13.365204811096191
0.0 14.380204200744629
0.0 14.670124053955078
0.0 14.977917671203613
0.0 15.313693046569824
0.0 15.414700508117676
0.0 15.794909477233887
0.0 16.847209930419922
0.0 17.044336318969727
0.0 17.578243255615234
0.0 18.127445220947266
0.0 19.710338592529297
0.0 20.033111572265625
0.0 20.96042251586914
0.0 25.243162155151367
0.0 25.40361785888672
0.0 28.78916358947754
0.0 29.64891815185547
0.0 30.01897621154785
0.0 30.140188217163086
0.0 30.34765625
0.0 41.67796325683594
0.0 inf
52.9852294921875 61.518272399902344
52.97503662109375 62.95870590209961
46.580745697021484 63.15364456176758
43.90937805175781 65.52643585205078
19.664033889770508 19.78599739074707
19.642059326171875 19.987760543823242
19.640331268310547 23.049423217773438
18.00690460205078 19.78683090209961
17.58307647705078 21.214731216430664
16.47710609436035 20.41803550720215
16.00476837158203 17.154273986816406
15.505084991455078 18.738750457763672
15.028945922851562 16.47066879272461
13.293330192565918 13.452138900756836
12.715455055236816 14.615142822265625
9.817524909973145 12.199475288391113
9.816808700561523 12.642982482910156
9.771822929382324 12.14924430847168
9.600736618041992 11.405610084533691
9.48330307006836 9.51024055480957
9.470006942749023 11.371789932250977
9.414630889892578 10.498679161071777
9.397317886352539 12.553386688232422
9.351982116699219 12.975316047668457
9.279472351074219 10.374155044555664
9.163103103637695 11.187966346740723
9.027458190917969 10.202794075012207
8.278702735900879 8.292962074279785
8.26478099822998 10.036199569702148
8.131816864013672 9.054539680480957
7.964787483215332 9.155791282653809
