0.0 1.1764740943908691
0.0 1.2306122779846191
0.0 2.5049796104431152
0.0 3.313046455383301
0.0 3.3250765800476074
0.0 4.2585248947143555
0.0 5.197970390319824
0.0 5.240593433380127
0.0 5.5676679611206055
0.0 6.066212177276611
0.0 6.297947883605957
0.0 6.365478515625
0.0 6.466836929321289
0.0 6.617498874664307
0.0 6.67950963973999
0.0 6.821051597595215
0.0 7.039839744567871
0.0 7.160809516906738
0.0 7.2422261238098145
0.0 7.376892566680908
0.0 7.420951843261719
0.0 7.4313273429870605
0.0 7.4905805587768555
0.0 7.570396900177002
0.0 7.583003044128418
0.0 7.664661407470703
0.0 7.685211181640625
0.0 7.733908176422119
0.0 8.002236366271973
0.0 8.038211822509766
0.0 8.090461730957031
0.0 8.226662635803223
0.0 8.28388786315918
0.0 8.333977699279785
0.0 8.360017776489258
0.0 8.433032035827637
0.0 8.520918846130371
0.0 8.536364555358887
0.0 8.558747291564941
0.0 8.60797119140625
0.0 8.62710189819336
0.0 8.64957046508789
0.0 8.710136413574219
0.0 8.8389253616333
0.0 8.86025333404541
0.0 9.066171646118164
0.0 9.171562194824219
0.0 9.303095817565918
0.0 9.40750503540039
0.0 9.620022773742676
0.0 9.923123359680176
0.0 10.17599868774414
0.0 10.484475135803223
0.0 10.600807189941406
0.0 10.72654914855957
0.0 10.853028297424316
0.0 11.11833667755127
0.0 11.54007625579834
0.0 12.530192375183105
0.0 12.87072467803955
0.0 13.618181228637695
0.0 14.254921913146973
0.0 15.324341773986816
0.0 15.511150360107422
0.0 15.817660331726074
0.0 18.02873992919922
0.0 19.714433670043945
0.0 20.718107223510742
0.0 20.77675437927246
0.0 21.14568519592285
0.0 21.826406478881836
0.0 22.090248107910156
0.0 22.366601943969727
0.0 23.177509307861328
0.0 23.495452880859375
0.0 26.2863712310791
0.0 27.254491806030273
0.0 28.50131607055664
0.0 28.752981185913086
0.0 28.90911102294922
0.0 33.74544143676758
0.0 inf
42.75813674926758 44.72594451904297
41.40576934814453 60.52698516845703
40.00166702270508 63.38437271118164
36.217098236083984 40.36369705200195
22.146915435791016 22.42869758605957
21.3366756439209 27.232484817504883
17.493391036987305 20.465923309326172
16.913799285888672 20.376476287841797
16.089420318603516 17.940582275390625
14.529518127441406 15.012462615966797
13.855605125427246 15.372638702392578
12.096671104431152 12.35343074798584
11.392346382141113 12.80233383178711
10.700764656066895 12.298539161682129
10.67864990234375 12.041234970092773
10.667486190795898 11.795310020446777
10.264972686767578 11.988656997680664
10.177870750427246 11.41588020324707
9.924337387084961 12.724886894226074
9.851577758789062 10.423847198486328
9.257111549377441 9.29974365234375
9.255585670471191 9.46257495880127
9.140401840209961 11.96998405456543
8.965045928955078 10.182971000671387
8.753958702087402 12.55670166015625
8.714578628540039 12.043313026428223
7.876033306121826 9.608773231506348
7.840359687805176 9.577973365783691
