0.0 2.0855438709259033
0.0 2.557343006134033
0.0 2.816366195678711
0.0 3.748420476913452
0.0 4.256112098693848
0.0 4.372786045074463
0.0 5.174564361572266
0.0 5.204500675201416
0.0 5.211452960968018
0.0 5.212684154510498
0.0 5.413689136505127
0.0 5.414087772369385
0.0 5.570492744445801
0.0 5.64382791519165
0.0 6.277180194854736
0.0 6.360579013824463
0.0 6.387895107269287
0.0 6.445425510406494
0.0 6.52242374420166
0.0 6.609945774078369
0.0 6.667225360870361
0.0 7.01555871963501
0.0 7.091662406921387
0.0 7.217288017272949
0.0 7.2934746742248535
0.0 7.3518195152282715
0.0 7.3803629875183105
0.0 7.4309563636779785
0.0 7.485525608062744
0.0 7.488509178161621
0.0 7.679616928100586
0.0 7.718339920043945
0.0 7.858821868896484
0.0 7.9286394119262695
0.0 8.020991325378418
0.0 8.143824577331543
0.0 8.19345760345459
0.0 8.261751174926758
0.0 8.416136741638184
0.0 8.43863582611084
0.0 8.450928688049316
0.0 8.471653938293457
0.0 8.514209747314453
0.0 8.723554611206055
0.0 8.751274108886719
0.0 8.830456733703613
0.0 9.146410942077637
0.0 9.40546989440918
0.0 9.582280158996582
0.0 9.885674476623535
0.0 10.093027114868164
0.0 10.197266578674316
0.0 11.250391960144043
0.0 11.425647735595703
0.0 11.664292335510254
0.0 11.826738357543945
0.0 11.975923538208008
0.0 12.04670524597168
0.0 12.981151580810547
0.0 13.813358306884766
0.0 13.87166690826416
0.0 15.682477951049805
0.0 16.05976676940918
0.0 16.185226440429688
0.0 16.692909240722656
0.0 17.52463150024414
0.0 20.197998046875
0.0 20.467714309692383
0.0 20.57839012145996
0.0 21.191898345947266
0.0 23.706703186035156
0.0 23.98744773864746
0.0 24.578096389770508
0.0 24.640155792236328
0.0 25.837129592895508
0.0 28.89948081970215
0.0 29.151714324951172
0.0 29.299123764038086
0.0 30.009111404418945
0.0 33.73496627807617
0.0 34.664093017578125
0.0 inf
51.360313415527344 58.5646858215332
48.72508239746094 72.14598083496094
46.88676834106445 48.36433792114258
36.26430130004883 64.46981048583984
20.40803337097168 21.337448120117188
19.637365341186523 20.950796127319336
19.457916259765625 23.3909969329834
18.359460830688477 19.468955993652344
17.880294799804688 24.97389793395996
16.648225784301758 18.217199325561523
14.562360763549805 17.200990676879883
14.46040153503418 15.012910842895508
14.31255054473877 14.593339920043945
12.336249351501465 12.757759094238281
11.087376594543457 11.653653144836426
10.63357162475586 12.822671890258789
10.228140830993652 10.396639823913574
9.834023475646973 11.615079879760742
9.657593727111816 10.118229866027832
9.623565673828125 11.066887855529785
9.321972846984863 12.048554420471191
8.494865417480469 10.413354873657227
8.39262580871582 8.959471702575684
8.320233345031738 8.44563102722168
7.683819770812988 9.669161796569824
7.490962505340576 9.675621032714844
