0.0 4.872690677642822
0.0 5.032552719116211
0.0 5.380207061767578
0.0 5.634791374206543
0.0 5.7558393478393555
0.0 5.857875347137451
0.0 6.038440227508545
0.0 6.110378742218018
0.0 6.217991352081299
0.0 6.2317986488342285
0.0 6.299272060394287
0.0 6.3203325271606445
0.0 6.332569599151611
0.0 6.519395351409912
0.0 6.693800449371338
0.0 6.721092700958252
0.0 6.732861042022705
0.0 6.816319942474365
0.0 6.872485637664795
0.0 6.87448787689209
0.0 7.036205291748047
0.0 7.190399646759033
0.0 7.202858924865723
0.0 7.310181617736816
0.0 7.324395179748535
0.0 7.378530025482178
0.0 7.482126235961914
0.0 7.582864761352539
0.0 7.586817741394043
0.0 7.588410377502441
0.0 7.757262229919434
0.0 7.78123140335083
0.0 7.857898712158203
0.0 8.1504545211792
0.0 8.261330604553223
0.0 8.371950149536133
0.0 8.475035667419434
0.0 8.586763381958008
0.0 8.628521919250488
0.0 8.732521057128906
0.0 8.753122329711914
0.0 8.863371849060059
0.0 8.899774551391602
0.0 8.907937049865723
0.0 9.003471374511719
0.0 9.122869491577148
0.0 9.196785926818848
0.0 9.577166557312012
0.0 9.584054946899414
0.0 9.62147331237793
0.0 10.00881290435791
0.0 10.024937629699707
0.0 10.047721862792969
0.0 10.270188331604004
0.0 10.34998607635498
0.0 10.465813636779785
0.0 10.644742012023926
0.0 11.664320945739746
0.0 11.991508483886719
0.0 12.171279907226562
0.0 12.997835159301758
0.0 13.062341690063477
0.0 13.786091804504395
0.0 15.96753978729248
0.0 16.412433624267578
0.0 17.397502899169922
0.0 18.675670623779297
0.0 18.798219680786133
0.0 20.200572967529297
0.0 20.549819946289062
0.0 20.93811798095703
0.0 20.95748519897461
0.0 21.124744415283203
0.0 21.85894203186035
0.0 24.217130661010742
0.0 27.601871490478516
0.0 27.636777877807617
0.0 28.25349998474121
0.0 30.64968490600586
0.0 30.709707260131836
0.0 31.641450881958008
0.0 inf
58.81763458251953 71.00655364990234
43.20814895629883 43.446380615234375
39.73670196533203 66.33782196044922
33.790828704833984 36.28684997558594
20.158714294433594 21.3853816986084
19.32989501953125 24.959054946899414
18.77264976501465 20.56173324584961
14.248844146728516 14.8096923828125
13.303447723388672 13.953768730163574
12.46640396118164 13.784847259521484
11.664552688598633 12.192038536071777
11.102864265441895 12.68437671661377
10.80547046661377 13.213702201843262
10.527005195617676 12.629640579223633
10.298975944519043 12.847935676574707
10.156805038452148 10.368820190429688
10.139196395874023 11.194024085998535
9.81291675567627 11.947782516479492
9.311458587646484 10.081060409545898
9.134054183959961 10.667853355407715
9.11116886138916 9.380904197692871
8.83479118347168 10.774752616882324
8.692068099975586 10.026593208312988
8.630227088928223 10.545475959777832
8.621737480163574 8.867284774780273
8.507894515991211 9.95860481262207
8.478611946105957 10.039846420288086
8.441078186035156 10.50738525390625
