0.0 2.4283130168914795
0.0 3.72037672996521
0.0 4.246993064880371
0.0 4.3704752922058105
0.0 4.737253189086914
0.0 5.103242874145508
0.0 5.321515083312988
0.0 5.390315532684326
0.0 5.692872524261475
0.0 5.718066692352295
0.0 6.340447902679443
0.0 6.382452011108398
0.0 6.676157474517822
0.0 7.0099663734436035
0.0 7.012682914733887
0.0 7.044765472412109
0.0 7.365896224975586
0.0 7.369183540344238
0.0 7.3694024085998535
0.0 7.397371292114258
0.0 7.400215148925781
0.0 7.408445358276367
0.0 7.440819263458252
0.0 7.443957328796387
0.0 7.483198642730713
0.0 7.737773895263672
0.0 7.822279453277588
0.0 7.823511123657227
0.0 8.013676643371582
0.0 8.240342140197754
0.0 8.248783111572266
0.0 8.31657886505127
0.0 8.405320167541504
0.0 8.416863441467285
0.0 8.514241218566895
0.0 8.528328895568848
0.0 8.745283126831055
0.0 8.752952575683594
0.0 9.089186668395996
0.0 9.127057075500488
0.0 9.259831428527832
0.0 9.39183235168457
0.0 9.423857688903809
0.0 9.433198928833008
0.0 9.57468032836914
0.0 9.581756591796875
0.0 9.594991683959961
0.0 9.798613548278809
0.0 10.257776260375977
0.0 10.366029739379883
0.0 10.648233413696289
0.0 10.689680099487305
0.0 10.926613807678223
0.0 11.084193229675293
0.0 11.449433326721191
0.0 11.79426097869873
0.0 12.12357234954834
0.0 12.899141311645508
0.0 13.112890243530273
0.0 13.616767883300781
0.0 13.69123649597168
0.0 13.81447696685791
0.0 14.125728607177734
0.0 15.733317375183105
0.0 15.737274169921875
0.0 17.27499771118164
0.0 17.474788665771484
0.0 17.546276092529297
0.0 17.771982192993164
0.0 18.979578018188477
0.0 19.201610565185547
0.0 20.491899490356445
0.0 22.202375411987305
0.0 23.78984260559082
0.0 24.82912254333496
0.0 25.95207405090332
0.0 26.27248191833496
0.0 26.284820556640625
0.0 28.664596557617188
0.0 30.668848037719727
0.0 32.1269416809082
0.0 inf
50.014339447021484 50.953338623046875
47.69458770751953 62.60738754272461
38.963714599609375 58.14235305786133
19.82886505126953 22.92540168762207
19.640451431274414 21.745471954345703
18.530296325683594 24.742942810058594
17.155393600463867 18.12810707092285
15.770929336547852 17.372037887573242
14.752728462219238 18.068342208862305
14.156006813049316 14.963326454162598
13.899676322937012 15.188742637634277
13.710060119628906 17.458223342895508
12.842386245727539 13.234085083007812
11.922955513000488 12.895169258117676
11.808114051818848 13.078818321228027
11.573623657226562 15.350730895996094
11.350378036499023 11.795551300048828
10.66576099395752 11.236717224121094
10.325881958007812 12.593842506408691
10.12956428527832 10.511748313903809
10.109533309936523 11.329761505126953
9.464432716369629 11.298643112182617
9.419194221496582 10.728483200073242
8.656621932983398 10.490811347961426
8.345218658447266 9.369054794311523
7.5199761390686035 10.370870590209961
7.443642616271973 9.871146202087402
