0.0 1.1662389039993286
0.0 1.1910651922225952
0.0 1.2368329763412476
0.0 3.3006157875061035
0.0 3.3198459148406982
0.0 4.255154132843018
0.0 5.29128885269165
0.0 5.2934956550598145
0.0 5.574150562286377
0.0 6.292963981628418
0.0 6.409223556518555
0.0 6.491936683654785
0.0 6.504217624664307
0.0 6.595485210418701
0.0 6.6613993644714355
0.0 6.684656143188477
0.0 6.755393981933594
0.0 7.02438497543335
0.0 7.355076313018799
0.0 7.378481864929199
0.0 7.425174713134766
0.0 7.445293426513672
0.0 7.5651397705078125
0.0 7.572727680206299
0.0 7.622086048126221
0.0 7.682118892669678
0.0 7.968516826629639
0.0 8.03229808807373
0.0 8.161468505859375
0.0 8.231287002563477
0.0 8.262088775634766
0.0 8.290493965148926
0.0 8.348093032836914
0.0 8.390111923217773
0.0 8.444948196411133
0.0 8.502790451049805
0.0 8.558919906616211
0.0 8.561583518981934
0.0 8.571880340576172
0.0 8.57316780090332
0.0 8.67783260345459
0.0 8.700910568237305
0.0 8.710577964782715
0.0 8.945879936218262
0.0 8.987123489379883
0.0 9.286368370056152
0.0 9.318166732788086
0.0 9.467655181884766
0.0 9.471456527709961
0.0 9.64462947845459
0.0 9.725774765014648
0.0 9.755926132202148
0.0 9.873522758483887
0.0 10.578004837036133
0.0 10.692483901977539
0.0 10.853063583374023
0.0 11.379271507263184
0.0 12.065028190612793
0.0 12.160612106323242
0.0 12.55622673034668
0.0 12.765478134155273
0.0 14.375699996948242
0.0 15.348499298095703
0.0 15.489411354064941
0.0 15.950323104858398
0.0 19.101972579956055
0.0 20.658374786376953
0.0 20.712844848632812
0.0 20.77588653564453
0.0 21.07964324951172
0.0 21.53196907043457
0.0 21.921152114868164
0.0 22.210180282592773
0.0 23.336103439331055
0.0 23.740055084228516
0.0 26.199462890625
0.0 26.491334915161133
0.0 28.264263153076172
0.0 29.015708923339844
0.0 29.055187225341797
0.0 32.45698547363281
0.0 inf
43.59503173828125 45.20745086669922
41.48488235473633 63.649539947509766
40.87049102783203 62.28569412231445
37.76228713989258 41.19245910644531
21.308238983154297 28.035253524780273
17.51922607421875 20.80144691467285
16.692901611328125 20.223581314086914
16.505577087402344 17.57695960998535
13.623767852783203 13.654834747314453
12.60360336303711 14.445359230041504
11.398261070251465 12.714826583862305
11.295716285705566 11.474300384521484
11.067410469055176 12.380240440368652
10.708379745483398 12.249062538146973
10.6783447265625 11.79671859741211
10.630693435668945 12.063111305236816
10.374506950378418 12.144577026367188
10.124373435974121 11.892278671264648
9.937685012817383 12.53048038482666
9.850821495056152 9.967645645141602
9.244958877563477 9.318041801452637
9.239786148071289 10.359428405761719
8.966195106506348 10.246367454528809
8.842909812927246 10.078943252563477
8.797626495361328 12.688522338867188
8.711617469787598 12.552875518798828
7.86680269241333 9.636911392211914
7.428962707519531 8.922826766967773
