0.0 1.0305237770080566
0.0 1.0332703590393066
0.0 1.056039810180664
0.0 3.1507482528686523
0.0 3.8594558238983154
0.0 4.284501075744629
0.0 4.484067916870117
0.0 4.622425079345703
0.0 4.962902545928955
0.0 5.00575065612793
0.0 5.020043849945068
0.0 5.296318054199219
0.0 5.4021315574646
0.0 5.56178617477417
0.0 5.76729154586792
0.0 5.831614971160889
0.0 5.85279655456543
0.0 6.0982818603515625
0.0 6.324537754058838
0.0 6.336728096008301
0.0 6.470089912414551
0.0 6.620112895965576
0.0 6.669400215148926
0.0 6.67185115814209
0.0 6.832079887390137
0.0 6.8749098777771
0.0 6.983756065368652
0.0 7.276177883148193
0.0 7.325226306915283
0.0 7.340695381164551
0.0 7.5331130027771
0.0 7.556822776794434
0.0 7.591311454772949
0.0 7.8204169273376465
0.0 7.8738579750061035
0.0 7.901169776916504
0.0 8.00599479675293
0.0 8.273502349853516
0.0 8.296079635620117
0.0 8.368697166442871
0.0 8.394232749938965
0.0 8.648941040039062
0.0 8.666186332702637
0.0 8.779092788696289
0.0 8.961591720581055
0.0 9.201027870178223
0.0 9.404627799987793
0.0 10.50822925567627
0.0 10.515094757080078
0.0 10.535089492797852
0.0 10.787742614746094
0.0 10.87749195098877
0.0 11.343870162963867
0.0 11.602785110473633
0.0 11.872101783752441
0.0 12.049778938293457
0.0 12.576971054077148
0.0 12.852436065673828
0.0 12.928617477416992
0.0 13.754471778869629
0.0 13.795286178588867
0.0 13.850044250488281
0.0 14.21807861328125
0.0 14.279071807861328
0.0 16.399484634399414
0.0 17.949831008911133
0.0 18.828990936279297
0.0 19.88076400756836
0.0 20.806865692138672
0.0 22.949968338012695
0.0 23.2021427154541
0.0 23.214969635009766
0.0 23.481889724731445
0.0 23.909530639648438
0.0 24.826656341552734
0.0 25.44283103942871
0.0 25.72811508178711
0.0 25.91567611694336
0.0 28.644990921020508
0.0 28.902673721313477
0.0 29.034452438354492
0.0 inf
41.26786422729492 68.35041809082031
39.36520004272461 69.23863220214844
34.785709381103516 37.47037124633789
19.425811767578125 25.35637664794922
19.235445022583008 21.060396194458008
18.700319290161133 22.10478973388672
18.511878967285156 21.544343948364258
15.655501365661621 18.86191177368164
12.348931312561035 14.006939888000488
11.636144638061523 12.276191711425781
11.268630027770996 13.71375846862793
9.658419609069824 11.046037673950195
9.551076889038086 14.422126770019531
8.972383499145508 11.060591697692871
8.749848365783691 10.481133460998535
8.31827163696289 8.481534957885742
8.286958694458008 10.04378890991211
7.799719333648682 8.759980201721191
