0.0 1.067988634109497
0.0 1.068390965461731
0.0 1.0724773406982422
0.0 1.08047616481781
0.0 2.1303093433380127
0.0 2.1810762882232666
0.0 3.633664608001709
0.0 3.6764605045318604
0.0 3.8859236240386963
0.0 4.1060872077941895
0.0 4.197815418243408
0.0 4.448944091796875
0.0 5.248079776763916
0.0 5.38368558883667
0.0 5.586652755737305
0.0 5.94749641418457
0.0 6.337751865386963
0.0 6.351812362670898
0.0 6.370744228363037
0.0 6.381936550140381
0.0 6.611842155456543
0.0 6.788790702819824
0.0 6.902228355407715
0.0 7.374364852905273
0.0 7.378094673156738
0.0 7.449448585510254
0.0 7.534210205078125
0.0 7.681380271911621
0.0 8.1149263381958
0.0 8.163580894470215
0.0 8.212516784667969
0.0 8.477581024169922
0.0 8.513415336608887
0.0 8.606534004211426
0.0 8.667320251464844
0.0 8.703524589538574
0.0 8.960585594177246
0.0 9.107884407043457
0.0 9.173460006713867
0.0 9.295877456665039
0.0 9.4408540725708
0.0 9.538593292236328
0.0 9.60113525390625
0.0 9.69217586517334
0.0 9.706780433654785
0.0 10.003399848937988
0.0 10.451980590820312
0.0 10.59233570098877
0.0 10.904232025146484
0.0 10.91749095916748
0.0 11.015668869018555
0.0 11.104565620422363
0.0 11.585515975952148
0.0 12.276705741882324
0.0 12.748417854309082
0.0 12.955965995788574
0.0 13.039217948913574
0.0 13.156900405883789
0.0 13.272283554077148
0.0 13.563923835754395
0.0 14.406128883361816
0.0 14.577288627624512
0.0 15.237242698669434
0.0 15.401947975158691
0.0 15.940385818481445
0.0 17.22484016418457
0.0 17.62836265563965
0.0 17.83875846862793
0.0 18.287078857421875
0.0 18.619064331054688
0.0 19.010482788085938
0.0 19.064048767089844
0.0 19.269851684570312
0.0 20.351205825805664
0.0 23.3999080657959
0.0 27.174959182739258
0.0 28.48837661743164
0.0 29.412397384643555
0.0 31.022790908813477
0.0 32.8841438293457
0.0 34.83332443237305
0.0 inf
53.8921012878418 66.4392318725586
52.00191116333008 68.62763977050781
39.91208267211914 43.009395599365234
38.1329231262207 38.20270538330078
20.254436492919922 20.41683578491211
19.483858108520508 23.688302993774414
19.305709838867188 22.023109436035156
18.644563674926758 20.493507385253906
17.976808547973633 19.256576538085938
17.65223503112793 19.26026725769043
16.90404510498047 17.19845962524414
15.943867683410645 20.146154403686523
15.699251174926758 18.9423885345459
15.05400276184082 15.785906791687012
14.902463912963867 15.846721649169922
13.800654411315918 16.523422241210938
12.160444259643555 12.673003196716309
10.18772029876709 11.028634071350098
10.101987838745117 12.215726852416992
9.740468978881836 10.182818412780762
9.722021102905273 10.188394546508789
9.503615379333496 10.916011810302734
9.374393463134766 10.90105152130127
9.339825630187988 9.344843864440918
9.257706642150879 10.413954734802246
8.519307136535645 9.497635841369629
7.4814300537109375 7.562636375427246
7.4447712898254395 8.068046569824219
7.374669075012207 7.444090843200684
