0.0 4.177532196044922
0.0 4.265684127807617
0.0 4.595981597900391
0.0 4.723235130310059
0.0 5.075168132781982
0.0 5.346746444702148
0.0 6.143048286437988
0.0 6.276986122131348
0.0 6.377889633178711
0.0 6.529445171356201
0.0 6.7508673667907715
0.0 6.781846523284912
0.0 7.200474262237549
0.0 7.297826290130615
0.0 7.3519978523254395
0.0 7.392129898071289
0.0 7.411017417907715
0.0 7.663460731506348
0.0 7.8415350914001465
0.0 7.959460735321045
0.0 8.056625366210938
0.0 8.160773277282715
0.0 8.185038566589355
0.0 8.26106071472168
0.0 8.313728332519531
0.0 8.394169807434082
0.0 8.395234107971191
0.0 8.421332359313965
0.0 8.428858757019043
0.0 8.606834411621094
0.0 8.616077423095703
0.0 8.621079444885254
0.0 8.87283992767334
0.0 8.940914154052734
0.0 9.06049919128418
0.0 9.067441940307617
0.0 9.17735481262207
0.0 9.292705535888672
0.0 9.335832595825195
0.0 9.503973007202148
0.0 9.620322227478027
0.0 9.685099601745605
0.0 9.904489517211914
0.0 9.938350677490234
0.0 9.971725463867188
0.0 10.388689994812012
0.0 10.513395309448242
0.0 10.581807136535645
0.0 10.896464347839355
0.0 11.530013084411621
0.0 11.561267852783203
0.0 11.600226402282715
0.0 11.669046401977539
0.0 12.085128784179688
0.0 12.775544166564941
0.0 12.85661792755127
0.0 13.020795822143555
0.0 13.311871528625488
0.0 13.6170654296875
0.0 13.623003959655762
0.0 13.802387237548828
0.0 14.375218391418457
0.0 14.988409996032715
0.0 15.422601699829102
0.0 16.320287704467773
0.0 16.843151092529297
0.0 17.171232223510742
0.0 17.667896270751953
0.0 17.72627067565918
0.0 17.762557983398438
0.0 18.18587875366211
0.0 18.27187728881836
0.0 21.382068634033203
0.0 25.22874641418457
0.0 26.918607711791992
0.0 28.007944107055664
0.0 29.112985610961914
0.0 29.4158992767334
0.0 29.845199584960938
0.0 31.675527572631836
0.0 34.604549407958984
0.0 inf
58.40434265136719 59.32902145385742
53.657989501953125 59.637428283691406
49.3101806640625 68.84957885742188
46.509742736816406 64.07151794433594
20.949254989624023 22.36897087097168
18.826189041137695 22.741071701049805
18.58719825744629 19.087142944335938
18.443763732910156 20.314830780029297
18.428213119506836 23.94081687927246
16.745752334594727 21.259037017822266
14.090812683105469 15.18301773071289
13.78419017791748 15.09961223602295
13.530021667480469 15.59758472442627
13.032149314880371 14.283050537109375
12.992384910583496 15.788542747497559
11.578590393066406 12.309752464294434
10.919665336608887 14.067968368530273
10.63290023803711 13.447446823120117
10.195045471191406 10.597618103027344
9.531810760498047 11.126970291137695
9.49735164642334 12.610349655151367
9.388019561767578 10.232769012451172
9.344832420349121 12.451981544494629
8.267346382141113 9.955615997314453
8.236590385437012 11.016191482543945
7.73325252532959 8.790194511413574
