0.0 4.119257926940918
0.0 4.353667259216309
0.0 5.083939552307129
0.0 5.324065208435059
0.0 5.363036632537842
0.0 5.449675559997559
0.0 5.634987831115723
0.0 5.761078834533691
0.0 5.854671955108643
0.0 6.055783271789551
0.0 6.202638626098633
0.0 6.3401336669921875
0.0 6.431589603424072
0.0 6.477344989776611
0.0 6.534918308258057
0.0 6.664792060852051
0.0 6.807525157928467
0.0 6.813640117645264
0.0 6.864659309387207
0.0 6.866087913513184
0.0 6.894445896148682
0.0 6.948124408721924
0.0 6.984790325164795
0.0 7.203990459442139
0.0 7.288517951965332
0.0 7.417564392089844
0.0 7.567014694213867
0.0 7.592827320098877
0.0 7.614803791046143
0.0 7.697041034698486
0.0 7.743913173675537
0.0 7.81468391418457
0.0 7.829765796661377
0.0 7.895944118499756
0.0 8.003543853759766
0.0 8.16110897064209
0.0 8.26875114440918
0.0 8.343401908874512
0.0 8.384990692138672
0.0 8.478182792663574
0.0 8.486584663391113
0.0 8.502752304077148
0.0 8.612003326416016
0.0 8.640113830566406
0.0 8.65428638458252
0.0 8.826385498046875
0.0 8.864596366882324
0.0 8.94499683380127
0.0 9.120682716369629
0.0 9.373658180236816
0.0 9.482218742370605
0.0 9.619314193725586
0.0 10.04179859161377
0.0 10.1135835647583
0.0 10.248115539550781
0.0 12.141788482666016
0.0 12.292034149169922
0.0 12.39194107055664
0.0 12.556459426879883
0.0 12.680562019348145
0.0 13.10628604888916
0.0 13.22705364227295
0.0 13.4893798828125
0.0 14.500105857849121
0.0 15.091263771057129
0.0 16.866920471191406
0.0 17.935388565063477
0.0 18.42935562133789
0.0 18.575010299682617
0.0 18.92936897277832
0.0 19.868318557739258
0.0 20.355148315429688
0.0 21.131792068481445
0.0 23.200538635253906
0.0 25.164899826049805
0.0 27.655336380004883
0.0 28.562774658203125
0.0 29.744470596313477
0.0 30.23483657836914
0.0 32.235652923583984
0.0 34.02399444580078
0.0 inf
54.925479888916016 57.71836853027344
52.59244155883789 56.9291877746582
52.12401580810547 64.18085479736328
48.38987350463867 64.30806732177734
39.197872161865234 42.23611831665039
36.796749114990234 37.69542694091797
20.71395492553711 20.84749412536621
19.601242065429688 21.574024200439453
19.32788848876953 23.900497436523438
18.84531593322754 21.907642364501953
15.691750526428223 16.271949768066406
13.38475513458252 13.784871101379395
10.921186447143555 11.03434944152832
10.54568099975586 12.570965766906738
10.3436279296875 11.182607650756836
10.14758014678955 11.412217140197754
9.872182846069336 11.141849517822266
9.737702369689941 9.806675910949707
9.730378150939941 11.725184440612793
9.714881896972656 12.581847190856934
9.650707244873047 11.925875663757324
9.6248779296875 11.936074256896973
9.621797561645508 11.514439582824707
9.59858512878418 11.188492774963379
9.569541931152344 12.07205581665039
9.561601638793945 11.3861665725708
9.224746704101562 9.781595230102539
8.228011131286621 8.5713529586792
7.28850793838501 9.404187202453613
7.258232593536377 9.34884262084961
6.21420955657959 7.494758129119873
