0.0 1.0733424425125122
0.0 1.0791666507720947
0.0 2.2570436000823975
0.0 4.118184566497803
0.0 4.618109703063965
0.0 4.69036340713501
0.0 5.067473888397217
0.0 5.3657450675964355
0.0 5.506331920623779
0.0 5.62347936630249
0.0 5.739974021911621
0.0 6.019556999206543
0.0 6.152034282684326
0.0 6.379710674285889
0.0 6.414989471435547
0.0 6.439473628997803
0.0 6.580559253692627
0.0 6.586696624755859
0.0 6.673375129699707
0.0 6.688485622406006
0.0 6.69711446762085
0.0 6.951800346374512
0.0 7.083755970001221
0.0 7.110018253326416
0.0 7.196396350860596
0.0 7.382539749145508
0.0 7.405104637145996
0.0 7.450166702270508
0.0 7.456956386566162
0.0 7.491504669189453
0.0 7.52874755859375
0.0 7.624532222747803
0.0 7.8266921043396
0.0 7.878559112548828
0.0 7.904026031494141
0.0 8.05574893951416
0.0 8.06003189086914
0.0 8.238545417785645
0.0 8.307638168334961
0.0 8.366878509521484
0.0 8.376365661621094
0.0 8.382930755615234
0.0 8.393681526184082
0.0 8.423836708068848
0.0 8.458549499511719
0.0 8.57779312133789
0.0 8.636277198791504
0.0 8.648049354553223
0.0 8.782052993774414
0.0 9.148674011230469
0.0 9.341109275817871
0.0 9.548694610595703
0.0 9.814414978027344
0.0 10.32891845703125
0.0 10.506591796875
0.0 10.918379783630371
0.0 12.067831993103027
0.0 12.187607765197754
0.0 13.190303802490234
0.0 13.273776054382324
0.0 14.188000679016113
0.0 14.596955299377441
0.0 14.644608497619629
0.0 14.839503288269043
0.0 15.924508094787598
0.0 16.45970916748047
0.0 17.483858108520508
0.0 18.06671714782715
0.0 18.112770080566406
0.0 18.649169921875
0.0 18.932512283325195
0.0 20.103954315185547
0.0 20.929733276367188
0.0 22.726362228393555
0.0 23.108474731445312
0.0 24.83558464050293
0.0 27.599538803100586
0.0 29.699960708618164
0.0 30.966209411621094
0.0 31.663198471069336
0.0 31.7116756439209
0.0 inf
53.28371810913086 53.77614212036133
52.028350830078125 67.7741928100586
50.81314468383789 60.811866760253906
35.4980583190918 35.5902099609375
22.964527130126953 24.092422485351562
19.486085891723633 25.926639556884766
18.812606811523438 22.105289459228516
16.17325782775879 17.021312713623047
12.412008285522461 13.696962356567383
11.570545196533203 13.209779739379883
10.837343215942383 13.335122108459473
10.814887046813965 12.541629791259766
10.565325736999512 11.917941093444824
10.222794532775879 10.378457069396973
10.016006469726562 10.522666931152344
9.991252899169922 10.434236526489258
9.660517692565918 12.82058334350586
9.54835319519043 10.198148727416992
9.52595043182373 11.21435832977295
8.83853816986084 10.50373363494873
8.572373390197754 11.917756080627441
8.454086303710938 9.898362159729004
8.407143592834473 9.82019329071045
8.39589786529541 8.507691383361816
7.626678943634033 9.879142761230469
7.551389217376709 9.381714820861816
7.394001007080078 8.140266418457031
