0.0 2.4373135566711426
0.0 3.7247276306152344
0.0 4.252464771270752
0.0 4.3700151443481445
0.0 4.744750499725342
0.0 5.150362968444824
0.0 5.3415117263793945
0.0 5.388738632202148
0.0 5.676413059234619
0.0 5.737482070922852
0.0 6.337981700897217
0.0 6.384491443634033
0.0 6.652381896972656
0.0 6.99374532699585
0.0 7.034278869628906
0.0 7.302737236022949
0.0 7.355979919433594
0.0 7.394110679626465
0.0 7.395350933074951
0.0 7.395370006561279
0.0 7.417825222015381
0.0 7.444092750549316
0.0 7.446922779083252
0.0 7.471494674682617
0.0 7.479907035827637
0.0 7.7906012535095215
0.0 7.798759937286377
0.0 7.860062122344971
0.0 7.946410655975342
0.0 8.215754508972168
0.0 8.247781753540039
0.0 8.311975479125977
0.0 8.403472900390625
0.0 8.41425895690918
0.0 8.513826370239258
0.0 8.527523040771484
0.0 8.762133598327637
0.0 8.84065055847168
0.0 9.099349021911621
0.0 9.136750221252441
0.0 9.251497268676758
0.0 9.353708267211914
0.0 9.378219604492188
0.0 9.429071426391602
0.0 9.583534240722656
0.0 9.585467338562012
0.0 9.645441055297852
0.0 9.82168960571289
0.0 10.262458801269531
0.0 10.357023239135742
0.0 10.65274715423584
0.0 10.705546379089355
0.0 10.928521156311035
0.0 11.093484878540039
0.0 11.451735496520996
0.0 11.703903198242188
0.0 12.124943733215332
0.0 12.95531177520752
0.0 13.114882469177246
0.0 13.578389167785645
0.0 13.707769393920898
0.0 13.816269874572754
0.0 14.1382417678833
0.0 15.703692436218262
0.0 15.708617210388184
0.0 17.416120529174805
0.0 17.51255989074707
0.0 17.543228149414062
0.0 17.604419708251953
0.0 18.917133331298828
0.0 19.238622665405273
0.0 20.482755661010742
0.0 22.247711181640625
0.0 23.838672637939453
0.0 24.863750457763672
0.0 25.953462600708008
0.0 26.118772506713867
0.0 26.289541244506836
0.0 28.684703826904297
0.0 30.569034576416016
0.0 32.35478210449219
0.0 inf
49.75836181640625 51.16920852661133
47.35039138793945 62.50213623046875
39.0208740234375 58.63441467285156
19.868206024169922 22.915363311767578
19.640649795532227 21.73912811279297
18.56293296813965 24.751373291015625
17.164777755737305 18.135196685791016
15.913512229919434 17.418962478637695
14.762138366699219 18.11321449279785
14.608338356018066 18.219717025756836
13.997187614440918 14.865941047668457
13.903674125671387 15.202973365783691
12.80097770690918 13.17779541015625
11.885321617126465 12.844208717346191
11.804574966430664 13.079022407531738
11.535693168640137 15.330153465270996
11.338003158569336 11.75660228729248
10.676766395568848 11.23432731628418
10.268600463867188 12.56534481048584
10.137956619262695 10.515235900878906
10.083189010620117 11.34639835357666
9.4720458984375 11.311356544494629
9.419443130493164 10.742631912231445
8.677978515625 10.493497848510742
8.353156089782715 9.375933647155762
7.528217315673828 10.370674133300781
7.452842712402344 9.88768482208252
