0.0 1.2483289241790771
0.0 1.3234316110610962
0.0 1.3493484258651733
0.0 3.2255117893218994
0.0 3.7063066959381104
0.0 3.7210144996643066
0.0 5.277334213256836
0.0 5.281781196594238
0.0 5.583287239074707
0.0 5.591928958892822
0.0 5.727560997009277
0.0 5.9391021728515625
0.0 5.9857611656188965
0.0 6.227862358093262
0.0 6.278565406799316
0.0 6.322052478790283
0.0 6.482088565826416
0.0 6.491627216339111
0.0 6.523587703704834
0.0 6.663755416870117
0.0 6.891207218170166
0.0 7.011093616485596
0.0 7.200250148773193
0.0 7.225291728973389
0.0 7.265468597412109
0.0 7.278018474578857
0.0 7.3510284423828125
0.0 7.405564785003662
0.0 7.40999698638916
0.0 7.484161376953125
0.0 7.591425895690918
0.0 7.909563064575195
0.0 8.003144264221191
0.0 8.170985221862793
0.0 8.193225860595703
0.0 8.23938274383545
0.0 8.351280212402344
0.0 8.386229515075684
0.0 8.440343856811523
0.0 8.444365501403809
0.0 8.64374828338623
0.0 8.671951293945312
0.0 8.714808464050293
0.0 8.752330780029297
0.0 8.792684555053711
0.0 9.036216735839844
0.0 9.170462608337402
0.0 9.804919242858887
0.0 10.507909774780273
0.0 10.94732666015625
0.0 11.26715087890625
0.0 11.4374361038208
0.0 11.758003234863281
0.0 12.018224716186523
0.0 12.280877113342285
0.0 12.469339370727539
0.0 13.34365177154541
0.0 13.50778865814209
0.0 13.604608535766602
0.0 14.122641563415527
0.0 14.217365264892578
0.0 14.25443172454834
0.0 14.478194236755371
0.0 14.705595970153809
0.0 16.245445251464844
0.0 16.410438537597656
0.0 17.096725463867188
0.0 17.570775985717773
0.0 20.674171447753906
0.0 21.546228408813477
0.0 21.685705184936523
0.0 22.992307662963867
0.0 23.83422088623047
0.0 24.025169372558594
0.0 24.546306610107422
0.0 24.858694076538086
0.0 25.158811569213867
0.0 26.278074264526367
0.0 27.58463478088379
0.0 28.251901626586914
0.0 32.29387664794922
0.0 inf
44.81517028808594 45.69771194458008
41.99358367919922 61.900733947753906
41.425331115722656 43.098209381103516
38.13129806518555 39.656158447265625
37.138668060302734 63.88209533691406
31.767854690551758 36.20196533203125
20.53519058227539 21.514402389526367
18.48866844177246 21.45094871520996
18.48210334777832 25.450458526611328
18.351360321044922 22.26031494140625
18.244342803955078 18.802898406982422
16.74756622314453 18.836793899536133
15.828479766845703 19.20294189453125
15.82177734375 17.249969482421875
13.728290557861328 15.529047012329102
12.056167602539062 13.307530403137207
11.52531623840332 11.790499687194824
11.315343856811523 12.053545951843262
10.371613502502441 10.453957557678223
9.93579387664795 12.007405281066895
9.395012855529785 14.438920021057129
8.851409912109375 11.153596878051758
8.459317207336426 11.046743392944336
8.443643569946289 11.024386405944824
8.313055038452148 9.584558486938477
8.156597137451172 8.325004577636719
7.422677993774414 8.81548023223877
