0.0 2.388336420059204
0.0 3.8109426498413086
0.0 4.230932712554932
0.0 4.420361042022705
0.0 4.640207767486572
0.0 4.993786334991455
0.0 5.276002407073975
0.0 5.366912364959717
0.0 5.686343669891357
0.0 5.8832221031188965
0.0 6.358237266540527
0.0 6.362546443939209
0.0 6.66060733795166
0.0 6.894420146942139
0.0 7.092385292053223
0.0 7.200647354125977
0.0 7.363959312438965
0.0 7.415811538696289
0.0 7.416494846343994
0.0 7.430974006652832
0.0 7.4457783699035645
0.0 7.478832244873047
0.0 7.5090012550354
0.0 7.524747848510742
0.0 7.540387153625488
0.0 7.548900604248047
0.0 7.986794948577881
0.0 8.195579528808594
0.0 8.239238739013672
0.0 8.299701690673828
0.0 8.324408531188965
0.0 8.408095359802246
0.0 8.424247741699219
0.0 8.470667839050293
0.0 8.5162353515625
0.0 8.639995574951172
0.0 8.650040626525879
0.0 8.718779563903809
0.0 8.82215404510498
0.0 8.91971492767334
0.0 9.078298568725586
0.0 9.339897155761719
0.0 9.397021293640137
0.0 9.469249725341797
0.0 9.489731788635254
0.0 9.558626174926758
0.0 9.658774375915527
0.0 9.6713285446167
0.0 9.912360191345215
0.0 10.054347038269043
0.0 10.515565872192383
0.0 10.541748046875
0.0 10.639076232910156
0.0 11.27602767944336
0.0 11.284223556518555
0.0 11.458846092224121
0.0 12.236710548400879
0.0 12.936260223388672
0.0 13.21103286743164
0.0 13.326433181762695
0.0 13.364509582519531
0.0 13.411718368530273
0.0 14.075041770935059
0.0 15.723060607910156
0.0 16.065927505493164
0.0 16.19574737548828
0.0 17.301345825195312
0.0 17.500444412231445
0.0 18.742727279663086
0.0 19.35636329650879
0.0 19.702808380126953
0.0 20.00399398803711
0.0 22.943315505981445
0.0 23.660831451416016
0.0 24.79033088684082
0.0 24.99394416809082
0.0 26.335649490356445
0.0 27.71986961364746
0.0 29.233495712280273
0.0 31.2277889251709
0.0 31.773738861083984
0.0 inf
54.04781723022461 54.57822799682617
49.971160888671875 62.39338684082031
37.544464111328125 56.185482025146484
19.64310073852539 21.19771957397461
19.47504997253418 23.43729591369629
17.72296905517578 24.323116302490234
17.225616455078125 18.825624465942383
16.09354019165039 16.82982063293457
14.695899963378906 17.457866668701172
14.127962112426758 14.86532974243164
13.91653060913086 15.018774032592773
13.595709800720215 16.874557495117188
12.45361042022705 13.495404243469238
11.881132125854492 13.067411422729492
11.32697582244873 11.854680061340332
10.63288688659668 14.675171852111816
10.585348129272461 11.868001937866211
10.428468704223633 12.677006721496582
10.140438079833984 10.519432067871094
9.506302833557129 11.284222602844238
9.406736373901367 10.76755428314209
8.740050315856934 10.042152404785156
8.665583610534668 10.376980781555176
8.532294273376465 10.43514347076416
8.308770179748535 9.150321006774902
7.7751054763793945 10.556377410888672
