0.0 3.564401149749756
0.0 4.198047637939453
0.0 4.335271835327148
0.0 4.341507434844971
0.0 4.582823753356934
0.0 4.59269905090332
0.0 4.736177444458008
0.0 4.8077874183654785
0.0 5.072474956512451
0.0 6.048231601715088
0.0 6.259444713592529
0.0 6.322059631347656
0.0 6.4118804931640625
0.0 6.529080390930176
0.0 6.630037307739258
0.0 6.662428855895996
0.0 6.996063232421875
0.0 7.027045726776123
0.0 7.210951805114746
0.0 7.3633856773376465
0.0 7.481971263885498
0.0 7.502513885498047
0.0 7.5162177085876465
0.0 7.525642395019531
0.0 7.538701057434082
0.0 7.641544818878174
0.0 7.679361343383789
0.0 7.725152492523193
0.0 7.888658046722412
0.0 7.959558963775635
0.0 8.275528907775879
0.0 8.351293563842773
0.0 8.44501781463623
0.0 8.557345390319824
0.0 8.775052070617676
0.0 8.800623893737793
0.0 8.828286170959473
0.0 8.942063331604004
0.0 9.091231346130371
0.0 9.111908912658691
0.0 9.236557960510254
0.0 9.34498119354248
0.0 9.364368438720703
0.0 9.42868709564209
0.0 9.5921049118042
0.0 9.745966911315918
0.0 10.193559646606445
0.0 10.498374938964844
0.0 10.61655330657959
0.0 10.729893684387207
0.0 10.802830696105957
0.0 10.985153198242188
0.0 11.070728302001953
0.0 11.265247344970703
0.0 11.647286415100098
0.0 11.898213386535645
0.0 12.510577201843262
0.0 12.540910720825195
0.0 12.562767028808594
0.0 12.632637023925781
0.0 13.595613479614258
0.0 14.014752388000488
0.0 15.549776077270508
0.0 16.115360260009766
0.0 16.53812026977539
0.0 17.232831954956055
0.0 17.454315185546875
0.0 18.711101531982422
0.0 19.388368606567383
0.0 19.76116180419922
0.0 20.489852905273438
0.0 20.810951232910156
0.0 23.80890655517578
0.0 24.55129051208496
0.0 24.588682174682617
0.0 26.163543701171875
0.0 26.321868896484375
0.0 28.26476287841797
0.0 28.325998306274414
0.0 28.80626678466797
0.0 36.07011032104492
0.0 inf
51.55598449707031 53.97245788574219
45.19869613647461 53.298038482666016
40.98293685913086 57.43857192993164
38.57091522216797 58.74345397949219
19.666248321533203 23.16217041015625
18.231277465820312 20.97383689880371
17.689165115356445 24.371492385864258
17.230243682861328 18.662912368774414
15.401877403259277 16.414819717407227
14.776789665222168 17.911970138549805
14.458629608154297 15.596147537231445
14.004112243652344 17.217350006103516
12.570331573486328 13.660439491271973
12.196418762207031 16.3271541595459
11.901476860046387 12.34077262878418
11.696004867553711 13.126556396484375
11.57184886932373 12.763328552246094
10.664326667785645 11.256143569946289
10.203105926513672 10.568739891052246
10.118120193481445 11.34416675567627
10.111651420593262 10.76877212524414
9.521270751953125 10.380840301513672
9.448577880859375 11.33492660522461
9.337743759155273 11.456783294677734
8.645634651184082 8.834366798400879
8.496869087219238 8.991508483886719
8.47241497039795 11.20329475402832
