0.0 4.3232598304748535
0.0 4.552993297576904
0.0 5.099656105041504
0.0 5.4023284912109375
0.0 5.419536113739014
0.0 5.501670837402344
0.0 5.507742881774902
0.0 5.663827419281006
0.0 5.725190162658691
0.0 6.116116046905518
0.0 6.379335403442383
0.0 6.38450813293457
0.0 6.400911331176758
0.0 6.553834438323975
0.0 6.560171604156494
0.0 6.705754280090332
0.0 6.810683727264404
0.0 6.865124702453613
0.0 6.881322860717773
0.0 7.017200469970703
0.0 7.021759510040283
0.0 7.0375237464904785
0.0 7.304600715637207
0.0 7.347766876220703
0.0 7.380202770233154
0.0 7.542331218719482
0.0 7.550833225250244
0.0 7.551105499267578
0.0 7.57141637802124
0.0 7.580292701721191
0.0 7.6545586585998535
0.0 8.054994583129883
0.0 8.139701843261719
0.0 8.184288024902344
0.0 8.247418403625488
0.0 8.306747436523438
0.0 8.326547622680664
0.0 8.388391494750977
0.0 8.429494857788086
0.0 8.458813667297363
0.0 8.459415435791016
0.0 8.506670951843262
0.0 8.54849910736084
0.0 8.60002326965332
0.0 8.681655883789062
0.0 8.7451753616333
0.0 8.80600357055664
0.0 8.858794212341309
0.0 8.894111633300781
0.0 8.981199264526367
0.0 9.229930877685547
0.0 9.99172306060791
0.0 10.457966804504395
0.0 10.503218650817871
0.0 10.915237426757812
0.0 11.307077407836914
0.0 11.381301879882812
0.0 11.404967308044434
0.0 11.52325439453125
0.0 11.637229919433594
0.0 12.765063285827637
0.0 14.093079566955566
0.0 14.621888160705566
0.0 15.075904846191406
0.0 16.327890396118164
0.0 17.832727432250977
0.0 17.88316535949707
0.0 18.5284481048584
0.0 18.708114624023438
0.0 20.9443359375
0.0 21.463544845581055
0.0 22.043560028076172
0.0 22.06827163696289
0.0 27.020803451538086
0.0 27.596057891845703
0.0 29.068906784057617
0.0 29.451704025268555
0.0 29.771060943603516
0.0 30.227128982543945
0.0 31.136981964111328
0.0 36.952430725097656
0.0 inf
48.81254577636719 66.99838256835938
46.554351806640625 80.09867095947266
19.175451278686523 25.556882858276367
18.856658935546875 22.79707908630371
17.878456115722656 20.793363571166992
15.298479080200195 15.562618255615234
14.447494506835938 15.930702209472656
14.203635215759277 15.509551048278809
13.746679306030273 13.801178932189941
10.442339897155762 10.692800521850586
10.39966869354248 12.172121047973633
10.058685302734375 11.621055603027344
9.778085708618164 10.329715728759766
9.613414764404297 11.567266464233398
9.581326484680176 9.919986724853516
9.527652740478516 12.553735733032227
9.443734169006348 12.567200660705566
9.443170547485352 10.568214416503906
9.305946350097656 10.271051406860352
9.261573791503906 11.457381248474121
9.015024185180664 10.378890037536621
8.976731300354004 10.509788513183594
8.950234413146973 9.706974983215332
8.89419937133789 11.181772232055664
8.601882934570312 9.630035400390625
8.467204093933105 8.716811180114746
8.436829566955566 9.992497444152832
8.43372917175293 9.917832374572754
8.403504371643066 9.42856216430664
