0.0 1.1746190786361694
0.0 1.3316842317581177
0.0 1.9563329219818115
0.0 3.6557211875915527
0.0 4.680651664733887
0.0 5.2423624992370605
0.0 5.364095211029053
0.0 5.765007495880127
0.0 5.825385570526123
0.0 5.876299858093262
0.0 6.053814888000488
0.0 6.138498783111572
0.0 6.223167419433594
0.0 6.298422336578369
0.0 6.3096747398376465
0.0 6.348262310028076
0.0 6.42889928817749
0.0 6.481997489929199
0.0 6.656479358673096
0.0 6.931773662567139
0.0 6.975311756134033
0.0 6.99764347076416
0.0 7.04601526260376
0.0 7.294557094573975
0.0 7.438222408294678
0.0 7.539383411407471
0.0 7.541744232177734
0.0 7.650656700134277
0.0 7.655480861663818
0.0 7.664336204528809
0.0 7.704846382141113
0.0 7.7614970207214355
0.0 7.800485610961914
0.0 8.066944122314453
0.0 8.072887420654297
0.0 8.385292053222656
0.0 8.500042915344238
0.0 8.518072128295898
0.0 8.530059814453125
0.0 8.540061950683594
0.0 8.550485610961914
0.0 8.606064796447754
0.0 8.65770149230957
0.0 8.668479919433594
0.0 8.8065824508667
0.0 8.870969772338867
0.0 9.036520004272461
0.0 9.143204689025879
0.0 9.170875549316406
0.0 9.60964298248291
0.0 9.656282424926758
0.0 9.784566879272461
0.0 9.840583801269531
0.0 10.368907928466797
0.0 10.433538436889648
0.0 11.062886238098145
0.0 11.944704055786133
0.0 12.118900299072266
0.0 12.352814674377441
0.0 12.891985893249512
0.0 13.152300834655762
0.0 13.35887336730957
0.0 14.212043762207031
0.0 15.553908348083496
0.0 15.9972562789917
0.0 17.63779640197754
0.0 18.249698638916016
0.0 18.76249885559082
0.0 20.830036163330078
0.0 23.118465423583984
0.0 24.30481719970703
0.0 25.07097816467285
0.0 25.130130767822266
0.0 25.39722442626953
0.0 29.606456756591797
0.0 29.672405242919922
0.0 29.719009399414062
0.0 30.075410842895508
0.0 30.43824577331543
0.0 31.16120147705078
0.0 31.437227249145508
0.0 inf
48.521461486816406 75.23502349853516
41.98027801513672 42.10392761230469
41.592952728271484 69.28540802001953
38.32343673706055 39.00037384033203
22.181669235229492 22.210844039916992
21.373146057128906 24.90776824951172
19.068546295166016 22.865163803100586
17.74322509765625 21.627395629882812
16.580507278442383 17.73573112487793
13.121809959411621 14.605043411254883
12.137150764465332 12.47265625
12.089606285095215 13.568169593811035
11.889764785766602 12.048102378845215
10.783977508544922 11.226231575012207
10.251482009887695 11.952250480651855
10.116811752319336 10.148748397827148
10.081331253051758 12.703934669494629
10.00900650024414 11.759211540222168
9.934654235839844 11.33013916015625
9.91160774230957 12.068497657775879
9.785601615905762 10.207198143005371
9.470650672912598 11.393179893493652
9.394890785217285 13.261685371398926
8.443219184875488 8.989273071289062
8.406906127929688 8.999637603759766
