0.0 2.7878313064575195
0.0 2.79172420501709
0.0 2.9972779750823975
0.0 3.1999998092651367
0.0 4.015190124511719
0.0 4.244056224822998
0.0 4.247618675231934
0.0 4.388797760009766
0.0 4.422244071960449
0.0 5.301471710205078
0.0 5.347266674041748
0.0 5.36475944519043
0.0 5.382961750030518
0.0 5.706097602844238
0.0 5.741365432739258
0.0 5.743179798126221
0.0 5.845284461975098
0.0 6.293654441833496
0.0 6.386114597320557
0.0 6.38853645324707
0.0 6.3968915939331055
0.0 6.4319915771484375
0.0 6.453420162200928
0.0 6.591675758361816
0.0 6.702263832092285
0.0 6.855482578277588
0.0 6.859001159667969
0.0 6.894351482391357
0.0 7.0196733474731445
0.0 7.418043613433838
0.0 7.449245929718018
0.0 7.476390361785889
0.0 7.509093761444092
0.0 7.624083518981934
0.0 7.642059326171875
0.0 7.738482475280762
0.0 7.791993141174316
0.0 7.815319538116455
0.0 7.8394365310668945
0.0 7.873958110809326
0.0 8.323226928710938
0.0 8.359554290771484
0.0 8.559901237487793
0.0 8.576570510864258
0.0 8.735600471496582
0.0 8.920653343200684
0.0 8.961098670959473
0.0 8.973640441894531
0.0 9.553266525268555
0.0 9.609622955322266
0.0 9.830681800842285
0.0 10.195974349975586
0.0 11.095224380493164
0.0 11.210390090942383
0.0 11.404950141906738
0.0 12.352884292602539
0.0 12.559947967529297
0.0 12.614768028259277
0.0 13.001202583312988
0.0 13.307426452636719
0.0 13.629353523254395
0.0 13.777850151062012
0.0 14.780059814453125
0.0 15.172800064086914
0.0 16.45033073425293
0.0 16.6455020904541
0.0 17.47832679748535
0.0 17.817758560180664
0.0 19.419553756713867
0.0 20.10252571105957
0.0 21.186473846435547
0.0 21.37154197692871
0.0 22.178829193115234
0.0 22.3623046875
0.0 26.116212844848633
0.0 26.73714828491211
0.0 27.80481719970703
0.0 29.136974334716797
0.0 29.7069034576416
0.0 32.924591064453125
0.0 38.04872512817383
0.0 inf
57.17456817626953 59.54127502441406
51.071929931640625 54.474815368652344
48.652801513671875 65.09851837158203
48.358123779296875 67.43306732177734
37.895599365234375 41.41111373901367
20.746044158935547 23.324556350708008
18.801847457885742 21.344614028930664
17.884281158447266 20.892126083374023
17.661630630493164 18.124267578125
15.681830406188965 15.733981132507324
15.424964904785156 15.954774856567383
14.150015830993652 15.061311721801758
13.891613960266113 15.081192016601562
13.266142845153809 14.358013153076172
10.16424560546875 10.419509887695312
9.876130104064941 12.229524612426758
9.861677169799805 11.877213478088379
9.83150577545166 10.23030948638916
9.735614776611328 11.897218704223633
9.726643562316895 13.304218292236328
9.505216598510742 11.05376148223877
9.26941967010498 10.330354690551758
8.74854564666748 9.999715805053711
8.563680648803711 9.105657577514648
8.496801376342773 9.091409683227539
8.450817108154297 8.477936744689941
7.659219741821289 8.003284454345703
7.271310806274414 7.7416300773620605
7.269867897033691 7.932875156402588
7.16386079788208 8.871529579162598
