0.0 3.981539726257324
0.0 4.3518524169921875
0.0 4.554502964019775
0.0 4.920375347137451
0.0 5.317778587341309
0.0 5.654327392578125
0.0 5.839245796203613
0.0 5.998712539672852
0.0 6.202157974243164
0.0 6.3702473640441895
0.0 6.395900249481201
0.0 6.415159702301025
0.0 6.472501754760742
0.0 6.599207401275635
0.0 6.835695266723633
0.0 6.853975772857666
0.0 6.859652042388916
0.0 6.871583938598633
0.0 6.894886016845703
0.0 6.948174476623535
0.0 7.036457538604736
0.0 7.043079853057861
0.0 7.237605094909668
0.0 7.447030067443848
0.0 7.455174922943115
0.0 7.476490020751953
0.0 7.506591796875
0.0 7.560206413269043
0.0 7.604442119598389
0.0 7.66422700881958
0.0 7.71890926361084
0.0 7.738622665405273
0.0 7.740236282348633
0.0 7.746879577636719
0.0 7.911365985870361
0.0 8.007271766662598
0.0 8.32409954071045
0.0 8.430035591125488
0.0 8.46699333190918
0.0 8.476227760314941
0.0 8.621068000793457
0.0 8.626493453979492
0.0 8.633752822875977
0.0 8.758674621582031
0.0 8.758918762207031
0.0 8.803755760192871
0.0 8.944944381713867
0.0 9.080845832824707
0.0 9.37612533569336
0.0 9.42030143737793
0.0 9.505265235900879
0.0 9.678808212280273
0.0 10.94851016998291
0.0 11.308225631713867
0.0 11.457833290100098
0.0 11.827445030212402
0.0 12.014128684997559
0.0 12.185638427734375
0.0 12.196686744689941
0.0 12.76235580444336
0.0 12.777640342712402
0.0 13.497489929199219
0.0 14.48232364654541
0.0 14.751038551330566
0.0 16.681743621826172
0.0 17.117773056030273
0.0 17.274415969848633
0.0 18.595727920532227
0.0 18.9873104095459
0.0 19.676645278930664
0.0 20.145038604736328
0.0 20.899824142456055
0.0 22.641992568969727
0.0 23.225709915161133
0.0 26.66417694091797
0.0 27.49686622619629
0.0 27.663921356201172
0.0 29.760478973388672
0.0 31.08660125732422
0.0 31.14762306213379
0.0 34.148780822753906
0.0 inf
57.18983459472656 58.706947326660156
51.0984001159668 55.120025634765625
49.84354782104492 64.52079772949219
49.07762145996094 65.9113540649414
38.66860580444336 40.14594268798828
36.70439910888672 39.70588302612305
19.539518356323242 23.31036949157715
18.690895080566406 21.50384521484375
17.8425235748291 20.857473373413086
13.324947357177734 14.060397148132324
13.153218269348145 13.347468376159668
11.34381103515625 12.705354690551758
10.599886894226074 11.827335357666016
10.235981941223145 10.665428161621094
10.132030487060547 10.747217178344727
9.977935791015625 10.422842979431152
9.943255424499512 9.995512962341309
9.8865385055542 12.740179061889648
9.799975395202637 12.216930389404297
9.68362045288086 10.683914184570312
9.657007217407227 11.237003326416016
9.641732215881348 11.358012199401855
9.62096881866455 12.902994155883789
9.565485954284668 10.952435493469238
9.423407554626465 12.294629096984863
8.753881454467773 10.34272575378418
8.662640571594238 9.035024642944336
8.348255157470703 10.13290786743164
8.242783546447754 8.577472686767578
7.254055023193359 8.347825050354004
