0.0 4.619742393493652
0.0 4.7746357917785645
0.0 5.3218889236450195
0.0 5.358989238739014
0.0 5.702334403991699
0.0 5.780775547027588
0.0 6.211354732513428
0.0 6.329262733459473
0.0 6.331792831420898
0.0 6.4370198249816895
0.0 6.469928741455078
0.0 6.528828144073486
0.0 6.577241897583008
0.0 6.7618584632873535
0.0 6.857153415679932
0.0 6.909673690795898
0.0 6.997021675109863
0.0 7.044310092926025
0.0 7.140711307525635
0.0 7.1779351234436035
0.0 7.189000606536865
0.0 7.242700576782227
0.0 7.37061071395874
0.0 7.4385762214660645
0.0 7.452517509460449
0.0 7.4974894523620605
0.0 7.501972675323486
0.0 7.504539489746094
0.0 7.521406173706055
0.0 7.540083408355713
0.0 7.758361339569092
0.0 7.776417255401611
0.0 7.917235374450684
0.0 7.954126834869385
0.0 7.960285663604736
0.0 8.012053489685059
0.0 8.317296028137207
0.0 8.463972091674805
0.0 8.490682601928711
0.0 8.603704452514648
0.0 8.608586311340332
0.0 8.629171371459961
0.0 8.630820274353027
0.0 8.658295631408691
0.0 8.660224914550781
0.0 8.667737007141113
0.0 8.736595153808594
0.0 8.792832374572754
0.0 9.12244987487793
0.0 9.46739673614502
0.0 9.651111602783203
0.0 9.7218656539917
0.0 9.795971870422363
0.0 10.36831283569336
0.0 10.493599891662598
0.0 10.529903411865234
0.0 11.293216705322266
0.0 12.131129264831543
0.0 12.264618873596191
0.0 12.836091995239258
0.0 12.95607852935791
0.0 13.166227340698242
0.0 13.501460075378418
0.0 13.908726692199707
0.0 16.7276668548584
0.0 17.403348922729492
0.0 17.685928344726562
0.0 18.7337703704834
0.0 19.712377548217773
0.0 19.732160568237305
0.0 19.791383743286133
0.0 19.87097930908203
0.0 19.92765998840332
0.0 22.094440460205078
0.0 24.701492309570312
0.0 25.704620361328125
0.0 28.614364624023438
0.0 29.400922775268555
0.0 31.118642807006836
0.0 33.575443267822266
0.0 37.38459396362305
0.0 inf
59.257022857666016 60.00490188598633
53.86306381225586 57.47330093383789
49.55277633666992 63.981693267822266
49.41117477416992 65.44659423828125
36.59239196777344 41.780059814453125
35.25028610229492 36.350982666015625
19.648645401000977 22.584911346435547
17.982440948486328 23.285396575927734
17.830053329467773 21.52178955078125
14.681739807128906 14.832002639770508
14.400712013244629 14.754581451416016
12.494197845458984 12.62888240814209
11.704540252685547 13.352002143859863
10.951382637023926 11.841597557067871
10.537870407104492 12.081069946289062
10.211932182312012 10.452237129211426
10.154153823852539 13.387299537658691
9.875593185424805 10.963322639465332
9.846253395080566 11.156938552856445
9.817634582519531 10.0669527053833
9.779908180236816 11.070174217224121
9.565842628479004 9.78438663482666
9.492218017578125 10.57484245300293
9.396590232849121 10.53348159790039
9.291263580322266 11.21303653717041
8.986838340759277 10.938460350036621
8.724668502807617 11.203950881958008
8.719764709472656 11.206143379211426
8.223794937133789 8.953619956970215
8.045547485351562 10.046370506286621
7.513899326324463 9.215033531188965
7.500306129455566 8.277902603149414
7.290571212768555 7.851438045501709
