0.0 3.3578739166259766
0.0 4.579250812530518
0.0 5.219521999359131
0.0 5.258231163024902
0.0 5.262881755828857
0.0 5.48919677734375
0.0 5.647760391235352
0.0 5.815581321716309
0.0 5.973076820373535
0.0 6.148660659790039
0.0 6.228328704833984
0.0 6.301516056060791
0.0 6.316678524017334
0.0 6.337045669555664
0.0 6.418284893035889
0.0 6.574106693267822
0.0 6.619707107543945
0.0 6.624216079711914
0.0 6.711108684539795
0.0 6.97550630569458
0.0 7.182380199432373
0.0 7.183454513549805
0.0 7.262020587921143
0.0 7.262976169586182
0.0 7.3313493728637695
0.0 7.352654933929443
0.0 7.413942337036133
0.0 7.444743633270264
0.0 7.513220310211182
0.0 7.551285743713379
0.0 7.597592830657959
0.0 7.603680610656738
0.0 7.609586715698242
0.0 7.69027042388916
0.0 7.7221503257751465
0.0 7.770310878753662
0.0 8.141613960266113
0.0 8.141772270202637
0.0 8.203119277954102
0.0 8.348690032958984
0.0 8.555106163024902
0.0 8.655278205871582
0.0 8.71943187713623
0.0 8.937456130981445
0.0 8.988706588745117
0.0 9.098258018493652
0.0 9.442726135253906
0.0 9.51718807220459
0.0 9.615182876586914
0.0 9.625490188598633
0.0 9.815411567687988
0.0 10.095529556274414
0.0 10.551837921142578
0.0 10.775691986083984
0.0 10.828042984008789
0.0 10.972328186035156
0.0 11.126720428466797
0.0 11.350379943847656
0.0 11.954964637756348
0.0 12.855179786682129
0.0 12.897594451904297
0.0 13.527196884155273
0.0 13.578421592712402
0.0 13.692994117736816
0.0 16.342029571533203
0.0 16.434757232666016
0.0 17.40778923034668
0.0 18.717941284179688
0.0 19.007410049438477
0.0 19.466825485229492
0.0 20.68480682373047
0.0 20.94412612915039
0.0 21.18486976623535
0.0 22.171388626098633
0.0 24.280231475830078
0.0 27.211952209472656
0.0 28.81070899963379
0.0 30.130281448364258
0.0 31.132156372070312
0.0 33.28007125854492
0.0 34.158714294433594
0.0 inf
56.62654113769531 57.53075408935547
55.682884216308594 67.16610717773438
53.17572021484375 54.97665786743164
45.24758529663086 67.86894989013672
39.64445114135742 42.34442901611328
34.14339065551758 36.199485778808594
19.601486206054688 22.139684677124023
17.965417861938477 21.026552200317383
17.71736717224121 23.35340118408203
14.726590156555176 14.982534408569336
12.733416557312012 12.96268081665039
12.423961639404297 13.855914115905762
12.163314819335938 14.947914123535156
10.551945686340332 12.655576705932617
10.230276107788086 10.62227725982666
10.142157554626465 11.131279945373535
9.87984561920166 11.18013858795166
9.703116416931152 12.926222801208496
9.639237403869629 10.948012351989746
9.55691909790039 10.852814674377441
9.422253608703613 10.432004928588867
9.289862632751465 10.787041664123535
9.190590858459473 11.227355003356934
8.950769424438477 9.972339630126953
8.740192413330078 9.089699745178223
8.63623332977295 9.882017135620117
8.497106552124023 9.828807830810547
8.454215049743652 8.966670036315918
8.00385570526123 8.708486557006836
7.233853816986084 7.981945037841797
