0.0 2.7281198501586914
0.0 4.789175510406494
0.0 5.198776721954346
0.0 5.6052656173706055
0.0 5.93541955947876
0.0 5.9700469970703125
0.0 5.97477912902832
0.0 5.999842166900635
0.0 6.029284477233887
0.0 6.249104976654053
0.0 6.322984218597412
0.0 6.363408088684082
0.0 6.435506343841553
0.0 6.480284690856934
0.0 6.642189025878906
0.0 6.699674129486084
0.0 6.90350866317749
0.0 7.086623191833496
0.0 7.319232940673828
0.0 7.329273700714111
0.0 7.3515400886535645
0.0 7.360153675079346
0.0 7.375591278076172
0.0 7.398433208465576
0.0 7.471991062164307
0.0 7.489422798156738
0.0 7.757699012756348
0.0 7.835078716278076
0.0 8.174395561218262
0.0 8.211835861206055
0.0 8.219038963317871
0.0 8.260685920715332
0.0 8.27368450164795
0.0 8.370858192443848
0.0 8.433252334594727
0.0 8.545862197875977
0.0 8.564860343933105
0.0 8.574556350708008
0.0 8.894402503967285
0.0 9.090963363647461
0.0 9.200029373168945
0.0 9.200699806213379
0.0 9.285115242004395
0.0 9.504491806030273
0.0 9.523545265197754
0.0 9.591802597045898
0.0 9.641748428344727
0.0 10.00135612487793
0.0 10.009918212890625
0.0 10.904759407043457
0.0 10.923531532287598
0.0 10.948287963867188
0.0 11.033278465270996
0.0 11.109963417053223
0.0 11.125906944274902
0.0 11.30368423461914
0.0 11.624797821044922
0.0 11.739526748657227
0.0 12.730096817016602
0.0 12.791778564453125
0.0 12.926627159118652
0.0 14.340462684631348
0.0 14.922002792358398
0.0 15.445441246032715
0.0 17.468524932861328
0.0 17.622779846191406
0.0 18.819690704345703
0.0 19.785640716552734
0.0 19.81273651123047
0.0 20.12456512451172
0.0 22.672706604003906
0.0 22.721296310424805
0.0 22.767578125
0.0 23.048213958740234
0.0 23.129716873168945
0.0 24.36375617980957
0.0 26.59131622314453
0.0 27.33802604675293
0.0 30.839771270751953
0.0 31.196006774902344
0.0 35.37230682373047
0.0 inf
49.68463897705078 50.213890075683594
44.048824310302734 61.14289093017578
40.19084930419922 61.7021598815918
37.716957092285156 39.956512451171875
36.47390365600586 39.0537109375
22.080419540405273 28.15101432800293
18.958721160888672 20.021028518676758
16.62415885925293 19.960874557495117
15.524140357971191 19.948896408081055
12.267518043518066 14.79860782623291
11.872507095336914 12.782729148864746
11.856534004211426 13.266098022460938
11.626717567443848 12.289863586425781
11.507587432861328 11.935440063476562
10.549897193908691 12.502303123474121
10.487868309020996 13.41851806640625
10.461138725280762 11.477487564086914
9.733214378356934 12.753192901611328
9.155845642089844 12.227270126342773
9.10583782196045 15.123847961425781
9.033625602722168 10.545843124389648
7.666335105895996 9.109441757202148
