0.0 4.236165523529053
0.0 4.276671886444092
0.0 4.288473129272461
0.0 4.341477870941162
0.0 4.516444206237793
0.0 5.301132678985596
0.0 5.351472854614258
0.0 5.674317359924316
0.0 6.545704364776611
0.0 6.581381320953369
0.0 6.8180646896362305
0.0 6.848207473754883
0.0 7.369289398193359
0.0 7.471101760864258
0.0 7.48557186126709
0.0 7.528965950012207
0.0 7.530176162719727
0.0 7.5655517578125
0.0 7.678384304046631
0.0 7.69932746887207
0.0 7.85701322555542
0.0 7.98729133605957
0.0 8.086771011352539
0.0 8.088152885437012
0.0 8.303522109985352
0.0 8.363602638244629
0.0 8.372513771057129
0.0 8.384490966796875
0.0 8.385568618774414
0.0 8.39752197265625
0.0 8.51587963104248
0.0 8.541744232177734
0.0 8.60813045501709
0.0 8.678266525268555
0.0 8.851386070251465
0.0 9.23561954498291
0.0 9.348468780517578
0.0 9.468742370605469
0.0 9.529376029968262
0.0 9.578059196472168
0.0 9.597137451171875
0.0 9.649035453796387
0.0 9.753293991088867
0.0 9.763461112976074
0.0 9.887150764465332
0.0 9.903695106506348
0.0 10.204974174499512
0.0 10.244583129882812
0.0 10.392725944519043
0.0 11.054278373718262
0.0 11.129382133483887
0.0 11.221654891967773
0.0 11.295799255371094
0.0 11.67463493347168
0.0 12.137571334838867
0.0 12.358304977416992
0.0 12.52369499206543
0.0 12.564933776855469
0.0 13.102795600891113
0.0 13.216405868530273
0.0 13.407828330993652
0.0 13.820324897766113
0.0 14.270697593688965
0.0 14.921330451965332
0.0 15.150980949401855
0.0 15.416238784790039
0.0 16.37096405029297
0.0 16.906116485595703
0.0 17.607908248901367
0.0 18.11507797241211
0.0 18.268939971923828
0.0 19.635406494140625
0.0 19.96399688720703
0.0 25.037317276000977
0.0 26.04208755493164
0.0 26.4047908782959
0.0 28.67835235595703
0.0 29.26714324951172
0.0 29.440343856811523
0.0 29.86572265625
0.0 39.25080871582031
0.0 inf
51.455223083496094 58.03519058227539
50.29476547241211 59.034759521484375
44.679931640625 63.64704513549805
43.80867385864258 60.76882553100586
18.570749282836914 22.983619689941406
17.62544822692871 21.423776626586914
16.530311584472656 19.888296127319336
16.15479850769043 16.32046890258789
15.78554630279541 18.516517639160156
15.082893371582031 16.398101806640625
14.836400032043457 14.856898307800293
14.751328468322754 16.337858200073242
13.166152954101562 13.567702293395996
12.459505081176758 13.92323112487793
12.353854179382324 14.476971626281738
10.740671157836914 13.107563972473145
10.56873893737793 12.049643516540527
10.499321937561035 11.59721851348877
10.458952903747559 13.267135620117188
9.905458450317383 12.536850929260254
9.584138870239258 12.012835502624512
9.48725700378418 12.158221244812012
9.350669860839844 11.717447280883789
9.34937572479248 10.144777297973633
9.316702842712402 11.02465534210205
9.013251304626465 11.104696273803711
8.773700714111328 9.205754280090332
8.566750526428223 9.304632186889648
8.510732650756836 10.563525199890137
