0.0 1.0825183391571045
0.0 1.1320250034332275
0.0 1.2244799137115479
0.0 3.2746286392211914
0.0 3.6959238052368164
0.0 3.7315614223480225
0.0 4.608861446380615
0.0 5.737552642822266
0.0 5.819056510925293
0.0 6.122987747192383
0.0 6.188755989074707
0.0 6.238502502441406
0.0 6.304445266723633
0.0 6.306568622589111
0.0 6.354700088500977
0.0 6.374815940856934
0.0 6.412097454071045
0.0 6.502506256103516
0.0 6.580153465270996
0.0 6.716556549072266
0.0 6.717783451080322
0.0 6.793381214141846
0.0 6.9565324783325195
0.0 7.01328182220459
0.0 7.131754398345947
0.0 7.193205833435059
0.0 7.240943431854248
0.0 7.26206636428833
0.0 7.330340385437012
0.0 7.368619918823242
0.0 7.5433125495910645
0.0 7.548131465911865
0.0 7.668313980102539
0.0 7.785274982452393
0.0 8.01318073272705
0.0 8.069793701171875
0.0 8.1124267578125
0.0 8.28782844543457
0.0 8.367792129516602
0.0 8.483484268188477
0.0 8.599149703979492
0.0 8.642532348632812
0.0 8.74814510345459
0.0 8.7855806350708
0.0 8.78842544555664
0.0 8.935221672058105
0.0 8.995573997497559
0.0 10.178423881530762
0.0 10.545161247253418
0.0 10.848200798034668
0.0 10.950939178466797
0.0 11.194195747375488
0.0 11.582700729370117
0.0 11.631596565246582
0.0 12.168014526367188
0.0 12.445770263671875
0.0 12.943984031677246
0.0 13.021464347839355
0.0 13.469115257263184
0.0 13.4719820022583
0.0 13.492331504821777
0.0 14.222346305847168
0.0 14.343123435974121
0.0 14.602795600891113
0.0 16.23110008239746
0.0 16.392847061157227
0.0 16.79697608947754
0.0 17.918893814086914
0.0 20.642959594726562
0.0 21.76462173461914
0.0 22.160120010375977
0.0 22.91254425048828
0.0 23.07551383972168
0.0 23.842233657836914
0.0 25.054061889648438
0.0 25.301551818847656
0.0 25.920949935913086
0.0 26.31546974182129
0.0 27.35526466369629
0.0 28.646909713745117
0.0 35.62528991699219
0.0 inf
43.78242111206055 45.579559326171875
42.96881103515625 63.548789978027344
38.93169021606445 40.450408935546875
37.03582000732422 65.03623962402344
31.67475700378418 36.57308578491211
20.5119686126709 21.098800659179688
18.48203468322754 21.387128829956055
18.39891242980957 22.383808135986328
18.282169342041016 26.13350486755371
17.30088996887207 20.593799591064453
15.631306648254395 18.418384552001953
14.992795944213867 15.674176216125488
11.657992362976074 11.686575889587402
11.523338317871094 13.369119644165039
11.079280853271484 12.862009048461914
10.203802108764648 12.070035934448242
9.708462715148926 10.28192138671875
9.702284812927246 11.835712432861328
9.65147590637207 10.77576732635498
9.490684509277344 11.353099822998047
9.310654640197754 13.665117263793945
8.675724983215332 10.034747123718262
8.652251243591309 9.848408699035645
8.378561973571777 9.069273948669434
7.614529132843018 9.331226348876953
