0.0 3.4857122898101807
0.0 4.614262104034424
0.0 5.083364009857178
0.0 5.270756244659424
0.0 5.280093669891357
0.0 5.670521259307861
0.0 5.6734418869018555
0.0 5.824619293212891
0.0 5.87065315246582
0.0 5.881905555725098
0.0 6.0216803550720215
0.0 6.027274131774902
0.0 6.551308631896973
0.0 6.622422218322754
0.0 6.6466217041015625
0.0 6.681935787200928
0.0 6.684966087341309
0.0 6.7406792640686035
0.0 6.782468795776367
0.0 6.803916931152344
0.0 6.894028663635254
0.0 6.902138710021973
0.0 6.948310852050781
0.0 6.998316764831543
0.0 7.225146770477295
0.0 7.239770889282227
0.0 7.377959728240967
0.0 7.386719226837158
0.0 7.505836009979248
0.0 7.585906028747559
0.0 7.590710163116455
0.0 7.694095611572266
0.0 7.746340751647949
0.0 7.803857326507568
0.0 7.886741638183594
0.0 8.031232833862305
0.0 8.089548110961914
0.0 8.202632904052734
0.0 8.207549095153809
0.0 8.22346019744873
0.0 8.391538619995117
0.0 8.418299674987793
0.0 8.44468879699707
0.0 8.456106185913086
0.0 8.458051681518555
0.0 8.707099914550781
0.0 8.723896026611328
0.0 8.911765098571777
0.0 9.247913360595703
0.0 9.434476852416992
0.0 9.52892780303955
0.0 9.791648864746094
0.0 10.055749893188477
0.0 10.232915878295898
0.0 10.506242752075195
0.0 10.736416816711426
0.0 10.994536399841309
0.0 11.118083000183105
0.0 11.414777755737305
0.0 11.581620216369629
0.0 11.587651252746582
0.0 12.801555633544922
0.0 14.654823303222656
0.0 14.688705444335938
0.0 16.438121795654297
0.0 17.732439041137695
0.0 18.56275749206543
0.0 19.24806022644043
0.0 19.572864532470703
0.0 19.868534088134766
0.0 20.529464721679688
0.0 20.725072860717773
0.0 20.95760154724121
0.0 27.895816802978516
0.0 28.697681427001953
0.0 29.56646156311035
0.0 29.593992233276367
0.0 29.705989837646484
0.0 31.251171112060547
0.0 32.780155181884766
0.0 34.88999557495117
0.0 inf
52.20710372924805 71.23982238769531
45.58380889892578 74.82990264892578
19.679407119750977 22.68800163269043
18.076505661010742 27.955093383789062
17.797449111938477 20.529577255249023
13.928091049194336 15.411836624145508
13.114982604980469 13.241717338562012
12.476276397705078 13.851326942443848
11.272151947021484 11.578486442565918
10.65647029876709 11.356110572814941
10.523722648620605 10.551795959472656
9.598010063171387 10.846921920776367
9.427395820617676 11.341275215148926
9.416111946105957 11.802058219909668
9.401866912841797 13.316170692443848
9.293503761291504 10.725707054138184
9.059371948242188 9.093505859375
9.026398658752441 10.571474075317383
8.849003791809082 10.04942512512207
8.771723747253418 9.4142484664917
8.644269943237305 10.09957504272461
8.578542709350586 9.718428611755371
8.493156433105469 10.560742378234863
8.469293594360352 10.708837509155273
8.452792167663574 11.193300247192383
8.429281234741211 9.506221771240234
8.21568489074707 9.049647331237793
8.069461822509766 9.794602394104004
