0.0 1.2218552827835083
0.0 1.2332290410995483
0.0 1.3360390663146973
0.0 3.320284843444824
0.0 3.5084896087646484
0.0 4.261420249938965
0.0 4.794888496398926
0.0 5.490135669708252
0.0 5.720906734466553
0.0 5.905763149261475
0.0 6.242623805999756
0.0 6.28450870513916
0.0 6.289459705352783
0.0 6.370031833648682
0.0 6.388871192932129
0.0 6.500622749328613
0.0 6.585115909576416
0.0 6.621086120605469
0.0 6.811276912689209
0.0 7.243216514587402
0.0 7.3516411781311035
0.0 7.387800216674805
0.0 7.394196510314941
0.0 7.429030895233154
0.0 7.467706203460693
0.0 7.554063320159912
0.0 7.584108352661133
0.0 7.675811767578125
0.0 8.015314102172852
0.0 8.024628639221191
0.0 8.090410232543945
0.0 8.123038291931152
0.0 8.26295280456543
0.0 8.263076782226562
0.0 8.343758583068848
0.0 8.362136840820312
0.0 8.434854507446289
0.0 8.510722160339355
0.0 8.538552284240723
0.0 8.603517532348633
0.0 8.608680725097656
0.0 8.612639427185059
0.0 8.681215286254883
0.0 8.766046524047852
0.0 9.236041069030762
0.0 9.308914184570312
0.0 9.36970043182373
0.0 9.431002616882324
0.0 9.567336082458496
0.0 9.72437858581543
0.0 9.75142765045166
0.0 10.022427558898926
0.0 10.424820899963379
0.0 10.559333801269531
0.0 11.107934951782227
0.0 11.282742500305176
0.0 11.323001861572266
0.0 11.668980598449707
0.0 12.592004776000977
0.0 12.662647247314453
0.0 12.916988372802734
0.0 14.234698295593262
0.0 14.395987510681152
0.0 14.49575138092041
0.0 17.47962188720703
0.0 18.535648345947266
0.0 19.81570053100586
0.0 20.22051429748535
0.0 20.718040466308594
0.0 20.845094680786133
0.0 20.998966217041016
0.0 21.450401306152344
0.0 22.057363510131836
0.0 22.342382431030273
0.0 26.22678565979004
0.0 26.363309860229492
0.0 27.65182876586914
0.0 28.5133056640625
0.0 28.89335823059082
0.0 30.558517456054688
0.0 31.713123321533203
0.0 inf
46.0302619934082 46.47233200073242
44.11056900024414 65.72445678710938
42.982330322265625 60.44900131225586
39.39583969116211 40.51118087768555
35.93125915527344 39.53546142578125
22.453746795654297 28.037845611572266
16.47045135498047 19.750411987304688
15.807287216186523 19.676727294921875
13.64417839050293 13.663084983825684
12.721096992492676 14.206303596496582
12.284819602966309 13.485774040222168
12.147089958190918 12.70044231414795
11.344478607177734 12.58349323272705
10.765317916870117 12.003378868103027
10.44934368133545 11.298714637756348
10.325793266296387 12.075833320617676
9.772603034973145 12.921173095703125
9.664936065673828 11.630834579467773
9.598044395446777 11.071394920349121
9.387796401977539 11.79956340789795
9.301587104797363 9.30672836303711
9.28734016418457 9.968547821044922
9.013469696044922 10.04273796081543
8.825632095336914 10.781208992004395
8.762296676635742 11.791746139526367
7.7733635902404785 8.922090530395508
7.5929412841796875 10.016794204711914
