0.0 1.2759716510772705
0.0 1.3985289335250854
0.0 2.411301612854004
0.0 4.5907087326049805
0.0 5.023497104644775
0.0 5.269860744476318
0.0 5.366104602813721
0.0 5.399044990539551
0.0 5.595759391784668
0.0 5.6391448974609375
0.0 5.707523822784424
0.0 5.939421653747559
0.0 6.011519908905029
0.0 6.025137424468994
0.0 6.3660712242126465
0.0 6.372132778167725
0.0 6.413295745849609
0.0 6.494663238525391
0.0 6.571743488311768
0.0 6.583947658538818
0.0 6.7947492599487305
0.0 6.862520217895508
0.0 6.871853351593018
0.0 7.021871566772461
0.0 7.20501184463501
0.0 7.236207962036133
0.0 7.500319480895996
0.0 7.537825107574463
0.0 7.54538631439209
0.0 7.600193500518799
0.0 7.680009841918945
0.0 7.687714099884033
0.0 8.0213041305542
0.0 8.05967903137207
0.0 8.261186599731445
0.0 8.270037651062012
0.0 8.394201278686523
0.0 8.54558277130127
0.0 8.65081787109375
0.0 8.810833930969238
0.0 8.84433650970459
0.0 8.916783332824707
0.0 8.987735748291016
0.0 9.063398361206055
0.0 9.190081596374512
0.0 9.257270812988281
0.0 9.303997993469238
0.0 9.314656257629395
0.0 9.43698787689209
0.0 10.25677490234375
0.0 10.399874687194824
0.0 10.431257247924805
0.0 10.73731803894043
0.0 11.119193077087402
0.0 11.180930137634277
0.0 11.244658470153809
0.0 11.472135543823242
0.0 11.680641174316406
0.0 13.280914306640625
0.0 13.580236434936523
0.0 13.895913124084473
0.0 14.563607215881348
0.0 14.646050453186035
0.0 14.696208000183105
0.0 14.85544490814209
0.0 16.389432907104492
0.0 17.130802154541016
0.0 18.854917526245117
0.0 20.6866397857666
0.0 21.012277603149414
0.0 21.769489288330078
0.0 22.88423728942871
0.0 22.88506317138672
0.0 23.62097930908203
0.0 24.174861907958984
0.0 24.905845642089844
0.0 25.145977020263672
0.0 26.576623916625977
0.0 26.928007125854492
0.0 28.653213500976562
0.0 33.13918685913086
0.0 inf
44.013065338134766 44.40723419189453
43.11750411987305 62.5020751953125
41.65306854248047 42.99317932128906
38.02680587768555 60.92536926269531
30.78348731994629 34.982608795166016
19.585289001464844 25.290679931640625
18.557174682617188 21.78959846496582
18.458251953125 22.672502517700195
14.891167640686035 18.188949584960938
14.510340690612793 15.499899864196777
13.284637451171875 13.960585594177246
12.616910934448242 13.628774642944336
11.700348854064941 13.572566032409668
11.695948600769043 11.769002914428711
11.571582794189453 11.790872573852539
10.576242446899414 10.659239768981934
9.973565101623535 10.647170066833496
9.552815437316895 11.85257625579834
9.53693962097168 10.380317687988281
9.437216758728027 11.861166954040527
9.362359046936035 11.92049789428711
8.089970588684082 9.280949592590332
8.021326065063477 9.106943130493164
7.967845439910889 9.535396575927734
