0.0 4.771052837371826
0.0 5.258609294891357
0.0 5.385252475738525
0.0 5.5586042404174805
0.0 5.616298198699951
0.0 5.733843803405762
0.0 5.911602973937988
0.0 6.314468860626221
0.0 6.33083963394165
0.0 6.4804816246032715
0.0 6.5501837730407715
0.0 6.575412273406982
0.0 6.58823823928833
0.0 6.780706882476807
0.0 6.803648471832275
0.0 6.804891109466553
0.0 6.852193355560303
0.0 6.987152576446533
0.0 6.990421295166016
0.0 7.039247989654541
0.0 7.0908355712890625
0.0 7.169811725616455
0.0 7.240578651428223
0.0 7.269669055938721
0.0 7.351792335510254
0.0 7.373982906341553
0.0 7.3957061767578125
0.0 7.444555282592773
0.0 7.499228000640869
0.0 7.501598358154297
0.0 7.523050785064697
0.0 7.6187591552734375
0.0 7.63575553894043
0.0 7.670987129211426
0.0 7.7390360832214355
0.0 7.873627185821533
0.0 7.946048259735107
0.0 7.958218097686768
0.0 7.962145805358887
0.0 8.352107048034668
0.0 8.48611831665039
0.0 8.491281509399414
0.0 8.523428916931152
0.0 8.575532913208008
0.0 8.598346710205078
0.0 8.677543640136719
0.0 8.802190780639648
0.0 8.970619201660156
0.0 9.057449340820312
0.0 9.096170425415039
0.0 9.475525856018066
0.0 9.654995918273926
0.0 9.847549438476562
0.0 10.213521957397461
0.0 10.311739921569824
0.0 10.443769454956055
0.0 11.2763090133667
0.0 12.114381790161133
0.0 12.262589454650879
0.0 12.862699508666992
0.0 12.911203384399414
0.0 12.968548774719238
0.0 13.533008575439453
0.0 13.777758598327637
0.0 17.126237869262695
0.0 17.358165740966797
0.0 17.685829162597656
0.0 18.678070068359375
0.0 18.700342178344727
0.0 19.66765594482422
0.0 19.74281120300293
0.0 19.86301612854004
0.0 19.871971130371094
0.0 22.131546020507812
0.0 25.833086013793945
0.0 28.66097640991211
0.0 28.853498458862305
0.0 29.382862091064453
0.0 29.835796356201172
0.0 33.37648010253906
0.0 35.201332092285156
0.0 inf
61.41673278808594 62.455631256103516
54.15232849121094 58.89402770996094
51.29697036743164 64.80850982666016
50.102195739746094 65.75774383544922
36.288978576660156 41.38090515136719
19.65044403076172 22.606718063354492
17.998437881469727 23.291776657104492
17.815927505493164 21.51913070678711
14.358630180358887 14.77878475189209
12.814872741699219 13.392317771911621
12.025111198425293 12.618670463562012
10.977328300476074 11.904557228088379
10.540563583374023 12.116384506225586
10.234198570251465 10.464552879333496
9.977681159973145 11.109110832214355
9.851491928100586 11.157886505126953
9.851395606994629 10.133822441101074
9.798996925354004 11.156997680664062
9.724946022033691 14.161174774169922
9.595686912536621 11.708460807800293
9.577831268310547 10.57144832611084
9.285107612609863 11.165201187133789
9.110129356384277 10.041088104248047
8.988346099853516 9.931463241577148
8.629705429077148 10.56965446472168
8.190339088439941 9.022775650024414
8.11917781829834 10.043685913085938
8.115195274353027 9.476791381835938
7.512732028961182 9.380619049072266
7.307801246643066 8.01950454711914
