0.0 1.0620111227035522
0.0 1.070248007774353
0.0 1.113633155822754
0.0 4.619194984436035
0.0 4.855544090270996
0.0 4.938544273376465
0.0 5.364360809326172
0.0 5.850365161895752
0.0 5.942012786865234
0.0 6.317075252532959
0.0 7.159521579742432
0.0 7.312729358673096
0.0 7.647031307220459
0.0 8.089025497436523
0.0 8.375704765319824
0.0 8.391146659851074
0.0 8.405704498291016
0.0 8.779000282287598
0.0 9.010096549987793
0.0 inf
11.102299690246582 12.534232139587402
10.597002983093262 12.65417194366455
9.60110092163086 11.241942405700684
9.482074737548828 12.67556381225586
8.47998046875 9.284293174743652
8.359091758728027 9.058431625366211
7.340261936187744 7.36006498336792
