0.0 1.297798752784729
0.0 1.433943510055542
0.0 2.7324585914611816
0.0 4.813946723937988
0.0 4.9708027839660645
0.0 5.265096664428711
0.0 6.1587934494018555
0.0 6.167864799499512
0.0 6.211100101470947
0.0 6.757000923156738
0.0 6.902629375457764
0.0 7.381153106689453
0.0 7.505026817321777
0.0 7.547636985778809
0.0 7.564363956451416
0.0 7.654830455780029
0.0 7.780173301696777
0.0 8.08848762512207
0.0 9.280099868774414
0.0 inf
9.615920066833496 12.635566711425781
9.490489959716797 12.0859956741333
8.956953048706055 11.133405685424805
8.712085723876953 9.838227272033691
