0.0 1.3039644956588745
0.0 1.4409931898117065
0.0 1.4748221635818481
0.0 3.269432544708252
0.0 4.201051235198975
0.0 4.493262767791748
0.0 4.708352088928223
0.0 5.546384811401367
0.0 5.614184379577637
0.0 6.206540107727051
0.0 6.255528926849365
0.0 7.060049533843994
0.0 7.525104999542236
0.0 7.595303535461426
0.0 8.37497615814209
0.0 8.457579612731934
0.0 8.768048286437988
0.0 8.794146537780762
0.0 8.989616394042969
0.0 inf
10.404985427856445 11.95877456665039
9.539788246154785 12.5511474609375
9.2004976272583 9.346739768981934
