0.0 4.399530410766602
0.0 4.462521076202393
0.0 5.496061325073242
0.0 5.65814733505249
0.0 5.744006156921387
0.0 6.668107032775879
0.0 7.566943168640137
0.0 7.701350688934326
0.0 7.81482458114624
0.0 8.191341400146484
0.0 8.34136962890625
0.0 8.660171508789062
0.0 8.7201509475708
0.0 8.824193954467773
0.0 8.949679374694824
0.0 8.957696914672852
0.0 9.184029579162598
0.0 9.73771858215332
0.0 9.831818580627441
0.0 inf
11.565569877624512 12.35826301574707
10.716431617736816 12.69343376159668
10.691139221191406 11.245213508605957
10.13644790649414 10.72341251373291
9.863723754882812 11.639472007751465
9.181672096252441 9.286093711853027
9.064532279968262 11.177163124084473
9.05066967010498 10.062171936035156
