0.0 1.1033202409744263
0.0 1.1461405754089355
0.0 1.1902433633804321
0.0 4.491722583770752
0.0 5.421590328216553
0.0 5.472268581390381
0.0 5.678447723388672
0.0 5.967855453491211
0.0 6.677094459533691
0.0 7.186825275421143
0.0 7.401160717010498
0.0 7.637340068817139
0.0 7.992880821228027
0.0 8.207759857177734
0.0 8.3877534866333
0.0 8.403191566467285
0.0 8.440912246704102
0.0 8.507478713989258
0.0 8.572790145874023
0.0 inf
10.731792449951172 11.262880325317383
10.627836227416992 12.599909782409668
8.740525245666504 10.982423782348633
8.449870109558105 10.332789421081543
8.44788646697998 10.134050369262695
8.432791709899902 9.444013595581055
