0.0 1.1363530158996582
0.0 1.1812496185302734
0.0 3.690951347351074
0.0 6.31337308883667
0.0 6.445225238800049
0.0 6.690167427062988
0.0 7.037874698638916
0.0 7.077770709991455
0.0 7.0939459800720215
0.0 7.1483659744262695
0.0 7.717328071594238
0.0 8.299726486206055
0.0 8.385668754577637
0.0 8.529341697692871
0.0 8.63759708404541
0.0 8.640900611877441
0.0 8.855744361877441
0.0 9.498479843139648
0.0 inf
11.383817672729492 11.461718559265137
10.619028091430664 11.370255470275879
10.149645805358887 11.724089622497559
9.848052024841309 13.27060604095459
9.57368278503418 10.526726722717285
8.627167701721191 8.666479110717773
8.606931686401367 10.599842071533203
