0.0 3.7826766967773438
0.0 4.892918586730957
0.0 4.998417377471924
0.0 5.001399993896484
0.0 5.081632614135742
0.0 5.637854099273682
0.0 5.701873779296875
0.0 6.5737433433532715
0.0 6.726383686065674
0.0 6.876836776733398
0.0 7.021787166595459
0.0 7.338946342468262
0.0 7.659745693206787
0.0 8.221721649169922
0.0 8.489021301269531
0.0 8.527717590332031
0.0 8.707418441772461
0.0 9.79243278503418
0.0 10.166388511657715
0.0 inf
12.942476272583008 14.187782287597656
10.817794799804688 13.295880317687988
10.80904483795166 12.335467338562012
10.334503173828125 11.71221923828125
8.85222053527832 9.821371078491211
8.516932487487793 9.819598197937012
