0.0 1.0919302701950073
0.0 1.1005737781524658
0.0 2.3217153549194336
0.0 4.689501762390137
0.0 4.815333366394043
0.0 4.828268051147461
0.0 5.623015403747559
0.0 5.803322792053223
0.0 6.478412628173828
0.0 6.4964704513549805
0.0 7.293551445007324
0.0 7.473565578460693
0.0 7.629576206207275
0.0 7.989770412445068
0.0 8.196273803710938
0.0 8.383203506469727
0.0 8.566567420959473
0.0 8.59824275970459
0.0 10.819657325744629
0.0 inf
11.712528228759766 13.467899322509766
11.681629180908203 13.16719913482666
10.994306564331055 13.671125411987305
10.701550483703613 11.363018989562988
8.461958885192871 9.270102500915527
8.408754348754883 8.536900520324707
8.397113800048828 9.82934856414795
