0.0 3.2407522201538086
0.0 3.6743884086608887
0.0 4.407275199890137
0.0 4.455763816833496
0.0 4.598389148712158
0.0 4.8524088859558105
0.0 5.656398296356201
0.0 6.08811616897583
0.0 6.088654041290283
0.0 6.661190509796143
0.0 7.58992338180542
0.0 7.969141960144043
0.0 7.982694625854492
0.0 8.585844993591309
0.0 8.899599075317383
0.0 9.268369674682617
0.0 9.918113708496094
0.0 9.918779373168945
0.0 10.520956993103027
0.0 inf
11.582210540771484 12.562268257141113
10.983186721801758 11.491519927978516
10.861238479614258 13.47945499420166
10.694808006286621 11.210139274597168
9.411809921264648 9.900895118713379
9.396145820617676 10.115474700927734
