0.0 4.350477695465088
0.0 5.348103046417236
0.0 6.623342990875244
0.0 7.11043643951416
0.0 7.210081100463867
0.0 7.276411533355713
0.0 7.372747898101807
0.0 7.494879722595215
0.0 8.02103328704834
0.0 8.581526756286621
0.0 8.689516067504883
0.0 9.195261001586914
0.0 9.30162239074707
0.0 9.332186698913574
0.0 9.398022651672363
0.0 9.638102531433105
0.0 10.179018020629883
0.0 11.556419372558594
0.0 13.056021690368652
0.0 inf
11.74868106842041 12.048215866088867
10.276205062866211 11.467144012451172
9.82370662689209 13.528965950012207
9.766287803649902 9.791559219360352
9.75535774230957 12.49526596069336
8.900714874267578 9.838235855102539
