0.0 1.0828006267547607
0.0 1.099190592765808
0.0 2.289170980453491
0.0 4.105213642120361
0.0 4.699244499206543
0.0 5.194491863250732
0.0 5.62746000289917
0.0 5.751031875610352
0.0 5.963026523590088
0.0 6.4556965827941895
0.0 6.644403457641602
0.0 6.992578029632568
0.0 7.287032604217529
0.0 8.254070281982422
0.0 8.377513885498047
0.0 8.400814056396484
0.0 8.472247123718262
0.0 8.60470962524414
0.0 11.105257034301758
0.0 inf
12.049541473388672 13.736751556396484
11.723952293395996 13.245359420776367
11.720236778259277 13.515735626220703
10.517683982849121 11.18591022491455
8.43663215637207 9.275514602661133
8.402735710144043 9.826682090759277
8.391700744628906 8.50998592376709
