0.0 1.0634576082229614
0.0 1.0642286539077759
0.0 1.1134438514709473
0.0 4.6208930015563965
0.0 4.786566734313965
0.0 5.132761001586914
0.0 5.29824686050415
0.0 5.364105224609375
0.0 5.824031829833984
0.0 6.903396129608154
0.0 6.993093013763428
0.0 7.172732830047607
0.0 7.321568489074707
0.0 7.521226406097412
0.0 7.619963645935059
0.0 8.407622337341309
0.0 8.87259578704834
0.0 9.320061683654785
0.0 9.416457176208496
0.0 inf
11.084274291992188 11.807914733886719
10.76240062713623 13.306530952453613
10.471027374267578 13.301750183105469
9.586064338684082 11.205580711364746
9.46889591217041 10.647509574890137
8.413568496704102 9.101530075073242
7.348633289337158 7.365800857543945
