0.0 1.1373212337493896
0.0 1.157516360282898
0.0 3.628264904022217
0.0 6.399670124053955
0.0 6.443484783172607
0.0 6.673044681549072
0.0 7.0319294929504395
0.0 7.089020729064941
0.0 7.12322473526001
0.0 7.287148952484131
0.0 7.493515968322754
0.0 7.527254581451416
0.0 8.492783546447754
0.0 8.592611312866211
0.0 8.628518104553223
0.0 8.655561447143555
0.0 8.838135719299316
0.0 9.502898216247559
0.0 inf
10.65126895904541 11.26210880279541
10.337392807006836 11.087078094482422
10.14554214477539 11.651076316833496
9.79041862487793 13.21169376373291
9.589912414550781 10.582876205444336
8.623250961303711 8.658585548400879
8.614887237548828 9.814637184143066
