0.0 1.3354594707489014
0.0 2.852804183959961
0.0 2.984776258468628
0.0 3.1434779167175293
0.0 4.421164512634277
0.0 4.486059188842773
0.0 4.541574001312256
0.0 5.9129486083984375
0.0 6.823836803436279
0.0 6.912869453430176
0.0 7.14271879196167
0.0 7.250441551208496
0.0 7.500610828399658
0.0 7.825197696685791
0.0 8.496780395507812
0.0 8.83598804473877
0.0 9.150672912597656
0.0 9.357884407043457
0.0 9.43165111541748
0.0 inf
10.423629760742188 10.462027549743652
10.055832862854004 12.369110107421875
9.985343933105469 13.254189491271973
9.664050102233887 10.369406700134277
