0.0 1.070544958114624
0.0 1.0765392780303955
0.0 2.2413666248321533
0.0 4.651810169219971
0.0 4.765233993530273
0.0 5.112518310546875
0.0 5.260789394378662
0.0 5.762083530426025
0.0 6.421304702758789
0.0 6.8613481521606445
0.0 6.969920635223389
0.0 7.176634311676025
0.0 7.3199944496154785
0.0 7.532426357269287
0.0 7.639681339263916
0.0 8.36595344543457
0.0 8.533071517944336
0.0 9.333301544189453
0.0 9.585030555725098
0.0 inf
11.000166893005371 12.506373405456543
10.759476661682129 13.73736572265625
10.612385749816895 12.678572654724121
9.615389823913574 11.209884643554688
9.466780662536621 10.596843719482422
8.404557228088379 9.014361381530762
7.335436820983887 7.439155578613281
