0.0 4.510273456573486
0.0 5.416501045227051
0.0 5.873222351074219
0.0 5.912025451660156
0.0 6.558027267456055
0.0 7.450149059295654
0.0 7.540594577789307
0.0 7.589541435241699
0.0 7.662553787231445
0.0 7.672066688537598
0.0 7.837313652038574
0.0 8.651467323303223
0.0 8.727062225341797
0.0 8.793859481811523
0.0 8.980570793151855
0.0 9.026684761047363
0.0 9.172821044921875
0.0 9.228318214416504
0.0 9.717391014099121
0.0 inf
11.726054191589355 13.505568504333496
10.878448486328125 11.364124298095703
10.55954647064209 11.909354209899902
10.073129653930664 11.827201843261719
10.046767234802246 11.95828628540039
9.939083099365234 12.421951293945312
9.854251861572266 10.57487678527832
8.485946655273438 9.367626190185547
8.415898323059082 9.025067329406738
