0.0 2.3437283039093018
0.0 2.5485751628875732
0.0 3.7620670795440674
0.0 5.249488353729248
0.0 6.228216648101807
0.0 6.6666154861450195
0.0 6.78896951675415
0.0 7.183316230773926
0.0 7.359630107879639
0.0 7.5631866455078125
0.0 7.594994068145752
0.0 7.984656810760498
0.0 8.156943321228027
0.0 8.292129516601562
0.0 8.55591106414795
0.0 8.653578758239746
0.0 8.693681716918945
0.0 8.857640266418457
0.0 9.083430290222168
0.0 inf
11.364518165588379 12.119853973388672
11.033577919006348 11.307106971740723
10.04123592376709 11.698189735412598
9.744926452636719 9.945931434631348
9.682863235473633 13.42031478881836
9.655948638916016 10.68248176574707
9.631051063537598 10.54171371459961
9.181018829345703 10.976215362548828
8.625213623046875 8.900567054748535
