0.0 1.4665299654006958
0.0 1.4972550868988037
0.0 1.6173828840255737
0.0 4.519678592681885
0.0 4.785750865936279
0.0 5.268975257873535
0.0 5.779482841491699
0.0 5.840095520019531
0.0 6.085594654083252
0.0 6.998222351074219
0.0 7.439487457275391
0.0 7.4950127601623535
0.0 7.552910327911377
0.0 7.593817234039307
0.0 8.380853652954102
0.0 8.446554183959961
0.0 8.478849411010742
0.0 8.683802604675293
0.0 8.760443687438965
0.0 inf
10.538515090942383 10.701257705688477
9.70947551727295 10.458111763000488
9.54567813873291 12.601828575134277
8.983027458190918 11.006330490112305
8.892520904541016 11.048272132873535
8.509105682373047 9.326380729675293
