0.0 1.0731734037399292
0.0 1.0747302770614624
0.0 1.1311053037643433
0.0 4.047484874725342
0.0 4.611354351043701
0.0 5.054133415222168
0.0 5.623606204986572
0.0 5.752867221832275
0.0 5.867268085479736
0.0 6.420262813568115
0.0 6.976998329162598
0.0 6.982104301452637
0.0 7.122625827789307
0.0 7.313703536987305
0.0 8.347593307495117
0.0 8.368231773376465
0.0 8.54110050201416
0.0 9.328454971313477
0.0 9.586187362670898
0.0 inf
10.96043872833252 12.479743003845215
10.86106014251709 13.105986595153809
10.617111206054688 12.6493558883667
9.900272369384766 12.251714706420898
9.567429542541504 10.595582008361816
8.419992446899414 9.042746543884277
8.39419937133789 8.399494171142578
