0.0 4.341405868530273
0.0 4.473754405975342
0.0 4.759340763092041
0.0 4.769431114196777
0.0 6.108627796173096
0.0 6.387521266937256
0.0 7.020219802856445
0.0 7.7641472816467285
0.0 8.340312957763672
0.0 8.592412948608398
0.0 8.703269004821777
0.0 8.94947338104248
0.0 9.013041496276855
0.0 9.030227661132812
0.0 9.041131973266602
0.0 9.235264778137207
0.0 9.409403800964355
0.0 9.441835403442383
0.0 9.490467071533203
0.0 inf
11.57444953918457 12.693849563598633
11.388846397399902 12.895121574401855
11.071711540222168 11.132782936096191
9.934249877929688 12.410584449768066
9.559688568115234 11.905138969421387
9.445683479309082 9.44681167602539
9.410904884338379 10.227150917053223
9.037161827087402 10.3412446975708
8.993223190307617 11.976727485656738
