0.0 1.1388431787490845
0.0 1.1824650764465332
0.0 3.6858062744140625
0.0 6.039342403411865
0.0 6.327740669250488
0.0 6.434017181396484
0.0 7.118007659912109
0.0 7.138039588928223
0.0 7.324400901794434
0.0 7.717652797698975
0.0 7.9215898513793945
0.0 8.533815383911133
0.0 8.63880443572998
0.0 8.64052963256836
0.0 8.806843757629395
0.0 8.89258098602295
0.0 9.19229507446289
0.0 9.493285179138184
0.0 inf
10.505683898925781 11.355339050292969
10.290793418884277 11.786840438842773
9.954042434692383 13.367400169372559
9.751781463623047 9.807268142700195
9.729454040527344 10.695560455322266
9.558958053588867 10.652107238769531
