0.0 1.179263710975647
0.0 1.3388476371765137
0.0 1.9485194683074951
0.0 3.6254310607910156
0.0 4.53887414932251
0.0 5.868873119354248
0.0 6.025895595550537
0.0 6.056431770324707
0.0 6.248751163482666
0.0 7.0436110496521
0.0 7.177855491638184
0.0 7.2508225440979
0.0 7.43014669418335
0.0 7.545498847961426
0.0 7.895748138427734
0.0 8.11719799041748
0.0 8.388352394104004
0.0 8.538707733154297
0.0 9.043667793273926
0.0 inf
10.269597053527832 11.952317237854004
9.844996452331543 10.859968185424805
9.46319580078125 11.415205001831055
9.394619941711426 13.278810501098633
8.454014778137207 9.613480567932129
8.411999702453613 8.981063842773438
