0.0 4.425526142120361
0.0 5.430030822753906
0.0 5.642543315887451
0.0 5.894944190979004
0.0 6.079306125640869
0.0 6.6309685707092285
0.0 7.1692328453063965
0.0 7.404335975646973
0.0 7.448914051055908
0.0 7.51871919631958
0.0 8.35345458984375
0.0 8.525704383850098
0.0 8.63748836517334
0.0 9.152145385742188
0.0 9.254189491271973
0.0 9.563756942749023
0.0 9.939335823059082
0.0 10.225957870483398
0.0 10.421339988708496
0.0 inf
11.932992935180664 13.128755569458008
10.661015510559082 13.428304672241211
10.594910621643066 12.339154243469238
10.12387466430664 12.07399845123291
10.05167293548584 10.235892295837402
9.954030990600586 12.715234756469727
9.388063430786133 10.101186752319336
