0.0 4.29627799987793
0.0 4.609894275665283
0.0 4.610644817352295
0.0 5.466609477996826
0.0 5.716166973114014
0.0 7.094162940979004
0.0 7.689020156860352
0.0 7.690108776092529
0.0 7.748141288757324
0.0 7.969787120819092
0.0 8.068068504333496
0.0 8.179435729980469
0.0 8.290260314941406
0.0 8.839767456054688
0.0 8.89080810546875
0.0 9.06458854675293
0.0 9.066695213317871
0.0 9.694574356079102
0.0 9.936593055725098
0.0 inf
11.830528259277344 11.944671630859375
11.325617790222168 12.213589668273926
11.012617111206055 13.514437675476074
10.982828140258789 11.254020690917969
10.40991497039795 12.964057922363281
10.131546020507812 11.921736717224121
10.041118621826172 10.09326457977295
9.914772987365723 9.916374206542969
