0.0 4.781242847442627
0.0 5.526428699493408
0.0 5.603544235229492
0.0 5.737033367156982
0.0 6.300349712371826
0.0 6.692475318908691
0.0 6.802694320678711
0.0 7.521270275115967
0.0 8.022923469543457
0.0 8.186423301696777
0.0 8.418291091918945
0.0 8.420320510864258
0.0 8.736879348754883
0.0 8.838305473327637
0.0 8.932229042053223
0.0 9.757469177246094
0.0 9.770893096923828
0.0 10.619782447814941
0.0 10.729538917541504
0.0 inf
11.682597160339355 12.629366874694824
11.553178787231445 12.057211875915527
11.549164772033691 12.255393981933594
11.376790046691895 13.637198448181152
10.967446327209473 13.345688819885254
