0.0 1.1367474794387817
0.0 1.1601569652557373
0.0 3.6462109088897705
0.0 6.352993488311768
0.0 6.443005561828613
0.0 6.581173419952393
0.0 6.983119010925293
0.0 7.019083499908447
0.0 7.130519866943359
0.0 7.164274215698242
0.0 7.329399108886719
0.0 7.527768135070801
0.0 8.20328426361084
0.0 8.479203224182129
0.0 8.591424942016602
0.0 8.646767616271973
0.0 8.740074157714844
0.0 9.49787425994873
0.0 inf
10.665384292602539 11.189054489135742
10.064048767089844 11.639312744140625
9.743402481079102 13.152626991271973
9.58470344543457 10.52051830291748
8.612847328186035 8.646677017211914
8.603202819824219 9.760038375854492
