0.0 1.0626670122146606
0.0 4.335777759552002
0.0 4.631841659545898
0.0 4.746310710906982
0.0 5.942557334899902
0.0 6.317394256591797
0.0 6.422572612762451
0.0 6.520402431488037
0.0 7.3573760986328125
0.0 7.406559467315674
0.0 7.553215503692627
0.0 8.38125228881836
0.0 8.4009428024292
0.0 8.432212829589844
0.0 8.499431610107422
0.0 8.531294822692871
0.0 8.894667625427246
0.0 inf
10.60542106628418 12.182064056396484
10.358272552490234 11.71544361114502
9.245847702026367 12.650276184082031
8.749228477478027 10.02219009399414
8.5891695022583 10.216716766357422
8.344158172607422 9.98158073425293
