0.0 1.153815746307373
0.0 4.034019470214844
0.0 6.082664966583252
0.0 6.4385223388671875
0.0 6.652583122253418
0.0 7.3939032554626465
0.0 7.416551113128662
0.0 7.537935256958008
0.0 7.611653804779053
0.0 7.7447710037231445
0.0 8.2653169631958
0.0 8.604732513427734
0.0 8.929949760437012
0.0 8.99519157409668
0.0 9.012479782104492
0.0 9.352450370788574
0.0 9.678214073181152
0.0 inf
11.535478591918945 11.859889030456543
10.912532806396484 10.945027351379395
9.729656219482422 10.78449821472168
9.72370433807373 13.82448959350586
9.324941635131836 11.096463203430176
