0.0 1.1630043983459473
0.0 1.18408203125
0.0 1.2329272031784058
0.0 4.757843017578125
0.0 5.382358551025391
0.0 6.449570655822754
0.0 7.064993381500244
0.0 7.299457550048828
0.0 7.311298847198486
0.0 7.506587028503418
0.0 7.5259857177734375
0.0 7.754725933074951
0.0 7.805106163024902
0.0 7.9585347175598145
0.0 8.615510940551758
0.0 8.655277252197266
0.0 8.666176795959473
0.0 8.697121620178223
0.0 8.866459846496582
0.0 inf
10.456151008605957 10.731083869934082
10.401832580566406 11.422253608703613
10.152727127075195 11.669102668762207
9.590202331542969 9.8682279586792
9.512528419494629 13.284025192260742
8.932581901550293 9.022801399230957
8.630956649780273 8.685324668884277
8.604016304016113 9.909137725830078
