0.0 4.199038028717041
0.0 4.674657821655273
0.0 5.295737266540527
0.0 6.216994762420654
0.0 6.453790664672852
0.0 6.472461223602295
0.0 6.923065662384033
0.0 7.149280071258545
0.0 7.203476905822754
0.0 7.211554527282715
0.0 7.434223651885986
0.0 7.581611156463623
0.0 8.451152801513672
0.0 8.94334602355957
0.0 10.331700325012207
0.0 10.623961448669434
0.0 10.860013961791992
0.0 12.194735527038574
0.0 13.71169376373291
0.0 inf
18.65424346923828 19.872163772583008
14.645041465759277 21.370512008666992
12.738466262817383 13.452608108520508
10.951827049255371 12.11398696899414
