0.0 3.8282957077026367
0.0 4.199576377868652
0.0 4.2009406089782715
0.0 6.967557430267334
0.0 7.312353610992432
0.0 7.392691135406494
0.0 7.4599761962890625
0.0 7.560347080230713
0.0 7.786800861358643
0.0 8.398905754089355
0.0 8.452421188354492
0.0 8.49820327758789
0.0 8.541303634643555
0.0 9.15313720703125
0.0 10.543267250061035
0.0 10.603229522705078
0.0 10.61089038848877
0.0 10.918853759765625
0.0 13.109410285949707
0.0 inf
13.649721145629883 19.816211700439453
11.41323471069336 12.963594436645508
10.921613693237305 12.947346687316895
