0.0 4.287091255187988
0.0 4.4321064949035645
0.0 4.897200107574463
0.0 5.213260650634766
0.0 6.396651268005371
0.0 6.827268123626709
0.0 6.928223609924316
0.0 7.0840163230896
0.0 7.5169148445129395
0.0 7.693355560302734
0.0 7.694704055786133
0.0 8.031978607177734
0.0 8.377474784851074
0.0 8.506943702697754
0.0 8.62493896484375
0.0 8.86937427520752
0.0 10.21087646484375
0.0 10.230937004089355
0.0 10.77171802520752
0.0 inf
11.12918758392334 13.684026718139648
10.907744407653809 12.735469818115234
10.47690486907959 12.563058853149414
9.748815536499023 9.968720436096191
9.61463737487793 11.149016380310059
