0.0 1.2819167375564575
0.0 1.405014991760254
0.0 1.4414348602294922
0.0 4.008358955383301
0.0 4.191851615905762
0.0 4.365982532501221
0.0 4.612061023712158
0.0 4.6162567138671875
0.0 5.674279689788818
0.0 6.507811546325684
0.0 6.641089916229248
0.0 6.841274738311768
0.0 7.233062267303467
0.0 7.476337432861328
0.0 7.514777183532715
0.0 7.584761619567871
0.0 8.061089515686035
0.0 8.792366027832031
0.0 8.912850379943848
0.0 inf
9.3773775100708 11.768084526062012
9.108776092529297 12.276643753051758
