0.0 4.346621513366699
0.0 4.513557434082031
0.0 4.841125011444092
0.0 6.17254638671875
0.0 6.497018814086914
0.0 6.574278354644775
0.0 6.633727550506592
0.0 7.650370121002197
0.0 7.81712532043457
0.0 8.354548454284668
0.0 8.456461906433105
0.0 8.456493377685547
0.0 8.669589042663574
0.0 8.708333015441895
0.0 8.871611595153809
0.0 8.981711387634277
0.0 9.032501220703125
0.0 9.25141429901123
0.0 9.459981918334961
0.0 inf
11.849931716918945 13.19982624053955
11.577754020690918 12.69876766204834
11.018769264221191 11.292755126953125
10.559338569641113 12.679502487182617
10.455710411071777 12.606298446655273
9.261211395263672 11.400671005249023
8.989917755126953 10.217352867126465
8.655318260192871 9.382036209106445
8.47006607055664 10.049402236938477
