0.0 4.402198791503906
0.0 4.430067539215088
0.0 4.469393730163574
0.0 5.876368999481201
0.0 6.310190677642822
0.0 6.409788131713867
0.0 6.795619010925293
0.0 7.015489101409912
0.0 7.734956741333008
0.0 8.208274841308594
0.0 8.477681159973145
0.0 8.507003784179688
0.0 8.590919494628906
0.0 8.848418235778809
0.0 8.872942924499512
0.0 9.006596565246582
0.0 9.358089447021484
0.0 9.508190155029297
0.0 9.996936798095703
0.0 inf
11.574583053588867 12.673073768615723
11.42910099029541 13.00062084197998
9.932286262512207 12.679943084716797
9.909878730773926 9.97049331665039
9.665048599243164 11.898372650146484
9.450071334838867 10.128670692443848
8.980610847473145 10.90414047241211
