0.0 1.3048584461212158
0.0 1.3712568283081055
0.0 2.406229019165039
0.0 3.6326346397399902
0.0 4.5223388671875
0.0 5.958779811859131
0.0 5.973357200622559
0.0 6.139064311981201
0.0 6.555228233337402
0.0 6.744714736938477
0.0 6.951420307159424
0.0 7.419123649597168
0.0 7.508930683135986
0.0 7.578907489776611
0.0 7.58877420425415
0.0 8.178895950317383
0.0 8.395387649536133
0.0 8.9279146194458
0.0 9.079192161560059
0.0 inf
10.327033996582031 11.957181930541992
9.621805191040039 11.434104919433594
9.564208030700684 12.49704647064209
9.386680603027344 11.783486366271973
8.461196899414062 8.879654884338379
8.392525672912598 8.946111679077148
