0.0 1.310001015663147
0.0 1.4192495346069336
0.0 4.32153844833374
0.0 4.4757513999938965
0.0 5.465743541717529
0.0 6.371732711791992
0.0 6.527827262878418
0.0 7.349693298339844
0.0 7.367542743682861
0.0 7.404412746429443
0.0 7.801403999328613
0.0 7.8588361740112305
0.0 8.415908813476562
0.0 8.450885772705078
0.0 8.506871223449707
0.0 8.65919017791748
0.0 8.674057960510254
0.0 8.818593978881836
0.0 inf
10.746438980102539 12.773941993713379
9.56479549407959 10.682939529418945
9.492995262145996 10.396172523498535
9.34189510345459 10.3436861038208
9.290831565856934 11.911138534545898
8.486329078674316 9.595962524414062
