0.0 1.4922376871109009
0.0 1.5177881717681885
0.0 1.6337847709655762
0.0 4.3574042320251465
0.0 4.679104804992676
0.0 5.2925496101379395
0.0 5.7931060791015625
0.0 6.135371208190918
0.0 6.9990129470825195
0.0 7.005091190338135
0.0 7.375898838043213
0.0 7.492603778839111
0.0 7.690893173217773
0.0 7.713817596435547
0.0 8.446343421936035
0.0 8.524507522583008
0.0 8.649717330932617
0.0 8.702953338623047
0.0 8.879912376403809
0.0 inf
9.763022422790527 10.401745796203613
9.689841270446777 10.857051849365234
9.587068557739258 12.603891372680664
9.457926750183105 10.435160636901855
8.97581672668457 11.499894142150879
8.47707462310791 9.488385200500488
