0.0 1.146828055381775
0.0 1.1956861019134521
0.0 3.67704176902771
0.0 6.4317216873168945
0.0 6.463960647583008
0.0 6.480485439300537
0.0 6.867397785186768
0.0 7.050715923309326
0.0 7.063523769378662
0.0 7.141132831573486
0.0 7.217083930969238
0.0 7.852071762084961
0.0 8.189637184143066
0.0 8.222467422485352
0.0 8.600761413574219
0.0 8.657060623168945
0.0 9.227709770202637
0.0 9.506587028503418
0.0 inf
10.41259479522705 11.20348834991455
10.224607467651367 12.440564155578613
9.784524917602539 12.53255558013916
9.667259216308594 9.907719612121582
9.656222343444824 9.69722843170166
9.638260841369629 9.94189167022705
