0.0 3.779797315597534
0.0 3.8868048191070557
0.0 4.826681613922119
0.0 4.99531888961792
0.0 5.211813449859619
0.0 5.67629337310791
0.0 6.21409273147583
0.0 6.57643985748291
0.0 6.635289192199707
0.0 6.784314155578613
0.0 7.0378313064575195
0.0 7.294010639190674
0.0 7.710890293121338
0.0 8.489534378051758
0.0 8.52402400970459
0.0 8.68371295928955
0.0 8.70936393737793
0.0 8.770086288452148
0.0 10.03829574584961
0.0 inf
12.903213500976562 13.348224639892578
10.824359893798828 12.26752758026123
10.75786018371582 12.864055633544922
10.069435119628906 11.127612113952637
9.51412582397461 10.217035293579102
8.833874702453613 8.87875747680664
