0.0 1.359331727027893
0.0 1.9606300592422485
0.0 2.4241673946380615
0.0 3.6392319202423096
0.0 4.537395477294922
0.0 4.885724067687988
0.0 5.673748016357422
0.0 5.95862340927124
0.0 6.090607643127441
0.0 6.562763214111328
0.0 7.175943374633789
0.0 7.425372123718262
0.0 7.564548969268799
0.0 7.901763439178467
0.0 8.104466438293457
0.0 8.163308143615723
0.0 8.394760131835938
0.0 8.528815269470215
0.0 9.02260684967041
0.0 inf
10.546874046325684 11.819548606872559
10.289502143859863 11.961397171020508
9.396254539489746 10.810171127319336
9.392241477966309 13.272028923034668
8.454947471618652 9.60739517211914
8.377076148986816 8.961090087890625
