0.0 4.301828861236572
0.0 4.383697986602783
0.0 5.959618091583252
0.0 7.372673511505127
0.0 7.439997673034668
0.0 7.593976020812988
0.0 7.605313777923584
0.0 8.0228271484375
0.0 8.228680610656738
0.0 8.559103012084961
0.0 8.823095321655273
0.0 8.838956832885742
0.0 9.676836013793945
0.0 9.939454078674316
0.0 10.486382484436035
0.0 11.026975631713867
0.0 11.078925132751465
0.0 13.93513298034668
0.0 14.22683048248291
0.0 inf
16.437992095947266 16.80152130126953
15.720946311950684 18.262962341308594
15.55582046508789 16.02855110168457
14.415019989013672 17.451210021972656
12.307323455810547 12.642243385314941
10.730015754699707 12.683387756347656
9.957627296447754 12.78134536743164
8.879733085632324 10.438300132751465
8.14305305480957 10.004476547241211
