0.0 1.2772600650787354
0.0 1.2952123880386353
0.0 1.4001039266586304
0.0 5.7944769859313965
0.0 5.961801528930664
0.0 6.139540672302246
0.0 6.339010715484619
0.0 6.421089172363281
0.0 7.08324670791626
0.0 7.509045124053955
0.0 7.951272964477539
0.0 8.210640907287598
0.0 8.370763778686523
0.0 8.618305206298828
0.0 8.891051292419434
0.0 8.900906562805176
0.0 8.930892944335938
0.0 9.49594497680664
0.0 9.566407203674316
0.0 inf
10.90964126586914 11.503445625305176
10.90618896484375 12.236117362976074
10.344244003295898 14.194734573364258
9.690567016601562 10.144728660583496
9.462833404541016 10.267908096313477
