0.0 1.0600124597549438
0.0 1.0750066041946411
0.0 1.1010141372680664
0.0 4.626012802124023
0.0 4.936162948608398
0.0 5.359587669372559
0.0 5.380937099456787
0.0 5.691313743591309
0.0 5.904157638549805
0.0 6.0095648765563965
0.0 6.10184383392334
0.0 6.288290500640869
0.0 7.33023738861084
0.0 8.182076454162598
0.0 8.412574768066406
0.0 8.422321319580078
0.0 8.618146896362305
0.0 8.819855690002441
0.0 8.949387550354004
0.0 inf
11.062517166137695 11.363540649414062
10.598434448242188 12.602266311645508
9.527582168579102 12.660144805908203
8.500214576721191 9.028285026550293
8.462209701538086 9.294051170349121
8.438725471496582 8.442721366882324
8.355417251586914 9.070388793945312
7.3561224937438965 7.3761420249938965
