0.0 1.2930939197540283
0.0 1.4281917810440063
0.0 1.4724963903427124
0.0 3.2893736362457275
0.0 4.252390384674072
0.0 4.482287883758545
0.0 4.7058820724487305
0.0 5.553701877593994
0.0 5.602687835693359
0.0 6.2079644203186035
0.0 6.368101596832275
0.0 6.506514549255371
0.0 7.5405402183532715
0.0 7.591445446014404
0.0 7.616147041320801
0.0 8.738158226013184
0.0 8.903602600097656
0.0 9.004809379577637
0.0 9.07552433013916
0.0 inf
10.408621788024902 11.902701377868652
9.53732681274414 12.543676376342773
9.192707061767578 9.304197311401367
