0.0 1.1218372583389282
0.0 1.2179633378982544
0.0 1.2808353900909424
0.0 4.918140888214111
0.0 5.443612575531006
0.0 6.465754985809326
0.0 7.061316967010498
0.0 7.170247554779053
0.0 7.230590343475342
0.0 7.3116021156311035
0.0 7.498877048492432
0.0 7.504812240600586
0.0 7.844732284545898
0.0 7.979118824005127
0.0 8.614494323730469
0.0 8.733222007751465
0.0 8.738997459411621
0.0 8.899455070495605
0.0 9.044629096984863
0.0 inf
11.488840103149414 11.671591758728027
10.568554878234863 10.753854751586914
10.54641342163086 11.488450050354004
9.681681632995605 13.377429008483887
9.597176551818848 9.852009773254395
8.947747230529785 9.906614303588867
8.938035011291504 9.135870933532715
