0.0 1.3614507913589478
0.0 1.4769195318222046
0.0 1.5215122699737549
0.0 3.818016767501831
0.0 3.9729669094085693
0.0 4.412976264953613
0.0 4.465460777282715
0.0 4.498556613922119
0.0 6.264118671417236
0.0 6.294934272766113
0.0 6.544145584106445
0.0 6.721076488494873
0.0 7.239372730255127
0.0 7.843729496002197
0.0 8.24374771118164
0.0 8.605308532714844
0.0 8.61915397644043
0.0 8.753694534301758
0.0 9.17626953125
0.0 inf
10.40079116821289 12.694523811340332
9.452946662902832 10.799488067626953
9.428606986999512 13.675837516784668
