0.0 4.34597635269165
0.0 4.555410385131836
0.0 4.754230976104736
0.0 5.602363109588623
0.0 6.037405014038086
0.0 6.5693583488464355
0.0 7.023632526397705
0.0 7.77632999420166
0.0 8.345468521118164
0.0 8.391833305358887
0.0 8.475584030151367
0.0 8.559317588806152
0.0 8.695211410522461
0.0 8.914688110351562
0.0 9.00417709350586
0.0 9.288267135620117
0.0 9.425487518310547
0.0 9.436088562011719
0.0 9.492409706115723
0.0 inf
11.578423500061035 12.028402328491211
11.400833129882812 13.031988143920898
10.967939376831055 11.9027738571167
9.935409545898438 11.913345336914062
9.570594787597656 11.909834861755371
9.171252250671387 12.085942268371582
9.028576850891113 10.253546714782715
8.718257904052734 9.479015350341797
