0.0 4.204936981201172
0.0 4.351968765258789
0.0 5.368639945983887
0.0 6.330106258392334
0.0 6.673263072967529
0.0 6.95004415512085
0.0 7.302908420562744
0.0 7.474384307861328
0.0 7.650419235229492
0.0 8.32039737701416
0.0 8.598969459533691
0.0 8.972992897033691
0.0 9.02496337890625
0.0 9.25387954711914
0.0 9.505549430847168
0.0 9.75437068939209
0.0 10.727386474609375
0.0 10.834860801696777
0.0 11.019624710083008
0.0 inf
11.600318908691406 16.799663543701172
11.558981895446777 12.65294075012207
10.89163589477539 13.374004364013672
