0.0 1.089548110961914
0.0 1.111295461654663
0.0 1.1658704280853271
0.0 4.5290446281433105
0.0 5.410892009735107
0.0 5.517409324645996
0.0 5.685122966766357
0.0 5.750207424163818
0.0 6.632758617401123
0.0 6.874507904052734
0.0 7.203709602355957
0.0 7.398164749145508
0.0 7.6176347732543945
0.0 7.993311882019043
0.0 8.062092781066895
0.0 8.384682655334473
0.0 8.412071228027344
0.0 8.580852508544922
0.0 8.660101890563965
0.0 inf
10.746591567993164 11.917980194091797
9.523661613464355 10.337390899658203
9.370221138000488 12.754590034484863
8.608999252319336 9.731099128723145
8.454609870910645 8.460831642150879
8.443265914916992 9.944477081298828
8.391160011291504 9.423477172851562
