0.0 1.139809012413025
0.0 1.1722071170806885
0.0 3.6840336322784424
0.0 6.321827411651611
0.0 6.446054458618164
0.0 6.566015243530273
0.0 6.939081192016602
0.0 7.019392490386963
0.0 7.123959541320801
0.0 7.180100917816162
0.0 7.291517734527588
0.0 7.527891159057617
0.0 8.201006889343262
0.0 8.429192543029785
0.0 8.602036476135254
0.0 8.643949508666992
0.0 8.768535614013672
0.0 9.499777793884277
0.0 inf
10.697712898254395 11.270073890686035
10.026679992675781 11.658994674682617
9.75319766998291 13.1624174118042
9.580155372619629 10.496037483215332
8.616067886352539 8.65380859375
8.60241413116455 9.74142837524414
