0.0 1.398611307144165
0.0 1.5443873405456543
0.0 4.322625160217285
0.0 4.510095119476318
0.0 5.515941619873047
0.0 6.230372905731201
0.0 6.602273464202881
0.0 7.426719665527344
0.0 7.560225486755371
0.0 7.773675918579102
0.0 7.775529384613037
0.0 8.275017738342285
0.0 8.397929191589355
0.0 8.448530197143555
0.0 8.58598804473877
0.0 8.694226264953613
0.0 8.705952644348145
0.0 9.291287422180176
0.0 inf
10.722890853881836 12.690043449401855
9.593840599060059 10.690834999084473
9.541423797607422 11.503714561462402
9.498612403869629 10.486245155334473
9.151545524597168 12.005321502685547
8.47314739227295 9.661751747131348
