0.0 1.2708523273468018
0.0 1.3915733098983765
0.0 1.458499789237976
0.0 4.253712177276611
0.0 4.392496585845947
0.0 4.476355075836182
0.0 4.592939376831055
0.0 4.62762975692749
0.0 5.620964527130127
0.0 6.211143493652344
0.0 6.449044704437256
0.0 6.507067680358887
0.0 7.537397384643555
0.0 7.559553623199463
0.0 7.5875444412231445
0.0 8.823312759399414
0.0 8.928117752075195
0.0 9.072213172912598
0.0 9.079594612121582
0.0 inf
10.445149421691895 11.81883430480957
9.538880348205566 12.547710418701172
