0.0 1.250699520111084
0.0 4.320281982421875
0.0 4.460146427154541
0.0 5.438313007354736
0.0 6.489854335784912
0.0 7.211254119873047
0.0 7.395996570587158
0.0 7.44273042678833
0.0 7.6745195388793945
0.0 7.729693412780762
0.0 8.40673542022705
0.0 8.412415504455566
0.0 8.461318016052246
0.0 8.469263076782227
0.0 8.476080894470215
0.0 8.970212936401367
0.0 8.974698066711426
0.0 inf
10.748763084411621 12.069365501403809
9.488825798034668 11.111727714538574
9.380067825317383 12.55067253112793
9.139657974243164 10.106985092163086
8.508832931518555 11.311666488647461
8.453839302062988 10.499430656433105
