0.0 2.2359654903411865
0.0 3.372715711593628
0.0 3.640089750289917
0.0 4.793978691101074
0.0 4.840775489807129
0.0 5.636995315551758
0.0 5.831562519073486
0.0 6.279152870178223
0.0 6.3850908279418945
0.0 6.541463375091553
0.0 6.6255035400390625
0.0 7.266196250915527
0.0 7.542200088500977
0.0 8.374920845031738
0.0 8.402092933654785
0.0 8.463443756103516
0.0 8.624654769897461
0.0 9.661553382873535
0.0 10.756640434265137
0.0 inf
11.820508003234863 13.22954273223877
11.2099027633667 13.603239059448242
10.949519157409668 13.614131927490234
10.394485473632812 10.748210906982422
8.516613006591797 9.539292335510254
8.507468223571777 9.27253532409668
8.429597854614258 8.888736724853516
7.474125862121582 7.552750110626221
