0.0 4.3294501304626465
0.0 5.438063621520996
0.0 6.410654067993164
0.0 7.240560054779053
0.0 7.300162315368652
0.0 7.516345977783203
0.0 7.597662448883057
0.0 7.697911262512207
0.0 8.28572940826416
0.0 8.569697380065918
0.0 8.580946922302246
0.0 8.619462966918945
0.0 8.885466575622559
0.0 9.696494102478027
0.0 9.797859191894531
0.0 10.804462432861328
0.0 11.216418266296387
0.0 12.016189575195312
0.0 13.61538314819336
0.0 inf
15.817168235778809 16.554750442504883
14.962794303894043 16.1679744720459
14.190802574157715 14.543904304504395
13.921830177307129 15.64914608001709
10.606229782104492 11.883819580078125
10.451658248901367 12.645888328552246
9.750088691711426 12.792739868164062
8.817176818847656 11.464801788330078
7.483368873596191 9.629474639892578
