0.0 5.847091197967529
0.0 5.915214538574219
0.0 6.320775985717773
0.0 6.432969570159912
0.0 6.7021284103393555
0.0 6.849286079406738
0.0 6.900715351104736
0.0 7.518402099609375
0.0 7.544939041137695
0.0 7.73852014541626
0.0 7.7889404296875
0.0 7.840210437774658
0.0 7.847841739654541
0.0 8.037225723266602
0.0 8.0555419921875
0.0 9.012165069580078
0.0 9.015865325927734
0.0 9.301735877990723
0.0 9.431732177734375
0.0 inf
12.220459938049316 12.586304664611816
9.733306884765625 10.509384155273438
9.725747108459473 12.471303939819336
9.468477249145508 10.481250762939453
8.647541046142578 10.560178756713867
8.479942321777344 11.059556007385254
