0.0 1.0619617700576782
0.0 1.071989893913269
0.0 1.1090786457061768
0.0 4.6460862159729
0.0 4.824819087982178
0.0 4.919980049133301
0.0 5.363437652587891
0.0 5.894105434417725
0.0 5.972232818603516
0.0 6.265033721923828
0.0 7.147005081176758
0.0 7.315219879150391
0.0 7.635496139526367
0.0 7.959018707275391
0.0 8.119852066040039
0.0 8.415701866149902
0.0 8.604273796081543
0.0 8.789457321166992
0.0 8.989669799804688
0.0 inf
11.081338882446289 11.433869361877441
10.596780776977539 12.622442245483398
9.510921478271484 12.666827201843262
8.46048641204834 9.282827377319336
8.35068130493164 9.069450378417969
8.299914360046387 11.26111125946045
7.341099262237549 7.362155914306641
