0.0 4.282198429107666
0.0 4.435688018798828
0.0 6.08048677444458
0.0 7.29172420501709
0.0 7.294888019561768
0.0 7.460656642913818
0.0 7.552626609802246
0.0 7.778970241546631
0.0 8.187623023986816
0.0 8.53616714477539
0.0 8.571269989013672
0.0 8.63912582397461
0.0 8.641402244567871
0.0 8.840445518493652
0.0 8.942831993103027
0.0 9.416629791259766
0.0 9.844057083129883
0.0 9.94310188293457
0.0 12.246230125427246
0.0 inf
12.045183181762695 12.32797908782959
10.797593116760254 12.77410888671875
10.488540649414062 12.060385704040527
10.280601501464844 12.321861267089844
9.196516036987305 11.35694408416748
8.926362037658691 11.363032341003418
7.566105365753174 9.548548698425293
