0.0 1.0584255456924438
0.0 1.082865834236145
0.0 1.0967978239059448
0.0 4.550291061401367
0.0 4.641129493713379
0.0 5.022629737854004
0.0 5.397082328796387
0.0 5.430768966674805
0.0 6.396457672119141
0.0 6.488946437835693
0.0 6.684933185577393
0.0 7.368417739868164
0.0 7.378641605377197
0.0 7.528216361999512
0.0 8.337320327758789
0.0 8.354999542236328
0.0 8.438528060913086
0.0 8.640101432800293
0.0 8.896479606628418
0.0 inf
10.624696731567383 12.033185005187988
10.049216270446777 10.547704696655273
9.308527946472168 12.643681526184082
8.59696102142334 9.704963684082031
8.446686744689941 8.45528507232666
8.395346641540527 9.951861381530762
8.352229118347168 9.331891059875488
7.3980488777160645 7.413720607757568
