0.0 4.3502278327941895
0.0 4.508586406707764
0.0 4.874964714050293
0.0 6.267693519592285
0.0 6.526734828948975
0.0 6.601443767547607
0.0 6.652919292449951
0.0 7.626021385192871
0.0 7.723272800445557
0.0 8.359979629516602
0.0 8.450810432434082
0.0 8.458793640136719
0.0 8.676239013671875
0.0 8.708967208862305
0.0 8.873580932617188
0.0 8.990885734558105
0.0 9.02517318725586
0.0 9.31702995300293
0.0 9.501448631286621
0.0 inf
11.961512565612793 13.211631774902344
11.583934783935547 12.703869819641113
11.07607650756836 11.257431030273438
10.558577537536621 12.682903289794922
10.504673957824707 12.616369247436523
9.178592681884766 11.356918334960938
8.979216575622559 10.24527359008789
8.690608024597168 9.381815910339355
8.48384952545166 9.938766479492188
