0.0 1.3745397329330444
0.0 1.4518259763717651
0.0 1.4599051475524902
0.0 3.86104679107666
0.0 4.855282306671143
0.0 5.216379642486572
0.0 5.452250003814697
0.0 5.724745750427246
0.0 6.437839508056641
0.0 6.822967052459717
0.0 7.3036580085754395
0.0 7.4479570388793945
0.0 7.457916259765625
0.0 7.5675272941589355
0.0 7.890942573547363
0.0 7.9042134284973145
0.0 8.231704711914062
0.0 8.760523796081543
0.0 9.352346420288086
0.0 inf
10.194238662719727 10.797703742980957
9.421192169189453 10.272544860839844
9.288653373718262 11.722380638122559
9.265556335449219 12.408774375915527
