0.0 1.2130672931671143
0.0 1.24571692943573
0.0 1.3067437410354614
0.0 5.123921871185303
0.0 6.15794038772583
0.0 6.290280818939209
0.0 6.452380180358887
0.0 6.471766471862793
0.0 7.333487510681152
0.0 7.484974384307861
0.0 7.529510498046875
0.0 7.948488712310791
0.0 8.171043395996094
0.0 8.651724815368652
0.0 8.662018775939941
0.0 8.902189254760742
0.0 8.9249849319458
0.0 8.94056224822998
0.0 9.03318977355957
0.0 inf
10.726693153381348 11.484189987182617
10.239154815673828 11.751962661743164
9.608463287353516 10.611613273620605
9.579204559326172 13.485875129699707
9.190864562988281 9.490962982177734
8.642767906188965 8.702277183532715
8.610701560974121 9.970504760742188
