0.0 5.353566646575928
0.0 5.47554349899292
0.0 6.296352386474609
0.0 6.386510372161865
0.0 6.432262897491455
0.0 6.621456146240234
0.0 6.7802886962890625
0.0 7.193607330322266
0.0 7.429762363433838
0.0 7.53196907043457
0.0 8.079601287841797
0.0 8.735310554504395
0.0 9.759214401245117
0.0 9.814435958862305
0.0 9.926322937011719
0.0 10.279533386230469
0.0 10.338191032409668
0.0 10.579421043395996
0.0 10.840312957763672
0.0 inf
14.407549858093262 15.817319869995117
12.468120574951172 12.605072975158691
11.69554328918457 12.712825775146484
11.321961402893066 17.715736389160156
10.960615158081055 12.006937980651855
