0.0 1.1520917415618896
0.0 1.157038927078247
0.0 1.207857370376587
0.0 4.763879776000977
0.0 6.163677215576172
0.0 6.224392414093018
0.0 6.423285007476807
0.0 6.430986404418945
0.0 7.048103332519531
0.0 7.105593681335449
0.0 7.523130416870117
0.0 7.854633331298828
0.0 8.024445533752441
0.0 8.2930908203125
0.0 8.57909870147705
0.0 8.603935241699219
0.0 8.621264457702637
0.0 8.637678146362305
0.0 8.747490882873535
0.0 inf
10.235589027404785 11.346694946289062
10.148087501525879 11.755003929138184
9.75440788269043 9.766092300415039
9.730600357055664 9.799803733825684
9.572920799255371 10.537395477294922
9.504414558410645 13.322270393371582
