0.0 1.272300362586975
0.0 1.4092864990234375
0.0 1.4432880878448486
0.0 4.024636745452881
0.0 4.195001125335693
0.0 4.366189479827881
0.0 4.604698657989502
0.0 4.612034320831299
0.0 5.667947292327881
0.0 6.434536933898926
0.0 6.506162643432617
0.0 7.233310699462891
0.0 7.512864112854004
0.0 7.513082504272461
0.0 7.581808567047119
0.0 7.957713603973389
0.0 8.051469802856445
0.0 8.798017501831055
0.0 8.897377014160156
0.0 inf
9.37137222290039 11.740480422973633
9.121564865112305 12.282130241394043
