0.0 3.734490394592285
0.0 3.792929172515869
0.0 4.5300750732421875
0.0 4.799030303955078
0.0 5.095404624938965
0.0 5.1943769454956055
0.0 5.544166088104248
0.0 5.638834476470947
0.0 5.723095417022705
0.0 7.339707851409912
0.0 7.49455451965332
0.0 7.677874565124512
0.0 7.719520092010498
0.0 8.500065803527832
0.0 8.521954536437988
0.0 8.722760200500488
0.0 8.746989250183105
0.0 9.820024490356445
0.0 10.41758918762207
0.0 inf
12.890386581420898 14.183475494384766
11.180398941040039 12.870604515075684
10.816058158874512 13.242440223693848
10.57692813873291 11.05530834197998
8.852200508117676 9.801977157592773
8.52334213256836 9.052336692810059
