0.0 1.134311556816101
0.0 1.1531615257263184
0.0 3.6411688327789307
0.0 6.373319625854492
0.0 6.4481916427612305
0.0 6.616793155670166
0.0 6.9981842041015625
0.0 7.039900302886963
0.0 7.317503929138184
0.0 7.394006252288818
0.0 7.535614967346191
0.0 7.712657928466797
0.0 8.319884300231934
0.0 8.52623176574707
0.0 8.58161735534668
0.0 8.651030540466309
0.0 8.763320922851562
0.0 9.50028133392334
0.0 inf
10.65406322479248 11.205062866210938
10.301255226135254 11.015131950378418
10.10173511505127 11.63902473449707
9.760784149169922 13.17708969116211
9.588804244995117 10.54152774810791
8.624595642089844 8.658656120300293
8.616584777832031 9.776662826538086
