0.0 3.633664608001709
0.0 3.6764605045318604
0.0 3.8859236240386963
0.0 4.1060872077941895
0.0 4.448944091796875
0.0 6.902228355407715
0.0 7.681380271911621
0.0 8.212516784667969
0.0 8.513415336608887
0.0 8.667320251464844
0.0 8.703524589538574
0.0 9.173460006713867
0.0 9.538593292236328
0.0 9.60113525390625
0.0 9.69217586517334
0.0 9.706780433654785
0.0 10.59233570098877
0.0 12.748417854309082
0.0 14.406128883361816
0.0 inf
17.976808547973633 19.256576538085938
17.65223503112793 19.26026725769043
16.90404510498047 17.19845962524414
15.943867683410645 20.146154403686523
10.101987838745117 12.215726852416992
9.722021102905273 10.188394546508789
9.374393463134766 10.90105152130127
8.519307136535645 9.497635841369629
