0.0 4.541350364685059
0.0 4.555595874786377
0.0 5.277233123779297
0.0 5.840166091918945
0.0 6.165020942687988
0.0 6.241767883300781
0.0 6.5865302085876465
0.0 7.095290184020996
0.0 7.879234313964844
0.0 8.363739013671875
0.0 8.617432594299316
0.0 8.911578178405762
0.0 8.945767402648926
0.0 9.007946014404297
0.0 9.018024444580078
0.0 9.021995544433594
0.0 9.207664489746094
0.0 9.353652000427246
0.0 9.637889862060547
0.0 inf
11.750138282775879 11.932751655578613
11.738166809082031 13.505995750427246
11.035533905029297 11.369629859924316
10.903194427490234 12.579054832458496
9.997427940368652 11.12618637084961
9.788935661315918 10.695359230041504
9.444893836975098 12.432811737060547
9.025066375732422 11.773408889770508
8.675535202026367 9.09404182434082
8.568733215332031 10.083447456359863
