0.0 1.0579159259796143
0.0 1.0834431648254395
0.0 1.098691701889038
0.0 4.54722261428833
0.0 5.397869110107422
0.0 5.59154748916626
0.0 5.642522811889648
0.0 6.329555034637451
0.0 6.534375190734863
0.0 6.604657173156738
0.0 6.692471027374268
0.0 7.271836280822754
0.0 7.321378231048584
0.0 7.365689754486084
0.0 8.186233520507812
0.0 8.413119316101074
0.0 8.428231239318848
0.0 8.603331565856934
0.0 9.128494262695312
0.0 inf
10.67331600189209 11.919543266296387
9.711137771606445 10.404440879821777
9.396897315979004 12.646204948425293
8.492629051208496 9.815064430236816
8.44210433959961 8.453495979309082
8.433639526367188 9.803462028503418
8.376738548278809 9.358253479003906
7.396331787109375 7.414188385009766
