0.0 3.6431827545166016
0.0 4.294984340667725
0.0 4.927333831787109
0.0 5.406436443328857
0.0 5.873818397521973
0.0 6.802250385284424
0.0 7.690987586975098
0.0 8.21154499053955
0.0 8.505650520324707
0.0 8.534793853759766
0.0 8.535290718078613
0.0 8.690340995788574
0.0 9.21497631072998
0.0 9.666163444519043
0.0 9.69830322265625
0.0 10.212347030639648
0.0 10.33834457397461
0.0 11.312078475952148
0.0 13.750389099121094
0.0 inf
16.88444709777832 17.190216064453125
16.212890625 17.720458984375
15.952418327331543 19.175643920898438
10.128158569335938 12.116275787353516
9.793283462524414 10.096571922302246
9.216354370117188 10.83436107635498
8.66777229309082 9.634639739990234
