0.0 3.499821186065674
0.0 3.8162763118743896
0.0 4.407161235809326
0.0 5.6364827156066895
0.0 5.889023780822754
0.0 6.450554370880127
0.0 6.703428268432617
0.0 6.81216287612915
0.0 6.945685386657715
0.0 7.34699821472168
0.0 7.53173303604126
0.0 7.789507865905762
0.0 8.123969078063965
0.0 9.579339027404785
0.0 9.648335456848145
0.0 9.653646469116211
0.0 9.667312622070312
0.0 9.97840404510498
0.0 10.509909629821777
0.0 inf
10.868880271911621 11.368023872375488
10.802536964416504 10.822114944458008
10.754429817199707 12.704203605651855
10.581399917602539 12.76044750213623
10.535697937011719 11.396550178527832
