0.0 4.384997844696045
0.0 4.428408622741699
0.0 7.2035346031188965
0.0 7.307605266571045
0.0 8.040087699890137
0.0 8.5348539352417
0.0 8.556567192077637
0.0 8.618932723999023
0.0 8.927854537963867
0.0 9.054289817810059
0.0 9.600508689880371
0.0 9.65103816986084
0.0 9.760977745056152
0.0 10.162134170532227
0.0 10.289888381958008
0.0 12.390034675598145
0.0 13.828713417053223
0.0 14.105277061462402
0.0 14.284073829650879
0.0 inf
17.161197662353516 18.051210403442383
15.147489547729492 15.541297912597656
14.943842887878418 18.494354248046875
14.306788444519043 15.32852554321289
10.400784492492676 12.80297565460205
9.778706550598145 13.303983688354492
8.93411922454834 11.237232208251953
8.93348503112793 10.060952186584473
