0.0 1.1476279497146606
0.0 1.1700230836868286
0.0 1.1844478845596313
0.0 3.4032299518585205
0.0 4.5166425704956055
0.0 5.030315399169922
0.0 5.064169883728027
0.0 5.312588691711426
0.0 6.763024806976318
0.0 6.841796398162842
0.0 7.110105514526367
0.0 7.595309257507324
0.0 7.608838081359863
0.0 7.704195022583008
0.0 7.7738356590271
0.0 7.830541133880615
0.0 7.847787857055664
0.0 8.38404369354248
0.0 8.721759796142578
0.0 inf
9.805377006530762 10.625279426574707
9.488574981689453 12.187528610229492
9.427440643310547 12.779914855957031
8.374085426330566 10.01659870147705
