0.0 3.348182439804077
0.0 3.824258327484131
0.0 6.599313259124756
0.0 6.626200199127197
0.0 7.367604732513428
0.0 7.798600196838379
0.0 8.183128356933594
0.0 8.293600082397461
0.0 8.509086608886719
0.0 8.521883964538574
0.0 8.591282844543457
0.0 9.231496810913086
0.0 9.397270202636719
0.0 9.826459884643555
0.0 10.139223098754883
0.0 10.492167472839355
0.0 12.514057159423828
0.0 12.723258018493652
0.0 15.17803955078125
0.0 inf
16.876047134399414 17.125795364379883
15.90676212310791 17.084848403930664
15.413262367248535 15.452718734741211
15.256463050842285 18.315841674804688
10.567815780639648 11.806584358215332
9.981406211853027 12.842121124267578
9.733237266540527 11.064375877380371
9.592717170715332 11.443803787231445
