0.0 2.6277048587799072
0.0 3.713279962539673
0.0 4.5708513259887695
0.0 4.805797100067139
0.0 5.025567531585693
0.0 5.093736171722412
0.0 5.523185729980469
0.0 5.675317287445068
0.0 5.815995693206787
0.0 7.350481986999512
0.0 7.495813369750977
0.0 7.593995094299316
0.0 7.658674240112305
0.0 7.682628631591797
0.0 8.474331855773926
0.0 8.49449348449707
0.0 8.647003173828125
0.0 9.78052043914795
0.0 10.393847465515137
0.0 inf
12.78618335723877 14.36327838897705
11.430274963378906 12.838335990905762
11.120524406433105 13.582405090332031
10.656662940979004 11.037430763244629
8.528070449829102 9.808661460876465
8.517441749572754 9.86633014678955
