0.0 1.0687495470046997
0.0 1.0698010921478271
0.0 1.0883055925369263
0.0 4.661180019378662
0.0 4.759952068328857
0.0 5.066685199737549
0.0 5.363986968994141
0.0 5.887253761291504
0.0 6.254212379455566
0.0 6.36104679107666
0.0 7.359796047210693
0.0 7.361751556396484
0.0 7.672704696655273
0.0 8.104072570800781
0.0 8.379402160644531
0.0 8.422767639160156
0.0 8.44260025024414
0.0 8.87342357635498
0.0 8.874223709106445
0.0 inf
10.469013214111328 11.51976490020752
9.642717361450195 11.179598808288574
9.00706672668457 10.14811897277832
8.965777397155762 13.676573753356934
8.599749565124512 10.181246757507324
8.435650825500488 8.447479248046875
8.39237117767334 9.095918655395508
