0.0 1.4760076999664307
0.0 1.4810365438461304
0.0 1.6125566959381104
0.0 4.283126354217529
0.0 4.608029842376709
0.0 5.35143518447876
0.0 5.76004695892334
0.0 6.499037742614746
0.0 7.4388427734375
0.0 7.5778985023498535
0.0 7.654183864593506
0.0 7.7137017250061035
0.0 7.859705924987793
0.0 7.950595855712891
0.0 8.432596206665039
0.0 8.464295387268066
0.0 8.532291412353516
0.0 8.735336303710938
0.0 9.459388732910156
0.0 inf
9.808419227600098 11.341257095336914
9.602797508239746 12.622628211975098
9.54478931427002 10.6553955078125
9.452459335327148 11.349966049194336
9.017029762268066 11.287132263183594
8.469592094421387 9.614409446716309
