0.0 4.329460620880127
0.0 4.540182590484619
0.0 4.610422134399414
0.0 6.13620662689209
0.0 6.378322124481201
0.0 6.423459053039551
0.0 6.852746963500977
0.0 7.019505023956299
0.0 7.642050743103027
0.0 8.364442825317383
0.0 8.467758178710938
0.0 8.634401321411133
0.0 8.663528442382812
0.0 8.772832870483398
0.0 8.932207107543945
0.0 9.019052505493164
0.0 9.210886001586914
0.0 9.500629425048828
0.0 9.946221351623535
0.0 inf
11.58049488067627 12.675540924072266
11.411559104919434 12.86171817779541
9.94375991821289 10.371878623962402
9.930224418640137 12.435734748840332
9.735941886901855 11.905633926391602
9.396103858947754 10.352620124816895
9.038891792297363 11.115213394165039
8.390975952148438 8.492568016052246
