0.0 1.0733424425125122
0.0 1.0791666507720947
0.0 2.2570436000823975
0.0 4.118184566497803
0.0 4.69036340713501
0.0 5.067473888397217
0.0 5.3657450675964355
0.0 5.62347936630249
0.0 5.739974021911621
0.0 6.019556999206543
0.0 6.951800346374512
0.0 7.110018253326416
0.0 7.52874755859375
0.0 8.307638168334961
0.0 8.376365661621094
0.0 8.382930755615234
0.0 8.423836708068848
0.0 8.782052993774414
0.0 10.506591796875
0.0 inf
11.570545196533203 13.209779739379883
10.837343215942383 13.335122108459473
10.814887046813965 12.541629791259766
9.54835319519043 10.198148727416992
9.52595043182373 11.21435832977295
8.407143592834473 9.82019329071045
8.39589786529541 8.507691383361816
