0.0 1.394123911857605
0.0 1.4634947776794434
0.0 1.5456465482711792
0.0 4.6698222160339355
0.0 5.268982887268066
0.0 5.35469913482666
0.0 5.814755916595459
0.0 6.035151958465576
0.0 6.143054008483887
0.0 7.01632833480835
0.0 7.0774335861206055
0.0 7.0921125411987305
0.0 7.50164794921875
0.0 7.6070942878723145
0.0 8.177882194519043
0.0 8.437248229980469
0.0 8.719983100891113
0.0 8.842555046081543
0.0 9.128884315490723
0.0 inf
10.575279235839844 10.747267723083496
9.559101104736328 12.629011154174805
9.498379707336426 11.972095489501953
8.948934555053711 11.292340278625488
8.750911712646484 10.422240257263184
8.51883316040039 9.175825119018555
