0.0 1.2249773740768433
0.0 1.3381929397583008
0.0 2.5494234561920166
0.0 4.729690074920654
0.0 4.9644951820373535
0.0 5.268553256988525
0.0 6.15326452255249
0.0 6.263289928436279
0.0 6.309543609619141
0.0 6.4958577156066895
0.0 6.957968711853027
0.0 7.098814964294434
0.0 7.2895917892456055
0.0 7.576814651489258
0.0 7.59263277053833
0.0 7.680005073547363
0.0 7.871269702911377
0.0 8.51956558227539
0.0 8.838010787963867
0.0 inf
9.478145599365234 12.111321449279785
9.371535301208496 12.638524055480957
8.901260375976562 11.021214485168457
8.719451904296875 9.658978462219238
