0.0 3.4374656677246094
0.0 3.8147075176239014
0.0 4.5521955490112305
0.0 5.273234844207764
0.0 5.529388904571533
0.0 7.640191078186035
0.0 7.677111625671387
0.0 8.253318786621094
0.0 8.470396041870117
0.0 8.544404029846191
0.0 8.545577049255371
0.0 8.745650291442871
0.0 9.041913986206055
0.0 9.570204734802246
0.0 10.150525093078613
0.0 10.423179626464844
0.0 11.111152648925781
0.0 12.900667190551758
0.0 14.047446250915527
0.0 inf
17.923580169677734 18.010751724243164
17.021953582763672 18.043092727661133
16.17868423461914 16.353282928466797
15.451837539672852 19.195388793945312
10.01854419708252 12.054886817932129
9.717574119567871 11.508441925048828
9.681626319885254 10.772539138793945
9.578255653381348 10.061256408691406
