0.0 4.5172295570373535
0.0 5.526414394378662
0.0 5.814675331115723
0.0 6.184347629547119
0.0 6.301919937133789
0.0 6.673294544219971
0.0 6.984922409057617
0.0 7.121304035186768
0.0 7.504568576812744
0.0 7.633680820465088
0.0 8.482990264892578
0.0 8.70848560333252
0.0 8.814616203308105
0.0 8.914407730102539
0.0 9.104778289794922
0.0 9.205167770385742
0.0 9.397195816040039
0.0 9.899733543395996
0.0 10.152101516723633
0.0 inf
11.981510162353516 13.158676147460938
10.640907287597656 12.700556755065918
10.130404472351074 11.298935890197754
10.080345153808594 10.824766159057617
10.04033088684082 11.978222846984863
9.935358047485352 12.222213745117188
9.619989395141602 11.304024696350098
8.348714828491211 10.23066234588623
