0.0 1.1315590143203735
0.0 1.1475491523742676
0.0 1.186673879623413
0.0 4.69758415222168
0.0 6.200857162475586
0.0 6.379124641418457
0.0 6.436160564422607
0.0 6.880006313323975
0.0 7.114914894104004
0.0 7.200645923614502
0.0 7.28101921081543
0.0 7.430130481719971
0.0 7.514079570770264
0.0 7.714277267456055
0.0 8.163694381713867
0.0 8.528984069824219
0.0 8.61534595489502
0.0 8.64343547821045
0.0 9.49185562133789
0.0 inf
10.567237854003906 11.196234703063965
10.023918151855469 11.6969575881958
9.808362007141113 13.445816993713379
9.580131530761719 9.743406295776367
8.627622604370117 8.674650192260742
8.611013412475586 9.726048469543457
