0.0 3.4845566749572754
0.0 3.638089179992676
0.0 3.8586461544036865
0.0 3.877272844314575
0.0 4.259701728820801
0.0 7.145236492156982
0.0 7.648038387298584
0.0 8.224493980407715
0.0 8.509197235107422
0.0 8.677708625793457
0.0 9.021389961242676
0.0 9.206323623657227
0.0 9.56904125213623
0.0 9.630983352661133
0.0 9.71263599395752
0.0 9.7711763381958
0.0 10.941313743591309
0.0 12.80273151397705
0.0 14.205340385437012
0.0 inf
18.438819885253906 19.57491683959961
17.955589294433594 19.64323616027832
15.65388011932373 20.037500381469727
10.052801132202148 12.421274185180664
9.630593299865723 10.280287742614746
9.566072463989258 11.108902931213379
8.511852264404297 9.339686393737793
