0.0 4.345493793487549
0.0 4.760968208312988
0.0 5.589684963226318
0.0 6.058575630187988
0.0 6.441643238067627
0.0 6.601957321166992
0.0 6.651022434234619
0.0 7.477555751800537
0.0 7.705261707305908
0.0 7.851413726806641
0.0 8.346721649169922
0.0 8.580976486206055
0.0 8.709178924560547
0.0 8.883649826049805
0.0 8.989739418029785
0.0 9.341018676757812
0.0 9.426671981811523
0.0 9.432486534118652
0.0 9.497350692749023
0.0 inf
12.488020896911621 13.117157936096191
11.588541984558105 12.036109924316406
10.99618148803711 11.901930809020996
10.611334800720215 12.677767753601074
9.76318073272705 11.915884017944336
9.256165504455566 11.394691467285156
9.005409240722656 10.18730640411377
8.64224624633789 9.37419605255127
8.469654083251953 10.090249061584473
