0.0 1.158026099205017
0.0 3.8840439319610596
0.0 6.112358570098877
0.0 6.373069763183594
0.0 6.70837926864624
0.0 6.962704658508301
0.0 7.2249274253845215
0.0 7.267136096954346
0.0 7.487212657928467
0.0 7.520290374755859
0.0 8.629335403442383
0.0 8.63085651397705
0.0 8.667315483093262
0.0 8.81282901763916
0.0 8.92938232421875
0.0 9.05280590057373
0.0 9.179941177368164
0.0 inf
11.495461463928223 12.570592880249023
10.688271522521973 10.888838768005371
9.68536376953125 10.693110466003418
9.68012809753418 13.518195152282715
8.956880569458008 10.864767074584961
