0.0 1.1954591274261475
0.0 1.266413688659668
0.0 5.900770664215088
0.0 6.091270923614502
0.0 6.202374458312988
0.0 6.398399353027344
0.0 6.584838390350342
0.0 7.089898586273193
0.0 7.548689842224121
0.0 7.616959095001221
0.0 7.639401912689209
0.0 8.234237670898438
0.0 8.383230209350586
0.0 8.534050941467285
0.0 8.579092025756836
0.0 8.623709678649902
0.0 9.098984718322754
0.0 9.501503944396973
0.0 inf
11.043495178222656 11.839263916015625
10.400541305541992 14.031660079956055
9.943023681640625 11.584037780761719
9.752376556396484 9.774937629699707
9.723160743713379 9.956928253173828
9.50316047668457 10.839189529418945
