0.0 1.2575969696044922
0.0 1.3181025981903076
0.0 1.3918668031692505
0.0 4.370349407196045
0.0 4.418581485748291
0.0 4.429121494293213
0.0 5.446761131286621
0.0 5.557145595550537
0.0 5.777498245239258
0.0 5.882367134094238
0.0 5.904074192047119
0.0 6.318332672119141
0.0 6.322786808013916
0.0 6.3261003494262695
0.0 6.377335071563721
0.0 6.393379211425781
0.0 6.4378557205200195
0.0 6.483656406402588
0.0 6.554632663726807
0.0 6.559002876281738
0.0 6.646723747253418
0.0 6.731062889099121
0.0 6.7573394775390625
0.0 6.918586254119873
0.0 6.946016311645508
0.0 7.0497331619262695
0.0 7.341141223907471
0.0 7.499751567840576
0.0 7.5131025314331055
0.0 7.556001663208008
0.0 7.9477152824401855
0.0 7.98890495300293
0.0 8.014473915100098
0.0 8.02586841583252
0.0 8.258907318115234
0.0 8.37425422668457
0.0 8.46395492553711
0.0 8.466272354125977
0.0 8.58738899230957
0.0 8.682732582092285
0.0 8.807619094848633
0.0 8.827713012695312
0.0 8.873778343200684
0.0 9.010039329528809
0.0 9.012535095214844
0.0 9.235138893127441
0.0 9.324590682983398
0.0 9.390108108520508
0.0 9.528396606445312
0.0 9.557065963745117
0.0 9.763323783874512
0.0 9.770055770874023
0.0 9.777695655822754
0.0 10.110873222351074
0.0 10.496040344238281
0.0 10.841312408447266
0.0 10.919842720031738
0.0 11.372257232666016
0.0 12.036809921264648
0.0 12.531118392944336
0.0 12.641887664794922
0.0 12.900933265686035
0.0 13.274205207824707
0.0 14.619084358215332
0.0 14.62572956085205
0.0 16.320674896240234
0.0 16.736351013183594
0.0 16.86358070373535
0.0 17.371440887451172
0.0 17.6414794921875
0.0 17.818843841552734
0.0 19.361669540405273
0.0 21.11490821838379
0.0 23.929563522338867
0.0 24.391672134399414
0.0 26.756427764892578
0.0 27.600196838378906
0.0 28.407276153564453
0.0 28.733243942260742
0.0 29.009233474731445
0.0 30.328344345092773
0.0 31.019601821899414
0.0 inf
39.54492950439453 61.365535736083984
38.130062103271484 38.567848205566406
37.12973403930664 41.08666229248047
35.02008056640625 59.098636627197266
31.469568252563477 36.480926513671875
19.985044479370117 24.64747428894043
18.680204391479492 22.31461524963379
18.0368595123291 21.107921600341797
14.772686004638672 15.545145988464355
13.400115966796875 15.91340160369873
12.4370698928833 13.659218788146973
11.74081802368164 12.003678321838379
11.40699291229248 12.589925765991211
11.174120903015137 11.611506462097168
10.56405258178711 11.776474952697754
10.274969100952148 12.347354888916016
10.05058479309082 11.263288497924805
9.829365730285645 12.029072761535645
9.576704025268555 12.873198509216309
9.372626304626465 10.73912525177002
8.902060508728027 8.955300331115723
8.792600631713867 9.179047584533691
8.486251831054688 8.883524894714355
8.41577434539795 9.244514465332031
8.339207649230957 9.25182819366455
