0.0 1.2546671628952026
0.0 1.306191325187683
0.0 1.3747535943984985
0.0 4.411416530609131
0.0 4.411609649658203
0.0 4.566755771636963
0.0 5.494607925415039
0.0 5.564472198486328
0.0 5.79991340637207
0.0 5.8364338874816895
0.0 5.918768882751465
0.0 6.313838005065918
0.0 6.322697162628174
0.0 6.326167106628418
0.0 6.387733459472656
0.0 6.4069719314575195
0.0 6.437809944152832
0.0 6.499026298522949
0.0 6.528562068939209
0.0 6.549620151519775
0.0 6.646982669830322
0.0 6.722078800201416
0.0 6.830268383026123
0.0 6.9163641929626465
0.0 6.922705173492432
0.0 7.04782247543335
0.0 7.327007293701172
0.0 7.406835556030273
0.0 7.510527610778809
0.0 7.52850866317749
0.0 7.940798759460449
0.0 7.986363410949707
0.0 7.991910457611084
0.0 8.028571128845215
0.0 8.30229377746582
0.0 8.364252090454102
0.0 8.4462890625
0.0 8.466717720031738
0.0 8.595344543457031
0.0 8.596673965454102
0.0 8.680166244506836
0.0 8.820781707763672
0.0 8.879072189331055
0.0 9.036637306213379
0.0 9.044647216796875
0.0 9.228751182556152
0.0 9.303156852722168
0.0 9.53136157989502
0.0 9.551080703735352
0.0 9.5562162399292
0.0 9.77861499786377
0.0 9.786826133728027
0.0 9.89893913269043
0.0 10.119258880615234
0.0 10.46474552154541
0.0 10.835041999816895
0.0 10.838358879089355
0.0 11.343770027160645
0.0 11.929912567138672
0.0 12.588582992553711
0.0 12.64358139038086
0.0 12.999126434326172
0.0 13.302384376525879
0.0 14.506404876708984
0.0 14.78593635559082
0.0 16.597158432006836
0.0 17.265714645385742
0.0 17.78925132751465
0.0 17.825576782226562
0.0 19.377756118774414
0.0 21.909208297729492
0.0 23.130657196044922
0.0 24.150821685791016
0.0 24.35091209411621
0.0 25.135868072509766
0.0 25.68753433227539
0.0 26.944440841674805
0.0 28.547014236450195
0.0 29.43177032470703
0.0 29.781476974487305
0.0 30.570341110229492
0.0 31.277570724487305
0.0 inf
38.448638916015625 58.486663818359375
34.810279846191406 56.446067810058594
30.979829788208008 33.45977783203125
20.153114318847656 24.6339168548584
18.706501007080078 22.38796615600586
18.073707580566406 21.10792350769043
14.808769226074219 15.558004379272461
13.31143856048584 15.85641860961914
12.427750587463379 13.666008949279785
11.74410343170166 12.003727912902832
11.519865036010742 11.53099250793457
11.412732124328613 12.579940795898438
11.214269638061523 11.624485969543457
10.572039604187012 11.826595306396484
10.226631164550781 11.466753005981445
9.884730339050293 11.27048397064209
9.8548002243042 12.027042388916016
9.388726234436035 12.878656387329102
9.361958503723145 10.734813690185547
8.904647827148438 8.964588165283203
8.773613929748535 9.174741744995117
8.47916030883789 8.877338409423828
8.413516998291016 9.280932426452637
8.332880973815918 9.28266429901123
