0.0 4.218433856964111
0.0 4.302836894989014
0.0 4.444099426269531
0.0 4.511763095855713
0.0 4.652866840362549
0.0 5.425140380859375
0.0 5.552168846130371
0.0 5.63491153717041
0.0 5.952477931976318
0.0 6.168471336364746
0.0 6.2510294914245605
0.0 6.299862384796143
0.0 6.482792854309082
0.0 6.499435901641846
0.0 6.65038537979126
0.0 7.04269552230835
0.0 7.106445789337158
0.0 7.153415203094482
0.0 7.215609550476074
0.0 7.335907459259033
0.0 7.38644552230835
0.0 7.425299644470215
0.0 7.482785224914551
0.0 7.492269039154053
0.0 7.585025787353516
0.0 7.63857364654541
0.0 7.798840522766113
0.0 7.8957295417785645
0.0 8.018409729003906
0.0 8.362266540527344
0.0 8.485997200012207
0.0 8.542013168334961
0.0 8.554795265197754
0.0 8.55573558807373
0.0 8.596903800964355
0.0 8.818232536315918
0.0 8.868379592895508
0.0 9.1892671585083
0.0 9.254611015319824
0.0 9.294503211975098
0.0 9.397645950317383
0.0 9.455513000488281
0.0 9.531229019165039
0.0 9.550692558288574
0.0 9.552291870117188
0.0 9.631242752075195
0.0 9.759103775024414
0.0 9.819540977478027
0.0 10.242826461791992
0.0 10.247367858886719
0.0 10.307199478149414
0.0 10.97394847869873
0.0 11.133515357971191
0.0 11.202996253967285
0.0 11.724804878234863
0.0 11.731598854064941
0.0 11.974767684936523
0.0 12.312878608703613
0.0 12.413558006286621
0.0 13.00191593170166
0.0 14.104615211486816
0.0 14.30420207977295
0.0 14.594276428222656
0.0 15.480267524719238
0.0 16.310327529907227
0.0 16.713542938232422
0.0 17.272438049316406
0.0 17.45973014831543
0.0 17.681921005249023
0.0 18.450597763061523
0.0 19.72780418395996
0.0 20.287628173828125
0.0 21.562278747558594
0.0 23.876941680908203
0.0 25.103668212890625
0.0 26.074947357177734
0.0 27.518308639526367
0.0 27.682292938232422
0.0 27.811351776123047
0.0 32.554203033447266
0.0 34.52830123901367
0.0 inf
37.725154876708984 64.14578247070312
35.97675323486328 36.443336486816406
32.95839309692383 64.00818634033203
19.475173950195312 21.223461151123047
18.39490509033203 24.825124740600586
17.563926696777344 22.2961483001709
13.530925750732422 14.334927558898926
12.572368621826172 12.846992492675781
12.340052604675293 14.969945907592773
12.102904319763184 12.2175874710083
11.62352180480957 11.798351287841797
11.436117172241211 12.433992385864258
11.185646057128906 13.950870513916016
10.534497261047363 13.163801193237305
10.486808776855469 13.347005844116211
10.397210121154785 11.859147071838379
9.96330738067627 10.163178443908691
9.76954174041748 9.98292350769043
9.61916446685791 10.724884033203125
9.529989242553711 10.437353134155273
8.305774688720703 9.552590370178223
8.261406898498535 9.640483856201172
8.116257667541504 9.050012588500977
7.983336448669434 9.159042358398438
