0.0 1.2129830121994019
0.0 1.2274775505065918
0.0 1.2885328531265259
0.0 3.3049285411834717
0.0 3.4612207412719727
0.0 4.835501670837402
0.0 5.32214879989624
0.0 5.3282670974731445
0.0 5.410239219665527
0.0 5.560724258422852
0.0 5.745527267456055
0.0 5.850106716156006
0.0 5.896871566772461
0.0 5.972433567047119
0.0 6.455643653869629
0.0 6.566305160522461
0.0 6.62008810043335
0.0 6.634896278381348
0.0 6.969274520874023
0.0 7.283842086791992
0.0 7.346975803375244
0.0 7.4227142333984375
0.0 7.6363348960876465
0.0 7.680319786071777
0.0 7.713226318359375
0.0 7.805880069732666
0.0 7.805958271026611
0.0 7.812511444091797
0.0 7.842686653137207
0.0 8.006972312927246
0.0 8.152990341186523
0.0 8.170205116271973
0.0 8.279962539672852
0.0 8.379532814025879
0.0 8.392450332641602
0.0 8.506579399108887
0.0 8.5129976272583
0.0 8.531376838684082
0.0 8.535428047180176
0.0 8.557342529296875
0.0 8.78537654876709
0.0 9.032485961914062
0.0 9.257630348205566
0.0 9.322273254394531
0.0 9.328622817993164
0.0 9.331021308898926
0.0 9.462424278259277
0.0 9.66403579711914
0.0 10.19987964630127
0.0 10.208802223205566
0.0 10.223565101623535
0.0 10.707868576049805
0.0 10.940274238586426
0.0 10.975798606872559
0.0 11.151812553405762
0.0 11.95798397064209
0.0 12.068979263305664
0.0 12.190139770507812
0.0 12.477004051208496
0.0 13.280452728271484
0.0 13.474715232849121
0.0 14.029182434082031
0.0 14.355732917785645
0.0 15.39246940612793
0.0 15.739798545837402
0.0 16.192922592163086
0.0 16.19845199584961
0.0 16.295764923095703
0.0 17.993980407714844
0.0 18.054960250854492
0.0 18.179746627807617
0.0 19.03046417236328
0.0 19.26936912536621
0.0 24.83306121826172
0.0 26.05242347717285
0.0 26.642242431640625
0.0 27.55718421936035
0.0 28.634679794311523
0.0 29.159955978393555
0.0 30.21900749206543
0.0 35.68059539794922
0.0 inf
51.54048156738281 53.76675033569336
50.40741729736328 54.49210739135742
41.90821075439453 64.52117156982422
40.629791259765625 58.47706604003906
37.98088836669922 39.097625732421875
32.59281539916992 35.727962493896484
18.56793785095215 22.976625442504883
17.701818466186523 21.23259735107422
16.47968101501465 19.72886085510254
16.423768997192383 16.521265029907227
15.746419906616211 17.365320205688477
15.648096084594727 17.021604537963867
13.154352188110352 14.369455337524414
12.067646980285645 14.020745277404785
11.610729217529297 12.809959411621094
11.094642639160156 12.525654792785645
10.660691261291504 11.114520072937012
10.252299308776855 12.776172637939453
10.003809928894043 12.270071029663086
9.631640434265137 11.13403034210205
9.594685554504395 12.574030876159668
9.590911865234375 13.185833930969238
9.554768562316895 9.717313766479492
9.464082717895508 10.606595993041992
8.913223266601562 9.986672401428223
8.784407615661621 10.622603416442871
8.690803527832031 11.243608474731445
8.339646339416504 8.512248992919922
8.285794258117676 9.799418449401855
7.820785045623779 9.864602088928223
