0.0 1.0621790885925293
0.0 1.0775189399719238
0.0 2.0931732654571533
0.0 3.3074212074279785
0.0 3.7975172996520996
0.0 4.303109169006348
0.0 5.269063472747803
0.0 5.789543151855469
0.0 5.849980354309082
0.0 6.023384094238281
0.0 6.02540922164917
0.0 6.055782794952393
0.0 6.119251728057861
0.0 6.269801139831543
0.0 6.31683874130249
0.0 6.321450710296631
0.0 6.37568473815918
0.0 6.4128313064575195
0.0 6.576607704162598
0.0 6.666444301605225
0.0 6.777190208435059
0.0 6.805620193481445
0.0 7.249742031097412
0.0 7.413750648498535
0.0 7.4505486488342285
0.0 7.558302402496338
0.0 7.561654090881348
0.0 7.565614223480225
0.0 7.572120189666748
0.0 7.746654987335205
0.0 7.798267364501953
0.0 7.931912422180176
0.0 8.067483901977539
0.0 8.244447708129883
0.0 8.28370475769043
0.0 8.320469856262207
0.0 8.321856498718262
0.0 8.353750228881836
0.0 8.369245529174805
0.0 8.454812049865723
0.0 8.472169876098633
0.0 8.540164947509766
0.0 8.63569450378418
0.0 8.677796363830566
0.0 8.712227821350098
0.0 8.749746322631836
0.0 8.834179878234863
0.0 10.208535194396973
0.0 10.642854690551758
0.0 10.680502891540527
0.0 10.70366096496582
0.0 10.994287490844727
0.0 11.804705619812012
0.0 11.954385757446289
0.0 11.99632453918457
0.0 12.447216033935547
0.0 12.462658882141113
0.0 12.555850982666016
0.0 13.04218578338623
0.0 13.45010757446289
0.0 13.577643394470215
0.0 14.098490715026855
0.0 14.386058807373047
0.0 14.653127670288086
0.0 16.48063850402832
0.0 16.881711959838867
0.0 17.51521110534668
0.0 17.728273391723633
0.0 20.34808349609375
0.0 21.140960693359375
0.0 21.84288215637207
0.0 23.003612518310547
0.0 23.659446716308594
0.0 23.89282989501953
0.0 23.999629974365234
0.0 25.325942993164062
0.0 25.49237823486328
0.0 27.039186477661133
0.0 27.47289276123047
0.0 29.700284957885742
0.0 36.65972900390625
0.0 inf
45.88768768310547 66.50773620605469
39.04571533203125 64.0583724975586
38.310211181640625 39.371742248535156
34.71027755737305 37.090126037597656
20.63178825378418 20.828338623046875
19.688617706298828 20.624122619628906
18.547649383544922 22.331066131591797
18.45462989807129 21.404935836791992
18.374860763549805 25.9743595123291
18.008953094482422 21.115652084350586
15.963210105895996 18.687562942504883
13.931012153625488 14.82886791229248
11.821133613586426 13.541532516479492
10.587908744812012 12.140691757202148
10.424802780151367 12.685225486755371
10.3173246383667 12.709739685058594
9.71928882598877 12.500490188598633
9.567811012268066 11.063547134399414
9.320263862609863 13.502484321594238
9.032610893249512 11.384782791137695
8.620265007019043 9.927669525146484
8.45418643951416 8.925735473632812
7.683263301849365 9.322450637817383
