0.0 4.181011199951172
0.0 4.185916900634766
0.0 4.32869815826416
0.0 4.872020244598389
0.0 5.51802921295166
0.0 5.579519748687744
0.0 5.6615705490112305
0.0 5.685141086578369
0.0 6.376156806945801
0.0 6.3903069496154785
0.0 6.43317985534668
0.0 6.439330101013184
0.0 6.593753814697266
0.0 6.766544342041016
0.0 6.993930339813232
0.0 7.044112682342529
0.0 7.249546527862549
0.0 7.358531475067139
0.0 7.366589546203613
0.0 7.500253677368164
0.0 7.580294609069824
0.0 7.596255302429199
0.0 7.617545127868652
0.0 7.618314266204834
0.0 7.645744800567627
0.0 7.752602577209473
0.0 7.902646064758301
0.0 8.16825008392334
0.0 8.334648132324219
0.0 8.379165649414062
0.0 8.469435691833496
0.0 8.551105499267578
0.0 8.6328763961792
0.0 8.928577423095703
0.0 8.975502967834473
0.0 8.980217933654785
0.0 9.054482460021973
0.0 9.16886043548584
0.0 9.263825416564941
0.0 9.299829483032227
0.0 9.43070125579834
0.0 9.622203826904297
0.0 9.654488563537598
0.0 9.703588485717773
0.0 9.868612289428711
0.0 9.983504295349121
0.0 9.989582061767578
0.0 10.24998664855957
0.0 10.317789077758789
0.0 10.380208969116211
0.0 10.38735294342041
0.0 10.614557266235352
0.0 11.029101371765137
0.0 11.285870552062988
0.0 11.395384788513184
0.0 11.5278959274292
0.0 11.730453491210938
0.0 12.650181770324707
0.0 12.688920974731445
0.0 13.090799331665039
0.0 13.259123802185059
0.0 14.272713661193848
0.0 14.467313766479492
0.0 16.006071090698242
0.0 16.171716690063477
0.0 16.449586868286133
0.0 18.077308654785156
0.0 18.232746124267578
0.0 19.35730743408203
0.0 19.614501953125
0.0 20.512544631958008
0.0 20.8114070892334
0.0 21.876522064208984
0.0 24.772729873657227
0.0 25.911212921142578
0.0 25.942590713500977
0.0 26.048954010009766
0.0 27.515817642211914
0.0 27.573945999145508
0.0 27.928361892700195
0.0 28.28925895690918
0.0 inf
33.85382843017578 60.06467819213867
31.740764617919922 34.41413879394531
31.71755027770996 39.75406265258789
30.441326141357422 59.618263244628906
21.8402042388916 21.983667373657227
18.832759857177734 26.22358512878418
17.59772300720215 20.904239654541016
17.191913604736328 17.41751480102539
16.490964889526367 20.70558738708496
13.895623207092285 15.303370475769043
13.16246223449707 15.518311500549316
12.568011283874512 16.657949447631836
11.85014533996582 12.136432647705078
11.605488777160645 12.675926208496094
11.559913635253906 11.938435554504395
11.55891227722168 12.102794647216797
10.526739120483398 12.922626495361328
9.499295234680176 12.547282218933105
9.415823936462402 9.839068412780762
9.327886581420898 9.755192756652832
8.738548278808594 10.643462181091309
8.419397354125977 10.400311470031738
7.744889736175537 8.42611312866211
