0.0 4.234307289123535
0.0 4.400170803070068
0.0 5.2968854904174805
0.0 5.335397720336914
0.0 5.400058269500732
0.0 5.534824848175049
0.0 5.593094825744629
0.0 5.654104709625244
0.0 5.666897296905518
0.0 5.698022842407227
0.0 5.975097179412842
0.0 6.303527355194092
0.0 6.306897163391113
0.0 6.372220993041992
0.0 6.61821985244751
0.0 6.649207592010498
0.0 7.2685041427612305
0.0 7.269982814788818
0.0 7.342653274536133
0.0 7.365917682647705
0.0 7.37095308303833
0.0 7.410916805267334
0.0 7.430334091186523
0.0 7.4506635665893555
0.0 7.470273971557617
0.0 7.471925735473633
0.0 7.638677597045898
0.0 7.699426174163818
0.0 7.727400302886963
0.0 7.947657108306885
0.0 8.130542755126953
0.0 8.23266887664795
0.0 8.288561820983887
0.0 8.353347778320312
0.0 8.404533386230469
0.0 8.414175987243652
0.0 8.457867622375488
0.0 8.556609153747559
0.0 8.604131698608398
0.0 8.717209815979004
0.0 8.737823486328125
0.0 8.904539108276367
0.0 9.09294605255127
0.0 9.294127464294434
0.0 9.453384399414062
0.0 9.46047306060791
0.0 9.501166343688965
0.0 9.959306716918945
0.0 10.046022415161133
0.0 10.15462589263916
0.0 10.324991226196289
0.0 10.408787727355957
0.0 10.623153686523438
0.0 10.804486274719238
0.0 11.042251586914062
0.0 11.442564010620117
0.0 11.630391120910645
0.0 11.844046592712402
0.0 13.076892852783203
0.0 13.663552284240723
0.0 13.899776458740234
0.0 15.297204971313477
0.0 15.887138366699219
0.0 16.05197525024414
0.0 16.090465545654297
0.0 16.263843536376953
0.0 17.57737159729004
0.0 17.685989379882812
0.0 18.630382537841797
0.0 19.683818817138672
0.0 19.746686935424805
0.0 20.341428756713867
0.0 22.479454040527344
0.0 24.112953186035156
0.0 25.10723114013672
0.0 25.987581253051758
0.0 26.26812171936035
0.0 26.361038208007812
0.0 28.999958038330078
0.0 30.775468826293945
0.0 33.607757568359375
0.0 inf
52.5245361328125 57.064762115478516
50.907554626464844 61.172996520996094
34.01557922363281 58.459144592285156
19.661361694335938 21.013181686401367
19.501867294311523 23.417295455932617
18.26274299621582 19.552675247192383
18.258697509765625 24.543426513671875
17.401166915893555 18.367326736450195
14.824361801147461 16.278148651123047
14.68825626373291 17.146711349487305
12.972922325134277 13.914158821105957
12.425008773803711 13.036028861999512
11.905158042907715 13.86634635925293
11.83967113494873 13.002553939819336
11.015714645385742 13.4952974319458
10.955591201782227 11.766582489013672
10.510130882263184 12.699894905090332
10.3592529296875 11.825891494750977
10.172501564025879 10.484447479248047
10.091005325317383 11.139263153076172
9.587045669555664 11.170923233032227
9.409724235534668 10.635529518127441
9.359794616699219 11.980743408203125
8.516314506530762 10.417685508728027
8.475363731384277 11.09626579284668
8.309471130371094 9.544644355773926
7.744562149047852 10.436723709106445
