0.0 1.3614507913589478
0.0 1.4769195318222046
0.0 1.5215122699737549
0.0 3.818016767501831
0.0 3.9729669094085693
0.0 4.412976264953613
0.0 4.465460777282715
0.0 4.498556613922119
0.0 4.8816304206848145
0.0 5.242537498474121
0.0 5.751277923583984
0.0 5.824777603149414
0.0 5.853297233581543
0.0 6.264118671417236
0.0 6.294934272766113
0.0 6.294951438903809
0.0 6.350437164306641
0.0 6.355625152587891
0.0 6.423771381378174
0.0 6.544145584106445
0.0 6.617764949798584
0.0 6.656039714813232
0.0 6.679530620574951
0.0 6.721076488494873
0.0 6.846294403076172
0.0 7.0239033699035645
0.0 7.239372730255127
0.0 7.400380611419678
0.0 7.448812484741211
0.0 7.5351881980896
0.0 7.540812015533447
0.0 7.843729496002197
0.0 7.9807538986206055
0.0 8.163163185119629
0.0 8.24374771118164
0.0 8.393284797668457
0.0 8.475557327270508
0.0 8.500880241394043
0.0 8.539061546325684
0.0 8.584898948669434
0.0 8.590378761291504
0.0 8.605308532714844
0.0 8.61915397644043
0.0 8.753694534301758
0.0 8.782414436340332
0.0 8.994834899902344
0.0 9.171175003051758
0.0 9.17626953125
0.0 9.504833221435547
0.0 9.693144798278809
0.0 9.807259559631348
0.0 10.613260269165039
0.0 10.753654479980469
0.0 11.382711410522461
0.0 11.697936058044434
0.0 11.757352828979492
0.0 11.874838829040527
0.0 12.024754524230957
0.0 13.111783027648926
0.0 13.59140682220459
0.0 13.804536819458008
0.0 14.069562911987305
0.0 14.17933177947998
0.0 15.517257690429688
0.0 15.523700714111328
0.0 15.56128978729248
0.0 15.685078620910645
0.0 16.06411361694336
0.0 17.581138610839844
0.0 17.85002326965332
0.0 17.899599075317383
0.0 20.98792266845703
0.0 21.0712833404541
0.0 21.30066680908203
0.0 23.422000885009766
0.0 23.995853424072266
0.0 28.718000411987305
0.0 28.81702995300293
0.0 31.470983505249023
0.0 34.74496841430664
0.0 34.77794647216797
0.0 inf
47.11244201660156 66.50169372558594
46.80903244018555 65.85961151123047
33.144187927246094 37.7137565612793
20.939218521118164 21.895870208740234
17.725299835205078 20.54986000061035
16.580293655395508 24.13468360900879
16.190502166748047 16.73933219909668
15.296716690063477 16.4465274810791
13.19772720336914 13.580410957336426
11.674782752990723 11.877832412719727
11.38200569152832 11.748967170715332
10.738716125488281 11.018882751464844
10.40079116821289 12.694523811340332
10.338705062866211 11.457813262939453
9.643125534057617 10.032154083251953
9.56091594696045 12.02613639831543
9.452946662902832 10.799488067626953
9.428606986999512 13.675837516784668
9.05170726776123 12.806352615356445
8.024809837341309 8.71431827545166
7.4105544090271 8.191591262817383
