0.0 1.266898512840271
0.0 1.3102388381958008
0.0 2.755934238433838
0.0 3.460937976837158
0.0 3.466885805130005
0.0 3.8693339824676514
0.0 4.348584175109863
0.0 4.476950645446777
0.0 4.735978126525879
0.0 4.826751232147217
0.0 5.540424346923828
0.0 5.655197620391846
0.0 5.720670700073242
0.0 5.824243545532227
0.0 6.285006999969482
0.0 6.421451091766357
0.0 6.554831027984619
0.0 6.662683486938477
0.0 6.8070454597473145
0.0 6.885801792144775
0.0 7.033666610717773
0.0 7.067739486694336
0.0 7.219456672668457
0.0 7.3465118408203125
0.0 7.471981525421143
0.0 7.5096755027771
0.0 7.521466255187988
0.0 7.572373867034912
0.0 7.606199264526367
0.0 7.6086883544921875
0.0 7.63876485824585
0.0 7.761229038238525
0.0 7.900979042053223
0.0 8.083159446716309
0.0 8.25194263458252
0.0 8.316661834716797
0.0 8.344073295593262
0.0 8.5112943649292
0.0 8.559515953063965
0.0 8.59604263305664
0.0 8.644551277160645
0.0 8.70318603515625
0.0 8.794517517089844
0.0 8.825957298278809
0.0 8.931693077087402
0.0 9.09459400177002
0.0 9.1349515914917
0.0 9.34748649597168
0.0 9.407153129577637
0.0 9.645756721496582
0.0 9.833436012268066
0.0 9.941251754760742
0.0 10.030362129211426
0.0 10.663917541503906
0.0 10.766681671142578
0.0 11.125235557556152
0.0 11.456907272338867
0.0 11.777838706970215
0.0 12.02974796295166
0.0 12.145316123962402
0.0 13.211336135864258
0.0 13.355979919433594
0.0 14.835676193237305
0.0 15.346397399902344
0.0 15.407102584838867
0.0 17.92788314819336
0.0 18.542491912841797
0.0 18.96566390991211
0.0 20.920446395874023
0.0 21.59932518005371
0.0 21.8084774017334
0.0 21.831235885620117
0.0 22.28986358642578
0.0 23.767498016357422
0.0 23.98247528076172
0.0 27.21392250061035
0.0 27.736591339111328
0.0 28.9995174407959
0.0 29.081558227539062
0.0 31.086265563964844
0.0 35.3227424621582
0.0 inf
47.99182891845703 68.930419921875
47.52054214477539 47.676246643066406
40.940670013427734 42.71739959716797
39.71145248413086 60.25413131713867
33.59910583496094 36.772247314453125
20.758316040039062 25.932769775390625
17.58932876586914 19.444063186645508
16.856407165527344 18.55575180053711
16.583049774169922 19.458053588867188
15.027199745178223 17.076303482055664
11.731017112731934 11.789289474487305
11.617203712463379 12.518285751342773
11.25035285949707 11.907106399536133
10.399104118347168 12.74965763092041
10.015517234802246 10.79115104675293
9.74543571472168 13.356951713562012
9.677322387695312 12.738044738769531
9.631143569946289 14.949332237243652
8.745723724365234 10.199893951416016
7.908924579620361 9.493206977844238
