0.0 4.541350364685059
0.0 4.555595874786377
0.0 4.572957992553711
0.0 5.257815361022949
0.0 5.277233123779297
0.0 5.301880836486816
0.0 5.626077651977539
0.0 5.7747039794921875
0.0 5.794427394866943
0.0 5.840166091918945
0.0 6.165020942687988
0.0 6.240573406219482
0.0 6.241767883300781
0.0 6.338041305541992
0.0 6.35225248336792
0.0 6.412574291229248
0.0 6.503098964691162
0.0 6.5865302085876465
0.0 6.592259883880615
0.0 6.60538387298584
0.0 6.772684097290039
0.0 6.892664432525635
0.0 7.095290184020996
0.0 7.276200294494629
0.0 7.495833396911621
0.0 7.522147178649902
0.0 7.665396213531494
0.0 7.771724224090576
0.0 7.7802300453186035
0.0 7.879234313964844
0.0 8.190302848815918
0.0 8.193692207336426
0.0 8.205937385559082
0.0 8.222329139709473
0.0 8.321633338928223
0.0 8.363739013671875
0.0 8.444344520568848
0.0 8.468121528625488
0.0 8.515288352966309
0.0 8.617432594299316
0.0 8.911578178405762
0.0 8.945767402648926
0.0 9.007946014404297
0.0 9.018024444580078
0.0 9.021995544433594
0.0 9.207664489746094
0.0 9.292675018310547
0.0 9.353652000427246
0.0 9.384872436523438
0.0 9.637889862060547
0.0 9.64407730102539
0.0 10.24155330657959
0.0 10.280492782592773
0.0 10.36037540435791
0.0 11.101091384887695
0.0 11.115250587463379
0.0 11.12435531616211
0.0 12.717870712280273
0.0 13.033683776855469
0.0 13.048128128051758
0.0 13.661148071289062
0.0 13.80183219909668
0.0 14.085963249206543
0.0 14.266077995300293
0.0 14.720921516418457
0.0 15.621569633483887
0.0 16.67952537536621
0.0 17.311748504638672
0.0 17.327980041503906
0.0 18.291683197021484
0.0 19.224151611328125
0.0 19.68242073059082
0.0 21.52302360534668
0.0 23.06193733215332
0.0 27.563251495361328
0.0 28.35930824279785
0.0 29.654605865478516
0.0 29.72601318359375
0.0 30.075986862182617
0.0 31.87249755859375
0.0 36.86751937866211
0.0 inf
56.886497497558594 59.77508544921875
55.7979850769043 65.79075622558594
54.13190460205078 70.85920715332031
19.51251220703125 25.140663146972656
18.701744079589844 19.590839385986328
15.658652305603027 19.436498641967773
14.524510383605957 16.50804901123047
14.046157836914062 14.744314193725586
11.758871078491211 12.642241477966309
11.750138282775879 11.932751655578613
11.738166809082031 13.505995750427246
11.035533905029297 11.369629859924316
10.903194427490234 12.579054832458496
9.997427940368652 11.12618637084961
9.788935661315918 10.695359230041504
9.456757545471191 9.662179946899414
9.444893836975098 12.432811737060547
9.405191421508789 10.040924072265625
9.069087028503418 11.491358757019043
9.025066375732422 11.773408889770508
8.870268821716309 9.152284622192383
8.840007781982422 9.895689010620117
8.770469665527344 11.557209014892578
8.675535202026367 9.09404182434082
8.568733215332031 10.083447456359863
8.545884132385254 9.525254249572754
8.066596031188965 9.020283699035645
7.0201735496521 8.138976097106934
