0.0 1.3745397329330444
0.0 1.4518259763717651
0.0 1.4599051475524902
0.0 3.86104679107666
0.0 4.745569705963135
0.0 4.855282306671143
0.0 4.964832305908203
0.0 5.216379642486572
0.0 5.441589832305908
0.0 5.452250003814697
0.0 5.724745750427246
0.0 6.052681922912598
0.0 6.351256847381592
0.0 6.374137878417969
0.0 6.437839508056641
0.0 6.488175392150879
0.0 6.528315544128418
0.0 6.535462856292725
0.0 6.581981658935547
0.0 6.697639465332031
0.0 6.819456100463867
0.0 6.822967052459717
0.0 7.000463008880615
0.0 7.0831732749938965
0.0 7.3036580085754395
0.0 7.446374416351318
0.0 7.4479570388793945
0.0 7.457916259765625
0.0 7.56287145614624
0.0 7.5675272941589355
0.0 7.6255950927734375
0.0 7.638877868652344
0.0 7.673376083374023
0.0 7.890942573547363
0.0 7.9042134284973145
0.0 7.913467884063721
0.0 8.089776992797852
0.0 8.231704711914062
0.0 8.412210464477539
0.0 8.548893928527832
0.0 8.69532585144043
0.0 8.760523796081543
0.0 8.884166717529297
0.0 9.016404151916504
0.0 9.032257080078125
0.0 9.319098472595215
0.0 9.352346420288086
0.0 9.39749813079834
0.0 10.145096778869629
0.0 10.160465240478516
0.0 10.60557746887207
0.0 10.656314849853516
0.0 10.726114273071289
0.0 10.74294376373291
0.0 10.893939971923828
0.0 10.97540283203125
0.0 12.679914474487305
0.0 12.875877380371094
0.0 13.761458396911621
0.0 13.923565864562988
0.0 14.048151969909668
0.0 14.185502052307129
0.0 14.544898986816406
0.0 15.500144004821777
0.0 16.375513076782227
0.0 16.45606231689453
0.0 16.668752670288086
0.0 19.80860137939453
0.0 21.589868545532227
0.0 21.644458770751953
0.0 21.71209716796875
0.0 21.9207763671875
0.0 22.842493057250977
0.0 23.819053649902344
0.0 24.185731887817383
0.0 24.735023498535156
0.0 25.059450149536133
0.0 26.11949920654297
0.0 27.468740463256836
0.0 29.022357940673828
0.0 33.310760498046875
0.0 inf
43.05744552612305 44.23713684082031
40.654991149902344 60.91841125488281
39.89513397216797 41.87278366088867
38.56100082397461 61.381134033203125
29.123327255249023 33.3938102722168
22.15180015563965 22.609601974487305
20.590301513671875 24.401762008666992
18.483718872070312 21.592082977294922
17.57613182067871 22.22508430480957
15.246965408325195 16.906415939331055
14.248823165893555 17.0011043548584
12.755136489868164 13.325368881225586
11.87444019317627 11.889485359191895
11.237462043762207 12.567039489746094
11.172127723693848 12.356099128723145
10.194238662719727 10.797703742980957
9.574349403381348 12.57357406616211
9.421192169189453 10.272544860839844
9.288653373718262 11.722380638122559
9.265556335449219 12.408774375915527
8.272378921508789 9.309075355529785
8.010636329650879 9.522029876708984
7.986064434051514 9.007406234741211
