0.0 2.4029109477996826
0.0 3.1425669193267822
0.0 5.190662384033203
0.0 5.4618000984191895
0.0 5.905992031097412
0.0 6.3270721435546875
0.0 6.3604736328125
0.0 6.380984306335449
0.0 6.6016459465026855
0.0 6.645522594451904
0.0 6.700464725494385
0.0 6.786134719848633
0.0 6.792370796203613
0.0 7.143747806549072
0.0 7.3263936042785645
0.0 7.387873649597168
0.0 7.4777140617370605
0.0 7.566329002380371
0.0 7.59384822845459
0.0 7.649654388427734
0.0 7.656216621398926
0.0 7.766058444976807
0.0 7.774071216583252
0.0 8.000029563903809
0.0 8.020672798156738
0.0 8.103937149047852
0.0 8.152265548706055
0.0 8.271832466125488
0.0 8.37228012084961
0.0 8.376620292663574
0.0 8.414810180664062
0.0 8.426514625549316
0.0 8.527835845947266
0.0 8.671536445617676
0.0 8.785995483398438
0.0 8.929981231689453
0.0 9.023728370666504
0.0 9.04001235961914
0.0 9.123319625854492
0.0 9.244635581970215
0.0 9.26913070678711
0.0 9.295174598693848
0.0 9.341635704040527
0.0 9.352866172790527
0.0 9.503376007080078
0.0 9.985648155212402
0.0 10.161595344543457
0.0 10.375279426574707
0.0 10.45822525024414
0.0 10.506181716918945
0.0 10.573474884033203
0.0 10.660326957702637
0.0 10.808204650878906
0.0 11.015210151672363
0.0 11.291714668273926
0.0 11.661511421203613
0.0 11.825929641723633
0.0 12.695151329040527
0.0 13.12304973602295
0.0 13.518037796020508
0.0 13.65041732788086
0.0 13.691339492797852
0.0 13.79177474975586
0.0 15.428296089172363
0.0 17.151931762695312
0.0 17.429824829101562
0.0 18.361679077148438
0.0 19.345500946044922
0.0 21.233917236328125
0.0 21.500293731689453
0.0 21.649906158447266
0.0 22.904054641723633
0.0 23.506303787231445
0.0 23.510154724121094
0.0 24.34382438659668
0.0 24.695600509643555
0.0 24.718822479248047
0.0 24.991233825683594
0.0 25.00371551513672
0.0 28.57382583618164
0.0 28.712020874023438
0.0 inf
39.3592414855957 57.44082260131836
34.58865737915039 58.593589782714844
25.519237518310547 33.87818908691406
19.990386962890625 27.578237533569336
18.666976928710938 19.253238677978516
17.519731521606445 19.894330978393555
16.61716079711914 19.929086685180664
16.571245193481445 16.629009246826172
15.930912017822266 16.755159378051758
12.575401306152344 15.46763801574707
11.493863105773926 11.9114408493042
10.849244117736816 13.57442569732666
10.707341194152832 15.525625228881836
10.514225006103516 12.066242218017578
9.61072826385498 10.114334106445312
9.546609878540039 12.979549407958984
9.062214851379395 12.787394523620605
8.709169387817383 10.903511047363281
8.448333740234375 10.422406196594238
7.8204216957092285 9.349334716796875
