0.0 2.6277048587799072
0.0 3.523719549179077
0.0 3.713279962539673
0.0 4.5708513259887695
0.0 4.733978748321533
0.0 4.805797100067139
0.0 5.025567531585693
0.0 5.093736171722412
0.0 5.397309303283691
0.0 5.523185729980469
0.0 5.540963649749756
0.0 5.621790409088135
0.0 5.653789043426514
0.0 5.675317287445068
0.0 5.815995693206787
0.0 6.108500003814697
0.0 6.294119834899902
0.0 6.296855449676514
0.0 6.5070109367370605
0.0 6.6235480308532715
0.0 6.816038131713867
0.0 7.245314121246338
0.0 7.264346122741699
0.0 7.344755172729492
0.0 7.350481986999512
0.0 7.394615650177002
0.0 7.407833576202393
0.0 7.412705421447754
0.0 7.421124458312988
0.0 7.425796031951904
0.0 7.4743781089782715
0.0 7.495813369750977
0.0 7.5454816818237305
0.0 7.567615509033203
0.0 7.593995094299316
0.0 7.612493991851807
0.0 7.658674240112305
0.0 7.682628631591797
0.0 7.91851806640625
0.0 7.961217403411865
0.0 8.31076717376709
0.0 8.474331855773926
0.0 8.492711067199707
0.0 8.49449348449707
0.0 8.647003173828125
0.0 8.909093856811523
0.0 8.988948822021484
0.0 9.162396430969238
0.0 9.180027961730957
0.0 9.309392929077148
0.0 9.35051441192627
0.0 9.525707244873047
0.0 9.652362823486328
0.0 9.78052043914795
0.0 10.30922794342041
0.0 10.393847465515137
0.0 11.750664710998535
0.0 12.078756332397461
0.0 12.195972442626953
0.0 13.294239044189453
0.0 13.818766593933105
0.0 14.857179641723633
0.0 14.948959350585938
0.0 15.578984260559082
0.0 16.261014938354492
0.0 16.836856842041016
0.0 17.30278968811035
0.0 17.794626235961914
0.0 17.8225040435791
0.0 18.36351776123047
0.0 18.71295928955078
0.0 19.227596282958984
0.0 23.047948837280273
0.0 23.73308563232422
0.0 24.03244972229004
0.0 25.45905303955078
0.0 29.21360206604004
0.0 29.70952606201172
0.0 30.887760162353516
0.0 31.92475700378418
0.0 32.09609603881836
0.0 inf
54.6322021484375 56.63993453979492
51.17374801635742 60.19637680053711
49.88005065917969 70.86427307128906
36.955284118652344 39.24394607543945
22.14076042175293 22.55912971496582
19.586393356323242 21.39340591430664
19.54804801940918 26.72832489013672
12.78618335723877 14.36327838897705
11.430274963378906 12.838335990905762
11.120524406433105 13.582405090332031
11.044776916503906 11.147351264953613
10.656662940979004 11.037430763244629
10.63801097869873 11.4943265914917
10.012771606445312 10.846251487731934
9.609981536865234 10.092720031738281
9.5012788772583 11.177623748779297
9.446471214294434 11.75689697265625
9.232400894165039 10.231868743896484
8.87564468383789 10.255138397216797
8.528070449829102 9.808661460876465
8.517441749572754 9.86633014678955
8.387289047241211 10.4251070022583
7.96427059173584 9.709176063537598
7.917209625244141 9.373751640319824
7.644521236419678 7.7839555740356445
7.582371234893799 9.655571937561035
