0.0 1.030981183052063
0.0 1.0347490310668945
0.0 1.0398119688034058
0.0 3.141695737838745
0.0 3.8219950199127197
0.0 4.295762538909912
0.0 4.714705467224121
0.0 4.91496467590332
0.0 5.329214572906494
0.0 5.574719429016113
0.0 5.929403305053711
0.0 6.043004035949707
0.0 6.07924222946167
0.0 6.199469566345215
0.0 6.2666192054748535
0.0 6.402895927429199
0.0 6.434049129486084
0.0 6.4640793800354
0.0 6.523909568786621
0.0 6.573166847229004
0.0 6.595556735992432
0.0 6.803371429443359
0.0 6.937621116638184
0.0 6.966469764709473
0.0 7.2783050537109375
0.0 7.310235977172852
0.0 7.437942981719971
0.0 7.453161716461182
0.0 7.530683517456055
0.0 7.5361456871032715
0.0 7.572000503540039
0.0 7.619636058807373
0.0 7.899181842803955
0.0 8.09471321105957
0.0 8.124998092651367
0.0 8.26089096069336
0.0 8.301825523376465
0.0 8.3996000289917
0.0 8.43703556060791
0.0 8.693533897399902
0.0 8.733040809631348
0.0 8.749847412109375
0.0 8.780838966369629
0.0 8.928013801574707
0.0 8.965286254882812
0.0 9.037936210632324
0.0 9.077394485473633
0.0 9.37667465209961
0.0 9.593561172485352
0.0 10.157596588134766
0.0 10.381563186645508
0.0 10.75051212310791
0.0 11.20297908782959
0.0 11.362683296203613
0.0 11.431469917297363
0.0 11.540609359741211
0.0 11.810319900512695
0.0 12.66733455657959
0.0 13.304265975952148
0.0 13.577682495117188
0.0 13.846187591552734
0.0 13.928296089172363
0.0 13.962061882019043
0.0 14.006772994995117
0.0 16.392568588256836
0.0 17.450956344604492
0.0 17.806434631347656
0.0 17.91717529296875
0.0 20.77936363220215
0.0 21.863758087158203
0.0 22.951128005981445
0.0 23.21674346923828
0.0 23.40348243713379
0.0 24.56787872314453
0.0 24.57342529296875
0.0 25.064687728881836
0.0 25.325050354003906
0.0 25.518482208251953
0.0 27.571516036987305
0.0 29.071504592895508
0.0 32.938411712646484
0.0 inf
39.75829315185547 67.05543518066406
38.75226974487305 39.6185188293457
38.00398635864258 63.07344055175781
31.76314926147461 36.423152923583984
19.073999404907227 25.4882755279541
18.561185836791992 22.27591896057129
18.511581420898438 21.511436462402344
18.244197845458984 20.298690795898438
15.055563926696777 17.297536849975586
12.720261573791504 13.309319496154785
12.128244400024414 12.305778503417969
10.87179946899414 11.75930404663086
10.847926139831543 12.022897720336914
10.772370338439941 11.802892684936523
10.06167221069336 12.673563957214355
9.46682071685791 12.071137428283691
9.37274169921875 13.4049654006958
9.108802795410156 11.762666702270508
8.757121086120605 9.81441879272461
7.681906223297119 8.821678161621094
