0.0 2.4558486938476562
0.0 3.138017177581787
0.0 4.382346153259277
0.0 5.376471996307373
0.0 5.604784965515137
0.0 5.605774402618408
0.0 5.7406392097473145
0.0 5.961409091949463
0.0 6.285215377807617
0.0 6.287741661071777
0.0 6.340908050537109
0.0 6.722484111785889
0.0 7.002323627471924
0.0 7.173637390136719
0.0 7.194131374359131
0.0 7.473054885864258
0.0 7.547279357910156
0.0 7.584878921508789
0.0 7.593740463256836
0.0 7.614590644836426
0.0 7.689789295196533
0.0 7.750700950622559
0.0 7.825531959533691
0.0 7.858165740966797
0.0 8.047224044799805
0.0 8.144227981567383
0.0 8.168868064880371
0.0 8.271012306213379
0.0 8.272889137268066
0.0 8.415628433227539
0.0 8.43159294128418
0.0 8.539092063903809
0.0 8.543416976928711
0.0 8.547067642211914
0.0 8.804617881774902
0.0 8.834656715393066
0.0 8.858805656433105
0.0 9.026956558227539
0.0 9.127080917358398
0.0 9.214554786682129
0.0 9.381050109863281
0.0 9.480298042297363
0.0 9.810528755187988
0.0 9.839848518371582
0.0 10.11855411529541
0.0 10.166046142578125
0.0 10.233061790466309
0.0 10.249837875366211
0.0 10.541180610656738
0.0 10.789952278137207
0.0 10.799735069274902
0.0 10.884602546691895
0.0 10.988814353942871
0.0 11.225295066833496
0.0 11.752687454223633
0.0 12.216157913208008
0.0 12.615727424621582
0.0 12.658653259277344
0.0 12.722118377685547
0.0 12.732943534851074
0.0 13.279144287109375
0.0 13.84229850769043
0.0 14.454413414001465
0.0 15.426406860351562
0.0 16.665029525756836
0.0 17.469627380371094
0.0 17.624767303466797
0.0 19.569971084594727
0.0 20.173738479614258
0.0 20.472633361816406
0.0 21.999271392822266
0.0 22.30145835876465
0.0 23.842304229736328
0.0 23.95989418029785
0.0 23.980892181396484
0.0 24.74861717224121
0.0 25.438154220581055
0.0 26.132843017578125
0.0 28.557756423950195
0.0 29.942459106445312
0.0 31.5183048248291
0.0 inf
38.5636100769043 60.73301315307617
37.15854263305664 57.76899719238281
30.984888076782227 37.48088455200195
21.645328521728516 27.541465759277344
17.60914421081543 18.2213191986084
16.650827407836914 19.90127944946289
15.568946838378906 17.097122192382812
15.463861465454102 19.900524139404297
14.98440933227539 15.866560935974121
14.85398006439209 16.601621627807617
13.192477226257324 16.8800048828125
12.538276672363281 12.647875785827637
11.301289558410645 13.498213768005371
10.585343360900879 13.002450942993164
10.368781089782715 11.94452953338623
9.411606788635254 13.435120582580566
8.373496055603027 10.240707397460938
8.256711959838867 9.997220039367676
7.769757270812988 9.353888511657715
