0.0 1.182237148284912
0.0 1.2422860860824585
0.0 1.3250751495361328
0.0 3.1435928344726562
0.0 4.023957252502441
0.0 4.238422393798828
0.0 4.259385585784912
0.0 4.263352394104004
0.0 4.313085556030273
0.0 4.350558757781982
0.0 4.504419326782227
0.0 4.721916198730469
0.0 5.290909290313721
0.0 5.672159194946289
0.0 5.731468200683594
0.0 5.909430027008057
0.0 5.931395530700684
0.0 6.355307102203369
0.0 6.357186794281006
0.0 6.617203712463379
0.0 6.641402244567871
0.0 6.803586006164551
0.0 7.222010612487793
0.0 7.363760471343994
0.0 7.483156681060791
0.0 7.495513916015625
0.0 7.512084484100342
0.0 7.614413261413574
0.0 7.631311416625977
0.0 7.774264335632324
0.0 7.830260753631592
0.0 7.926248550415039
0.0 8.012341499328613
0.0 8.031292915344238
0.0 8.271564483642578
0.0 8.313713073730469
0.0 8.381221771240234
0.0 8.381739616394043
0.0 8.424931526184082
0.0 8.46483039855957
0.0 8.603426933288574
0.0 8.870867729187012
0.0 9.258017539978027
0.0 9.308581352233887
0.0 9.31989574432373
0.0 9.418787956237793
0.0 9.77778434753418
0.0 9.950270652770996
0.0 10.0570707321167
0.0 10.247051239013672
0.0 10.944392204284668
0.0 11.351831436157227
0.0 11.414541244506836
0.0 11.560179710388184
0.0 11.842133522033691
0.0 12.475834846496582
0.0 12.607481956481934
0.0 13.273962020874023
0.0 13.653497695922852
0.0 14.690803527832031
0.0 14.91513729095459
0.0 15.439242362976074
0.0 15.52933406829834
0.0 15.629204750061035
0.0 16.033279418945312
0.0 16.27288055419922
0.0 16.338891983032227
0.0 17.718090057373047
0.0 17.98606300354004
0.0 18.012617111206055
0.0 18.01873779296875
0.0 18.333616256713867
0.0 19.11251449584961
0.0 25.190509796142578
0.0 26.340560913085938
0.0 26.960847854614258
0.0 29.313058853149414
0.0 29.599994659423828
0.0 29.82952117919922
0.0 31.061420440673828
0.0 34.31550598144531
0.0 inf
52.252559661865234 56.19746017456055
51.5475959777832 55.60034942626953
45.1020393371582 60.78458786010742
44.7952880859375 62.465187072753906
40.7203369140625 41.84846115112305
36.12033462524414 37.358707427978516
20.534210205078125 21.90566062927246
19.300464630126953 20.447689056396484
18.560020446777344 23.005306243896484
17.614206314086914 21.40077781677246
17.394927978515625 17.84604263305664
17.246736526489258 20.768753051757812
16.879100799560547 18.354835510253906
16.503929138183594 19.724822998046875
16.07923126220703 18.82361602783203
13.396607398986816 13.520974159240723
10.036396026611328 12.678964614868164
9.962925910949707 12.105883598327637
9.593989372253418 10.534063339233398
9.492250442504883 10.314047813415527
9.393758773803711 13.193556785583496
8.955910682678223 10.169776916503906
8.9241943359375 11.063392639160156
8.306647300720215 9.786324501037598
8.112710952758789 9.909075736999512
8.060879707336426 8.22719955444336
7.971866607666016 8.2403564453125
7.920516490936279 9.164509773254395
7.376312255859375 8.03335952758789
