0.0 1.1479007005691528
0.0 1.2680121660232544
0.0 2.4887402057647705
0.0 4.468631744384766
0.0 4.802389621734619
0.0 4.942815780639648
0.0 5.285051345825195
0.0 5.298074722290039
0.0 5.671505451202393
0.0 6.070767879486084
0.0 6.079701900482178
0.0 6.1250691413879395
0.0 6.135786533355713
0.0 6.357314586639404
0.0 6.402684211730957
0.0 6.494797229766846
0.0 6.549642086029053
0.0 6.723491668701172
0.0 6.74343204498291
0.0 7.333680629730225
0.0 7.363960266113281
0.0 7.464443206787109
0.0 7.530340194702148
0.0 7.673111915588379
0.0 7.681570529937744
0.0 7.725979328155518
0.0 7.739577293395996
0.0 7.852861404418945
0.0 7.9577226638793945
0.0 7.962733745574951
0.0 8.042795181274414
0.0 8.059412002563477
0.0 8.278463363647461
0.0 8.367694854736328
0.0 8.375629425048828
0.0 8.399270057678223
0.0 8.407635688781738
0.0 8.427835464477539
0.0 8.443655967712402
0.0 8.547220230102539
0.0 8.630181312561035
0.0 9.076266288757324
0.0 9.11988353729248
0.0 9.301971435546875
0.0 9.324079513549805
0.0 9.36300277709961
0.0 9.647890090942383
0.0 9.792016983032227
0.0 9.800829887390137
0.0 10.255419731140137
0.0 10.391023635864258
0.0 11.120940208435059
0.0 11.372334480285645
0.0 11.564752578735352
0.0 12.282470703125
0.0 12.602941513061523
0.0 13.296966552734375
0.0 13.520339012145996
0.0 13.891037940979004
0.0 14.497983932495117
0.0 14.501068115234375
0.0 14.52497386932373
0.0 15.348821640014648
0.0 15.43050479888916
0.0 16.0372257232666
0.0 16.35982322692871
0.0 16.36042022705078
0.0 17.847803115844727
0.0 17.879823684692383
0.0 17.934232711791992
0.0 18.045848846435547
0.0 18.069772720336914
0.0 18.391813278198242
0.0 26.45273208618164
0.0 26.96367645263672
0.0 27.11318588256836
0.0 28.814693450927734
0.0 29.44590187072754
0.0 30.54257583618164
0.0 31.865280151367188
0.0 34.230865478515625
0.0 inf
53.54127883911133 55.8961181640625
51.598270416259766 57.8023796081543
47.897884368896484 65.3416748046875
45.03717041015625 63.180076599121094
18.620437622070312 23.09404182434082
18.481306076049805 18.73828125
17.615934371948242 21.438148498535156
17.249650955200195 18.822315216064453
17.217927932739258 18.040163040161133
16.870500564575195 18.073638916015625
16.514326095581055 19.91062355041504
15.507567405700684 18.793354034423828
15.011123657226562 15.782915115356445
10.046136856079102 12.14976692199707
9.989855766296387 12.71537971496582
9.507762908935547 11.590032577514648
9.481366157531738 11.133174896240234
9.45251750946045 10.392101287841797
9.42044734954834 11.907240867614746
9.396317481994629 13.2135009765625
9.317007064819336 10.387581825256348
9.281612396240234 11.122451782226562
9.08933162689209 10.852693557739258
8.99261474609375 10.1895751953125
8.288398742675781 9.897851943969727
8.104875564575195 9.07552433013916
7.939231872558594 9.150293350219727
