0.0 1.0487908124923706
0.0 2.1201112270355225
0.0 2.131643533706665
0.0 2.353476047515869
0.0 2.407604217529297
0.0 2.6913628578186035
0.0 3.476510524749756
0.0 3.517341375350952
0.0 4.337820053100586
0.0 4.368473052978516
0.0 4.600535869598389
0.0 5.294644832611084
0.0 5.355422496795654
0.0 5.357254981994629
0.0 6.139489650726318
0.0 6.410863399505615
0.0 6.572701930999756
0.0 6.614310264587402
0.0 6.697803974151611
0.0 7.283748626708984
0.0 7.3657965660095215
0.0 7.771740913391113
0.0 7.813215255737305
0.0 7.882753372192383
0.0 7.986660957336426
0.0 7.998050689697266
0.0 8.04404067993164
0.0 8.062297821044922
0.0 8.084989547729492
0.0 8.304730415344238
0.0 8.36327838897705
0.0 8.406046867370605
0.0 8.420568466186523
0.0 8.622039794921875
0.0 8.728376388549805
0.0 8.79595947265625
0.0 8.913029670715332
0.0 9.071043968200684
0.0 9.128293991088867
0.0 9.20443058013916
0.0 9.235258102416992
0.0 9.240285873413086
0.0 9.712297439575195
0.0 9.851829528808594
0.0 9.879717826843262
0.0 9.899271011352539
0.0 10.227261543273926
0.0 10.479351997375488
0.0 10.581209182739258
0.0 10.949836730957031
0.0 11.340415954589844
0.0 11.427370071411133
0.0 11.955222129821777
0.0 12.151927947998047
0.0 12.976358413696289
0.0 13.268906593322754
0.0 13.580154418945312
0.0 13.640501022338867
0.0 13.771881103515625
0.0 14.342682838439941
0.0 14.726763725280762
0.0 15.447385787963867
0.0 16.129365921020508
0.0 16.147476196289062
0.0 16.158390045166016
0.0 16.836933135986328
0.0 16.968952178955078
0.0 17.861927032470703
0.0 18.34164810180664
0.0 18.588199615478516
0.0 20.153085708618164
0.0 20.17632293701172
0.0 22.257089614868164
0.0 25.0793399810791
0.0 26.29769515991211
0.0 27.008092880249023
0.0 28.776582717895508
0.0 29.054269790649414
0.0 29.256650924682617
0.0 30.02399444580078
0.0 34.53983688354492
0.0 inf
52.18955993652344 54.86906051635742
51.869869232177734 56.8914794921875
47.3163948059082 64.28192138671875
43.659339904785156 61.76312255859375
23.42294692993164 24.921968460083008
22.67083740234375 25.105777740478516
20.374473571777344 26.018423080444336
19.226442337036133 21.43782615661621
18.635456085205078 23.048616409301758
17.57404136657715 22.30349349975586
16.575502395629883 20.33119773864746
15.851320266723633 16.760847091674805
15.248169898986816 17.40968894958496
14.886244773864746 15.389525413513184
14.769529342651367 15.540501594543457
13.844618797302246 14.02717113494873
10.583573341369629 12.645157814025879
9.68919563293457 11.060495376586914
9.363432884216309 10.111621856689453
9.244163513183594 9.743315696716309
9.223873138427734 9.252654075622559
9.105531692504883 11.159425735473633
8.884702682495117 9.673381805419922
8.747903823852539 9.813248634338379
8.23847770690918 9.787961959838867
