0.0 1.4922376871109009
0.0 1.5177881717681885
0.0 1.6337847709655762
0.0 4.3574042320251465
0.0 4.679104804992676
0.0 5.129516124725342
0.0 5.280789375305176
0.0 5.2925496101379395
0.0 5.7931060791015625
0.0 6.135371208190918
0.0 6.173299312591553
0.0 6.190003871917725
0.0 6.2092156410217285
0.0 6.234786033630371
0.0 6.337514877319336
0.0 6.39298677444458
0.0 6.438680171966553
0.0 6.503818511962891
0.0 6.9990129470825195
0.0 7.005091190338135
0.0 7.221783638000488
0.0 7.372200012207031
0.0 7.375898838043213
0.0 7.4634599685668945
0.0 7.492603778839111
0.0 7.561199188232422
0.0 7.603761196136475
0.0 7.621956825256348
0.0 7.674482822418213
0.0 7.690893173217773
0.0 7.713817596435547
0.0 7.753841876983643
0.0 7.867149353027344
0.0 7.929121017456055
0.0 7.952324867248535
0.0 7.9884538650512695
0.0 8.06002140045166
0.0 8.372965812683105
0.0 8.446343421936035
0.0 8.448675155639648
0.0 8.524507522583008
0.0 8.583154678344727
0.0 8.643345832824707
0.0 8.649717330932617
0.0 8.702953338623047
0.0 8.70589828491211
0.0 8.834850311279297
0.0 8.879912376403809
0.0 9.176281929016113
0.0 9.236416816711426
0.0 9.384477615356445
0.0 9.757002830505371
0.0 9.892339706420898
0.0 10.060262680053711
0.0 10.958565711975098
0.0 11.116086959838867
0.0 11.854434967041016
0.0 12.220677375793457
0.0 13.373941421508789
0.0 13.468759536743164
0.0 13.520583152770996
0.0 13.631386756896973
0.0 14.060969352722168
0.0 14.87592601776123
0.0 15.084589004516602
0.0 15.924448013305664
0.0 16.858318328857422
0.0 16.941965103149414
0.0 17.638132095336914
0.0 19.45286750793457
0.0 19.772686004638672
0.0 21.549701690673828
0.0 21.915143966674805
0.0 23.91419219970703
0.0 26.519893646240234
0.0 27.557531356811523
0.0 27.78978157043457
0.0 29.419702529907227
0.0 29.877424240112305
0.0 31.949058532714844
0.0 36.93330001831055
0.0 inf
47.99282455444336 77.32191467285156
46.578800201416016 62.8862190246582
21.48772430419922 23.73468780517578
18.029130935668945 21.475326538085938
16.997657775878906 26.10993766784668
16.83009910583496 17.424213409423828
14.71242904663086 15.116759300231934
13.222426414489746 13.479616165161133
11.161273002624512 11.400308609008789
10.915568351745605 12.014335632324219
10.709299087524414 11.224855422973633
10.476404190063477 10.798321723937988
10.155858039855957 12.680254936218262
9.763022422790527 10.401745796203613
9.689841270446777 10.857051849365234
9.587068557739258 12.603891372680664
9.457926750183105 10.435160636901855
9.260987281799316 11.914395332336426
8.97581672668457 11.499894142150879
8.59420108795166 9.434816360473633
8.47707462310791 9.488385200500488
8.452264785766602 9.493936538696289
7.24271821975708 7.727156639099121
