0.0 1.1520917415618896
0.0 1.157038927078247
0.0 1.207857370376587
0.0 4.763879776000977
0.0 4.857820987701416
0.0 5.013385772705078
0.0 5.440438270568848
0.0 5.556740760803223
0.0 5.946297645568848
0.0 5.959562301635742
0.0 6.163677215576172
0.0 6.224392414093018
0.0 6.254751682281494
0.0 6.277166843414307
0.0 6.299600601196289
0.0 6.417439937591553
0.0 6.423285007476807
0.0 6.428365230560303
0.0 6.430986404418945
0.0 6.432766914367676
0.0 6.434924602508545
0.0 6.441649913787842
0.0 6.448431015014648
0.0 6.494805812835693
0.0 6.520432472229004
0.0 6.743130207061768
0.0 6.868160247802734
0.0 7.018712997436523
0.0 7.048103332519531
0.0 7.105593681335449
0.0 7.397926330566406
0.0 7.421285629272461
0.0 7.523130416870117
0.0 7.636004447937012
0.0 7.729612350463867
0.0 7.854633331298828
0.0 7.9178643226623535
0.0 8.024445533752441
0.0 8.216253280639648
0.0 8.2930908203125
0.0 8.419282913208008
0.0 8.57909870147705
0.0 8.603935241699219
0.0 8.621264457702637
0.0 8.637678146362305
0.0 8.747490882873535
0.0 8.873308181762695
0.0 8.919662475585938
0.0 9.393611907958984
0.0 9.40872859954834
0.0 10.119317054748535
0.0 10.260905265808105
0.0 10.395732879638672
0.0 10.607856750488281
0.0 11.320952415466309
0.0 12.736288070678711
0.0 12.827316284179688
0.0 12.851469039916992
0.0 13.080151557922363
0.0 13.174433708190918
0.0 13.210915565490723
0.0 13.474038124084473
0.0 13.86853313446045
0.0 15.252189636230469
0.0 15.629793167114258
0.0 16.996049880981445
0.0 17.35626220703125
0.0 17.812477111816406
0.0 18.552867889404297
0.0 19.256851196289062
0.0 19.72425079345703
0.0 21.0753116607666
0.0 25.575883865356445
0.0 26.658302307128906
0.0 26.88086700439453
0.0 28.311790466308594
0.0 29.28034782409668
0.0 32.47576904296875
0.0 33.28364562988281
0.0 34.078067779541016
0.0 39.24624252319336
0.0 inf
52.08966064453125 76.7503662109375
48.20570755004883 68.39482879638672
20.50937843322754 20.547855377197266
18.710128784179688 20.650981903076172
17.48206329345703 24.413610458374023
15.663410186767578 19.53042221069336
13.998174667358398 15.832121849060059
13.890153884887695 15.31665325164795
12.343929290771484 13.430580139160156
10.235589027404785 11.346694946289062
10.148087501525879 11.755003929138184
10.140974044799805 11.018546104431152
10.006957054138184 12.872550010681152
9.827898025512695 9.913877487182617
9.75440788269043 9.766092300415039
9.730600357055664 9.799803733825684
9.572920799255371 10.537395477294922
9.504414558410645 13.322270393371582
9.377933502197266 10.112076759338379
9.211299896240234 10.105281829833984
8.868158340454102 10.211769104003906
8.750951766967773 9.064906120300293
8.687579154968262 10.166337013244629
8.492196083068848 9.28079605102539
8.294803619384766 8.924504280090332
7.467216968536377 9.504514694213867
