0.0 2.5475118160247803
0.0 3.577413320541382
0.0 4.191181182861328
0.0 4.203704833984375
0.0 4.206915378570557
0.0 4.222020149230957
0.0 4.3358635902404785
0.0 4.562137603759766
0.0 5.038010597229004
0.0 5.271470069885254
0.0 5.2716875076293945
0.0 5.400975704193115
0.0 5.629311561584473
0.0 5.832055568695068
0.0 5.86075496673584
0.0 6.546270847320557
0.0 6.614528179168701
0.0 6.635865211486816
0.0 6.968664169311523
0.0 6.98166036605835
0.0 7.004870414733887
0.0 7.067861557006836
0.0 7.335669994354248
0.0 7.416782379150391
0.0 7.447126865386963
0.0 7.4670915603637695
0.0 7.7416253089904785
0.0 8.001764297485352
0.0 8.267327308654785
0.0 8.29763126373291
0.0 8.397517204284668
0.0 8.400005340576172
0.0 8.409116744995117
0.0 8.427390098571777
0.0 8.660126686096191
0.0 8.767756462097168
0.0 9.036147117614746
0.0 9.114542007446289
0.0 9.165777206420898
0.0 9.203205108642578
0.0 9.400696754455566
0.0 9.523940086364746
0.0 9.792311668395996
0.0 9.849562644958496
0.0 9.85627269744873
0.0 10.192001342773438
0.0 10.195637702941895
0.0 10.384186744689941
0.0 10.564462661743164
0.0 10.601380348205566
0.0 10.749063491821289
0.0 10.907772064208984
0.0 10.912267684936523
0.0 11.173593521118164
0.0 11.400035858154297
0.0 11.548234939575195
0.0 12.220019340515137
0.0 12.320829391479492
0.0 12.63976001739502
0.0 13.546509742736816
0.0 13.950783729553223
0.0 14.351180076599121
0.0 14.641979217529297
0.0 16.409345626831055
0.0 16.445863723754883
0.0 16.542037963867188
0.0 17.411195755004883
0.0 18.117080688476562
0.0 19.27854347229004
0.0 19.388999938964844
0.0 19.79941177368164
0.0 21.041255950927734
0.0 23.09354019165039
0.0 23.174135208129883
0.0 24.90059471130371
0.0 25.51097297668457
0.0 26.147127151489258
0.0 26.564998626708984
0.0 28.505390167236328
0.0 30.148000717163086
0.0 33.99710464477539
0.0 inf
51.46004104614258 51.99503707885742
49.74663543701172 50.97608184814453
46.28921127319336 59.949928283691406
37.652435302734375 60.38204574584961
19.73332405090332 23.047269821166992
19.676626205444336 22.267444610595703
18.586036682128906 24.3601131439209
17.317842483520508 18.025156021118164
16.53394889831543 17.796018600463867
14.856149673461914 18.511756896972656
13.969598770141602 14.730605125427246
13.834152221679688 18.646818161010742
13.75729751586914 14.593828201293945
11.712812423706055 13.65563678741455
11.240267753601074 13.521161079406738
10.7958345413208 11.360763549804688
10.782991409301758 12.029778480529785
10.742889404296875 11.244686126708984
10.736056327819824 15.152764320373535
10.105988502502441 10.779609680175781
9.661988258361816 9.694375991821289
9.362529754638672 11.52517032623291
8.473358154296875 9.425134658813477
8.425070762634277 9.549985885620117
7.479830265045166 8.486893653869629
7.411001205444336 8.442975044250488
