0.0 2.4672048091888428
0.0 3.137653350830078
0.0 4.302463531494141
0.0 5.405945301055908
0.0 5.585047245025635
0.0 5.60347318649292
0.0 5.793255805969238
0.0 5.89307975769043
0.0 5.982527256011963
0.0 6.286452293395996
0.0 6.327185153961182
0.0 6.447746753692627
0.0 6.705261707305908
0.0 6.990372657775879
0.0 7.205204486846924
0.0 7.469708442687988
0.0 7.584879398345947
0.0 7.597176551818848
0.0 7.601712703704834
0.0 7.604919910430908
0.0 7.653991222381592
0.0 7.731039524078369
0.0 7.802673816680908
0.0 7.884521961212158
0.0 8.046006202697754
0.0 8.14448070526123
0.0 8.189224243164062
0.0 8.266867637634277
0.0 8.342013359069824
0.0 8.414460182189941
0.0 8.538362503051758
0.0 8.544536590576172
0.0 8.58289909362793
0.0 8.808464050292969
0.0 8.863064765930176
0.0 8.897398948669434
0.0 8.978354454040527
0.0 9.106532096862793
0.0 9.134729385375977
0.0 9.226133346557617
0.0 9.36877727508545
0.0 9.380180358886719
0.0 9.604571342468262
0.0 9.921306610107422
0.0 10.069727897644043
0.0 10.259539604187012
0.0 10.259600639343262
0.0 10.428189277648926
0.0 10.468754768371582
0.0 10.781440734863281
0.0 10.884502410888672
0.0 10.887908935546875
0.0 10.991186141967773
0.0 11.185688972473145
0.0 11.98428726196289
0.0 12.020505905151367
0.0 12.59984016418457
0.0 12.613665580749512
0.0 12.682125091552734
0.0 12.74605655670166
0.0 13.172417640686035
0.0 13.874598503112793
0.0 14.545432090759277
0.0 15.461824417114258
0.0 16.74921226501465
0.0 17.673437118530273
0.0 18.542890548706055
0.0 19.114662170410156
0.0 19.626001358032227
0.0 20.524019241333008
0.0 21.1896915435791
0.0 21.939319610595703
0.0 22.72281265258789
0.0 23.902801513671875
0.0 23.91111183166504
0.0 25.377412796020508
0.0 27.388948440551758
0.0 27.42222023010254
0.0 28.568021774291992
0.0 29.467552185058594
0.0 30.781381607055664
0.0 inf
37.801204681396484 60.74336242675781
37.385704040527344 57.83842086791992
31.167482376098633 37.819149017333984
21.75632095336914 27.5374813079834
17.60797691345215 18.251737594604492
16.60688591003418 16.770912170410156
16.596202850341797 20.072790145874023
15.470222473144531 19.868337631225586
15.404690742492676 17.00204086303711
14.967330932617188 15.80105209350586
14.796968460083008 16.568382263183594
13.416108131408691 17.001605987548828
12.559934616088867 12.604605674743652
11.274003982543945 13.451437950134277
10.39387321472168 11.949700355529785
9.514020919799805 12.326592445373535
9.424283027648926 13.39445972442627
8.438331604003906 10.254437446594238
8.239242553710938 9.992679595947266
7.765129566192627 9.352320671081543
