0.0 1.367458462715149
0.0 1.4429601430892944
0.0 2.4923758506774902
0.0 4.571014404296875
0.0 4.8102898597717285
0.0 5.18498420715332
0.0 5.292361736297607
0.0 5.296289443969727
0.0 5.461280345916748
0.0 5.634417533874512
0.0 5.640111923217773
0.0 5.815167427062988
0.0 6.348877429962158
0.0 6.3515167236328125
0.0 6.379633903503418
0.0 6.450256824493408
0.0 6.510519027709961
0.0 6.541792869567871
0.0 6.583433628082275
0.0 6.5857253074646
0.0 6.688634395599365
0.0 6.738611698150635
0.0 6.799472808837891
0.0 7.195314884185791
0.0 7.238210678100586
0.0 7.517563343048096
0.0 7.519460201263428
0.0 7.552764415740967
0.0 7.6266937255859375
0.0 7.660785675048828
0.0 7.760928630828857
0.0 7.877101898193359
0.0 7.958846092224121
0.0 8.19007682800293
0.0 8.366352081298828
0.0 8.42103099822998
0.0 8.533331871032715
0.0 8.598323822021484
0.0 8.656486511230469
0.0 8.84933853149414
0.0 8.89070987701416
0.0 8.99605941772461
0.0 9.02718734741211
0.0 9.068655014038086
0.0 9.185728073120117
0.0 9.32443618774414
0.0 9.439699172973633
0.0 9.613462448120117
0.0 10.27816390991211
0.0 10.335532188415527
0.0 10.462827682495117
0.0 10.505687713623047
0.0 10.816431045532227
0.0 11.271120071411133
0.0 11.301552772521973
0.0 11.333514213562012
0.0 11.909692764282227
0.0 11.942706108093262
0.0 13.245363235473633
0.0 13.640875816345215
0.0 14.400710105895996
0.0 14.619872093200684
0.0 14.619961738586426
0.0 14.871488571166992
0.0 14.947145462036133
0.0 16.378965377807617
0.0 17.071779251098633
0.0 18.98566436767578
0.0 19.80902862548828
0.0 21.739526748657227
0.0 21.804466247558594
0.0 22.87751579284668
0.0 22.941499710083008
0.0 23.699403762817383
0.0 24.984508514404297
0.0 25.0877628326416
0.0 25.21931266784668
0.0 26.409589767456055
0.0 27.447498321533203
0.0 28.477783203125
0.0 33.01253128051758
0.0 inf
43.368412017822266 44.37196731567383
42.65911102294922 62.55381774902344
41.268821716308594 42.925357818603516
37.884803771972656 60.92069625854492
31.164560317993164 35.065582275390625
19.51667594909668 25.281078338623047
18.538681030273438 21.87160873413086
18.38874053955078 22.662822723388672
16.29897117614746 18.030405044555664
14.478471755981445 15.50025463104248
13.29279613494873 13.961542129516602
12.742429733276367 13.721214294433594
11.713436126708984 11.76883316040039
11.707093238830566 13.51732349395752
11.580655097961426 11.788257598876953
11.030926704406738 11.139436721801758
10.111966133117676 10.857525825500488
9.76701545715332 10.243122100830078
9.657142639160156 10.534613609313965
9.499913215637207 11.825023651123047
9.383570671081543 11.846221923828125
9.303726196289062 11.873418807983398
8.49561882019043 9.619311332702637
8.432992935180664 8.918432235717773
8.085491180419922 9.747045516967773
