0.0 2.901515007019043
0.0 3.0059330463409424
0.0 3.2441446781158447
0.0 4.442787170410156
0.0 5.5765156745910645
0.0 5.58303689956665
0.0 5.806828022003174
0.0 5.966330528259277
0.0 6.009849548339844
0.0 6.172104835510254
0.0 6.304672718048096
0.0 6.355024337768555
0.0 6.403170108795166
0.0 6.405606746673584
0.0 6.423167705535889
0.0 6.457282066345215
0.0 6.5329084396362305
0.0 6.6442718505859375
0.0 6.749504566192627
0.0 6.768887996673584
0.0 6.8944268226623535
0.0 6.91907262802124
0.0 7.150059700012207
0.0 7.159304141998291
0.0 7.269891738891602
0.0 7.3775177001953125
0.0 7.471554756164551
0.0 7.537303924560547
0.0 7.7347283363342285
0.0 7.882931709289551
0.0 8.064640045166016
0.0 8.079689025878906
0.0 8.333284378051758
0.0 8.353311538696289
0.0 8.4099702835083
0.0 8.449975967407227
0.0 8.481452941894531
0.0 8.483461380004883
0.0 8.564696311950684
0.0 8.639062881469727
0.0 8.736717224121094
0.0 8.739599227905273
0.0 8.745478630065918
0.0 8.814443588256836
0.0 8.850228309631348
0.0 9.092452049255371
0.0 9.099006652832031
0.0 9.172513961791992
0.0 9.574002265930176
0.0 9.575418472290039
0.0 9.730886459350586
0.0 9.866461753845215
0.0 10.097272872924805
0.0 10.156427383422852
0.0 10.793038368225098
0.0 11.053311347961426
0.0 11.495697975158691
0.0 11.691964149475098
0.0 12.275920867919922
0.0 12.62313175201416
0.0 12.686485290527344
0.0 13.510381698608398
0.0 14.6802978515625
0.0 14.99643611907959
0.0 16.312171936035156
0.0 17.077980041503906
0.0 17.768112182617188
0.0 18.37638282775879
0.0 18.583171844482422
0.0 20.08039093017578
0.0 22.172082901000977
0.0 22.85150909423828
0.0 26.412155151367188
0.0 26.44446563720703
0.0 27.119726181030273
0.0 30.362810134887695
0.0 30.526290893554688
0.0 30.58609390258789
0.0 31.30759620666504
0.0 32.7645263671875
0.0 35.54478073120117
0.0 inf
43.25093460083008 67.62784576416016
42.653465270996094 42.82516860961914
40.10249328613281 40.227596282958984
36.85302734375 77.87893676757812
19.735721588134766 25.564804077148438
18.927459716796875 22.89678955078125
18.768247604370117 21.33344268798828
14.770271301269531 15.904003143310547
12.556818962097168 15.301487922668457
12.242259979248047 13.133399963378906
11.835697174072266 11.997396469116211
11.486618041992188 12.202414512634277
10.714956283569336 11.650774955749512
10.167688369750977 11.81938648223877
9.87678050994873 12.020109176635742
9.686724662780762 11.986917495727539
9.414050102233887 10.483948707580566
9.3947114944458 12.526161193847656
9.038444519042969 9.4089994430542
8.934172630310059 9.621519088745117
8.889678955078125 11.840707778930664
8.532073020935059 9.843255996704102
8.398699760437012 8.752324104309082
8.341659545898438 8.630345344543457
8.31877326965332 9.221273422241211
