0.0 4.206331253051758
0.0 4.652491092681885
0.0 4.670846462249756
0.0 5.219358444213867
0.0 5.332095146179199
0.0 5.466115474700928
0.0 5.486108779907227
0.0 5.5001220703125
0.0 5.656864166259766
0.0 5.710555076599121
0.0 5.856749057769775
0.0 5.884222507476807
0.0 6.122829914093018
0.0 6.38860559463501
0.0 6.416988849639893
0.0 6.611401081085205
0.0 6.686577320098877
0.0 6.789095878601074
0.0 6.915091037750244
0.0 6.955721855163574
0.0 7.091446876525879
0.0 7.158000946044922
0.0 7.198273181915283
0.0 7.234930992126465
0.0 7.500063896179199
0.0 7.657066345214844
0.0 7.659422397613525
0.0 7.728708744049072
0.0 7.7347612380981445
0.0 7.778730392456055
0.0 7.806758880615234
0.0 7.856767177581787
0.0 8.026409149169922
0.0 8.03381061553955
0.0 8.208429336547852
0.0 8.21815013885498
0.0 8.287540435791016
0.0 8.350871086120605
0.0 8.416208267211914
0.0 8.433502197265625
0.0 8.435894966125488
0.0 8.55449104309082
0.0 8.723490715026855
0.0 8.893498420715332
0.0 8.960755348205566
0.0 9.023015022277832
0.0 9.325881004333496
0.0 9.369009971618652
0.0 9.672059059143066
0.0 9.916796684265137
0.0 9.94233512878418
0.0 10.074347496032715
0.0 10.191251754760742
0.0 10.251937866210938
0.0 11.246637344360352
0.0 11.26506233215332
0.0 11.42245101928711
0.0 12.652976989746094
0.0 13.071328163146973
0.0 13.079665184020996
0.0 13.671367645263672
0.0 13.733450889587402
0.0 14.052595138549805
0.0 14.539663314819336
0.0 14.89593505859375
0.0 15.6019926071167
0.0 17.391372680664062
0.0 18.249637603759766
0.0 18.321130752563477
0.0 18.46244239807129
0.0 19.0280704498291
0.0 19.67660140991211
0.0 22.283777236938477
0.0 23.907442092895508
0.0 28.154203414916992
0.0 28.173110961914062
0.0 28.297060012817383
0.0 29.845806121826172
0.0 30.869991302490234
0.0 32.138511657714844
0.0 34.98409652709961
0.0 inf
58.75071334838867 60.92082595825195
56.755455017089844 64.77973175048828
52.45960998535156 69.53125762939453
19.330766677856445 25.18671417236328
18.651683807373047 19.452543258666992
15.671015739440918 19.404272079467773
14.525885581970215 16.781299591064453
14.3318452835083 15.065190315246582
12.291824340820312 13.270515441894531
11.721016883850098 12.659470558166504
10.891414642333984 12.03548812866211
10.701042175292969 12.870453834533691
10.62449836730957 11.920781135559082
10.573464393615723 12.413918495178223
10.045683860778809 12.258964538574219
9.522290229797363 9.672708511352539
9.44377613067627 9.983445167541504
9.091053009033203 11.5930814743042
9.054746627807617 9.892576217651367
8.948419570922852 9.890905380249023
8.941244125366211 11.627851486206055
8.65914535522461 9.738285064697266
8.426342964172363 8.944164276123047
8.418142318725586 10.067052841186523
8.328038215637207 8.96963119506836
7.525960445404053 8.051711082458496
6.974710464477539 7.629100322723389
