0.0 1.158026099205017
0.0 3.8840439319610596
0.0 5.44723653793335
0.0 5.48507022857666
0.0 5.559242248535156
0.0 5.673577308654785
0.0 5.679567813873291
0.0 6.112358570098877
0.0 6.1240763664245605
0.0 6.373069763183594
0.0 6.374606609344482
0.0 6.4051594734191895
0.0 6.406830787658691
0.0 6.418234348297119
0.0 6.502199649810791
0.0 6.611031532287598
0.0 6.665361404418945
0.0 6.70837926864624
0.0 6.824560642242432
0.0 6.962704658508301
0.0 7.056474208831787
0.0 7.205119609832764
0.0 7.2249274253845215
0.0 7.267136096954346
0.0 7.449903964996338
0.0 7.46553897857666
0.0 7.4862518310546875
0.0 7.487212657928467
0.0 7.520290374755859
0.0 7.563255310058594
0.0 7.813795566558838
0.0 7.814047813415527
0.0 7.902816295623779
0.0 8.045257568359375
0.0 8.148754119873047
0.0 8.167425155639648
0.0 8.523761749267578
0.0 8.572381973266602
0.0 8.58224868774414
0.0 8.629335403442383
0.0 8.63085651397705
0.0 8.667315483093262
0.0 8.81282901763916
0.0 8.92938232421875
0.0 9.05280590057373
0.0 9.179941177368164
0.0 9.35008716583252
0.0 9.424643516540527
0.0 9.501030921936035
0.0 10.134780883789062
0.0 10.33051872253418
0.0 10.96723747253418
0.0 11.661187171936035
0.0 13.040337562561035
0.0 13.189973831176758
0.0 13.282022476196289
0.0 13.505204200744629
0.0 13.591480255126953
0.0 13.700974464416504
0.0 13.787445068359375
0.0 14.087486267089844
0.0 14.41911792755127
0.0 14.585068702697754
0.0 16.0614070892334
0.0 17.11041831970215
0.0 17.712514877319336
0.0 18.357500076293945
0.0 18.981279373168945
0.0 19.49042320251465
0.0 21.06121063232422
0.0 24.19124984741211
0.0 25.506624221801758
0.0 26.727794647216797
0.0 28.437602996826172
0.0 30.300085067749023
0.0 30.630823135375977
0.0 34.4473991394043
0.0 38.06389236450195
0.0 40.25666809082031
0.0 inf
56.40156936645508 57.65848922729492
49.40011978149414 75.53450012207031
44.087677001953125 67.49765014648438
41.810123443603516 44.006385803222656
19.813430786132812 20.509620666503906
17.39010238647461 24.427871704101562
16.74859046936035 20.01799964904785
14.172009468078613 14.734399795532227
13.986175537109375 15.37005615234375
11.495461463928223 12.570592880249023
10.851911544799805 11.919283866882324
10.733189582824707 12.922263145446777
10.688271522521973 10.888838768005371
10.408992767333984 10.757927894592285
10.278509140014648 11.671731948852539
9.931815147399902 9.990944862365723
9.843291282653809 11.409148216247559
9.68536376953125 10.693110466003418
9.68012809753418 13.518195152282715
9.534146308898926 10.702088356018066
9.228036880493164 10.287750244140625
9.216424942016602 10.526516914367676
9.168538093566895 9.75008487701416
8.956880569458008 10.864767074584961
8.688691139221191 10.551017761230469
7.462914943695068 7.995562553405762
