0.0 1.0355734825134277
0.0 1.0764843225479126
0.0 1.078063726425171
0.0 3.3216776847839355
0.0 3.7618398666381836
0.0 4.318141937255859
0.0 5.298116207122803
0.0 5.8739237785339355
0.0 5.984172821044922
0.0 6.054996967315674
0.0 6.056269645690918
0.0 6.061928749084473
0.0 6.270522117614746
0.0 6.322640895843506
0.0 6.323832035064697
0.0 6.3671112060546875
0.0 6.421658039093018
0.0 6.579502582550049
0.0 6.663994312286377
0.0 6.679604530334473
0.0 6.744068145751953
0.0 6.813375949859619
0.0 7.251645565032959
0.0 7.4127421379089355
0.0 7.423305034637451
0.0 7.555667400360107
0.0 7.568963527679443
0.0 7.578081130981445
0.0 7.5957417488098145
0.0 7.783249855041504
0.0 7.829540252685547
0.0 7.852724552154541
0.0 8.06554889678955
0.0 8.096505165100098
0.0 8.28022289276123
0.0 8.312935829162598
0.0 8.342743873596191
0.0 8.352510452270508
0.0 8.385493278503418
0.0 8.386565208435059
0.0 8.44387435913086
0.0 8.470991134643555
0.0 8.554887771606445
0.0 8.629637718200684
0.0 8.751631736755371
0.0 8.806715965270996
0.0 8.829726219177246
0.0 10.215615272521973
0.0 10.631124496459961
0.0 10.719411849975586
0.0 10.738164901733398
0.0 11.016437530517578
0.0 11.554269790649414
0.0 11.72775650024414
0.0 11.951078414916992
0.0 12.445610046386719
0.0 12.672806739807129
0.0 13.140533447265625
0.0 13.485248565673828
0.0 13.531506538391113
0.0 13.542891502380371
0.0 14.125356674194336
0.0 14.35616397857666
0.0 14.656722068786621
0.0 16.463685989379883
0.0 16.66976547241211
0.0 17.52654457092285
0.0 17.919700622558594
0.0 21.626373291015625
0.0 21.871021270751953
0.0 22.198171615600586
0.0 22.938522338867188
0.0 23.023405075073242
0.0 23.613086700439453
0.0 23.88766860961914
0.0 24.243968963623047
0.0 25.338457107543945
0.0 27.08098793029785
0.0 27.383792877197266
0.0 29.6898193359375
0.0 36.076576232910156
0.0 inf
46.23210525512695 67.32682800292969
39.31926345825195 63.90642166137695
38.24148941040039 39.34299087524414
34.57191848754883 36.976707458496094
20.766687393188477 20.85135269165039
19.752031326293945 20.61709213256836
18.52888298034668 22.370033264160156
18.473081588745117 21.414363861083984
18.286819458007812 26.04831314086914
18.055356979370117 21.120662689208984
15.887267112731934 18.760908126831055
13.930665016174316 14.823655128479004
11.740442276000977 13.504242897033691
10.61216926574707 12.162683486938477
10.3671875 13.439297676086426
10.330944061279297 12.694125175476074
9.948065757751465 11.128593444824219
9.723871231079102 12.497865676879883
9.600653648376465 11.066129684448242
9.317739486694336 13.896254539489746
8.626285552978516 9.907827377319336
8.487438201904297 8.940159797668457
7.677422523498535 9.308624267578125
