0.0 1.035580039024353
0.0 1.0386152267456055
0.0 1.0830261707305908
0.0 4.39538049697876
0.0 4.464702129364014
0.0 4.624901294708252
0.0 5.288321018218994
0.0 5.732241630554199
0.0 6.160201072692871
0.0 6.233887195587158
0.0 6.304591178894043
0.0 6.308803558349609
0.0 6.344667434692383
0.0 6.354304790496826
0.0 6.36647891998291
0.0 6.512628078460693
0.0 6.651397705078125
0.0 6.668637752532959
0.0 6.758355140686035
0.0 6.925722599029541
0.0 6.946814060211182
0.0 7.191786289215088
0.0 7.240767002105713
0.0 7.260241508483887
0.0 7.26384162902832
0.0 7.293473720550537
0.0 7.373007297515869
0.0 7.40922737121582
0.0 7.577177047729492
0.0 7.885614395141602
0.0 7.898719787597656
0.0 8.132038116455078
0.0 8.299722671508789
0.0 8.351938247680664
0.0 8.360912322998047
0.0 8.400266647338867
0.0 8.435020446777344
0.0 8.515352249145508
0.0 8.591113090515137
0.0 8.613439559936523
0.0 8.654144287109375
0.0 8.75774097442627
0.0 8.770249366760254
0.0 8.86766529083252
0.0 8.878361701965332
0.0 8.904160499572754
0.0 9.059483528137207
0.0 10.245450973510742
0.0 10.26292610168457
0.0 10.506832122802734
0.0 10.639019966125488
0.0 10.869046211242676
0.0 10.9071626663208
0.0 11.2073335647583
0.0 11.477184295654297
0.0 11.642512321472168
0.0 12.061068534851074
0.0 12.82593059539795
0.0 12.949877738952637
0.0 13.790552139282227
0.0 14.422091484069824
0.0 14.664899826049805
0.0 14.784940719604492
0.0 14.916159629821777
0.0 15.337915420532227
0.0 16.39354705810547
0.0 18.12938117980957
0.0 18.328746795654297
0.0 20.80801773071289
0.0 22.93840789794922
0.0 22.953256607055664
0.0 23.015670776367188
0.0 23.072385787963867
0.0 23.351207733154297
0.0 23.84438705444336
0.0 24.512601852416992
0.0 25.840627670288086
0.0 26.203798294067383
0.0 26.65860939025879
0.0 28.103849411010742
0.0 32.02216339111328
0.0 inf
43.964839935302734 44.126705169677734
40.014007568359375 65.81221771240234
37.588523864746094 38.1594123840332
36.845909118652344 66.93111419677734
31.924558639526367 35.67906951904297
18.882888793945312 24.74078369140625
18.524024963378906 21.66976547241211
18.377653121948242 22.588394165039062
16.251251220703125 16.66299057006836
15.795964241027832 17.112564086914062
15.234048843383789 17.81364631652832
14.141867637634277 14.160345077514648
11.86073112487793 11.959173202514648
11.766855239868164 13.619202613830566
11.679451942443848 12.518128395080566
11.538515090942383 12.76236629486084
10.681717872619629 12.915481567382812
10.507609367370605 12.68986988067627
10.252711296081543 11.375741958618164
9.694009780883789 12.551924705505371
9.368123054504395 14.068404197692871
9.195748329162598 9.469581604003906
8.890697479248047 10.06435775756836
8.06395435333252 8.237278938293457
7.542309284210205 9.519654273986816
