0.0 1.363155484199524
0.0 1.4611274003982544
0.0 1.4755371809005737
0.0 3.8609213829040527
0.0 4.729214668273926
0.0 4.846444129943848
0.0 4.9876580238342285
0.0 5.226417064666748
0.0 5.337857246398926
0.0 5.43873405456543
0.0 5.446377277374268
0.0 5.7700700759887695
0.0 6.040988445281982
0.0 6.347379207611084
0.0 6.360998153686523
0.0 6.424432277679443
0.0 6.526689529418945
0.0 6.535475254058838
0.0 6.57307767868042
0.0 6.676918983459473
0.0 6.818521976470947
0.0 6.832499027252197
0.0 6.986423492431641
0.0 7.073619842529297
0.0 7.271782875061035
0.0 7.457119941711426
0.0 7.467230796813965
0.0 7.472650527954102
0.0 7.56392240524292
0.0 7.635363578796387
0.0 7.675423622131348
0.0 7.692216873168945
0.0 7.710022926330566
0.0 7.807910442352295
0.0 7.864947319030762
0.0 7.922574996948242
0.0 8.096555709838867
0.0 8.194791793823242
0.0 8.412651062011719
0.0 8.5194091796875
0.0 8.667837142944336
0.0 8.68979549407959
0.0 8.764911651611328
0.0 9.025092124938965
0.0 9.032537460327148
0.0 9.308903694152832
0.0 9.33261489868164
0.0 9.399487495422363
0.0 9.933655738830566
0.0 10.150772094726562
0.0 10.611863136291504
0.0 10.65634822845459
0.0 10.694129943847656
0.0 10.71987533569336
0.0 10.898585319519043
0.0 10.982389450073242
0.0 12.643550872802734
0.0 12.687919616699219
0.0 13.746936798095703
0.0 13.917157173156738
0.0 14.055144309997559
0.0 14.123372077941895
0.0 14.511137962341309
0.0 15.448999404907227
0.0 16.369609832763672
0.0 16.39271354675293
0.0 16.451862335205078
0.0 19.43662452697754
0.0 20.55811882019043
0.0 21.609220504760742
0.0 21.705690383911133
0.0 22.788482666015625
0.0 22.86808204650879
0.0 23.92205047607422
0.0 24.080116271972656
0.0 24.78949737548828
0.0 25.01679801940918
0.0 25.990446090698242
0.0 27.43134880065918
0.0 29.104183197021484
0.0 33.02348327636719
0.0 inf
43.467750549316406 44.1544303894043
41.28257751464844 60.12689208984375
40.02286148071289 41.96867752075195
38.92839813232422 61.385005950927734
29.114606857299805 33.44762420654297
22.14784812927246 22.656240463256836
20.67860984802246 24.43876838684082
18.48311996459961 21.572120666503906
17.614290237426758 22.26854133605957
15.288798332214355 16.91819190979004
14.303760528564453 16.952138900756836
12.750200271606445 13.32635498046875
12.36345386505127 13.286941528320312
11.237627983093262 12.566353797912598
10.206049919128418 10.8266019821167
10.164619445800781 10.171684265136719
10.15322208404541 11.913080215454102
9.339072227478027 12.42337417602539
9.293496131896973 10.293540954589844
9.267224311828613 12.679110527038574
8.28670597076416 9.304635047912598
8.015137672424316 9.522404670715332
7.995888710021973 9.029037475585938
