0.0 3.23978853225708
0.0 4.381444454193115
0.0 4.821744918823242
0.0 5.5988383293151855
0.0 5.8483123779296875
0.0 6.083836555480957
0.0 6.274480819702148
0.0 6.288362503051758
0.0 6.295797348022461
0.0 6.403076171875
0.0 6.47483491897583
0.0 6.495192527770996
0.0 6.60807466506958
0.0 6.658919334411621
0.0 6.666754245758057
0.0 6.795569896697998
0.0 6.867079734802246
0.0 6.979186534881592
0.0 7.291306972503662
0.0 7.334683418273926
0.0 7.378204345703125
0.0 7.396510601043701
0.0 7.534714698791504
0.0 7.699882984161377
0.0 7.91473913192749
0.0 8.168402671813965
0.0 8.26964282989502
0.0 8.288460731506348
0.0 8.384873390197754
0.0 8.398380279541016
0.0 8.4644775390625
0.0 8.46857738494873
0.0 8.519059181213379
0.0 8.56401252746582
0.0 8.587430953979492
0.0 8.607366561889648
0.0 8.745274543762207
0.0 8.760909080505371
0.0 9.160181999206543
0.0 9.211081504821777
0.0 9.267813682556152
0.0 9.290607452392578
0.0 9.323680877685547
0.0 9.496508598327637
0.0 9.515695571899414
0.0 9.614940643310547
0.0 10.03480339050293
0.0 10.295003890991211
0.0 10.495224952697754
0.0 10.581457138061523
0.0 10.90308952331543
0.0 11.089774131774902
0.0 11.127425193786621
0.0 11.159501075744629
0.0 11.3631591796875
0.0 11.499789237976074
0.0 11.572093963623047
0.0 11.674668312072754
0.0 12.5947847366333
0.0 12.75219440460205
0.0 13.222665786743164
0.0 13.444385528564453
0.0 14.040529251098633
0.0 15.419010162353516
0.0 17.2450008392334
0.0 17.6135196685791
0.0 17.767675399780273
0.0 18.62896728515625
0.0 19.494386672973633
0.0 19.64802360534668
0.0 21.137001037597656
0.0 21.9443416595459
0.0 22.75619125366211
0.0 23.74444007873535
0.0 24.01503562927246
0.0 24.032636642456055
0.0 26.215450286865234
0.0 27.535919189453125
0.0 28.721681594848633
0.0 30.32252311706543
0.0 32.2167854309082
0.0 inf
45.450801849365234 45.99675750732422
45.44463348388672 60.81462478637695
37.46232986450195 61.27180480957031
34.78156280517578 39.74247741699219
33.75227355957031 37.598838806152344
22.01513671875 28.567930221557617
18.952770233154297 20.09432029724121
17.535776138305664 19.669193267822266
16.645620346069336 20.024280548095703
13.510844230651855 13.532485008239746
13.26447868347168 15.861855506896973
12.24420166015625 13.461906433105469
11.662150382995605 12.347058296203613
11.53549861907959 11.867572784423828
11.129949569702148 11.149006843566895
11.034140586853027 13.526834487915039
10.525042533874512 13.403148651123047
10.472831726074219 10.84573745727539
10.437379837036133 11.537720680236816
9.653361320495605 12.567648887634277
8.944488525390625 16.135963439941406
8.810347557067871 10.724870681762695
7.948295593261719 9.343546867370605
