0.0 1.1954591274261475
0.0 1.266413688659668
0.0 3.234337091445923
0.0 4.551661491394043
0.0 4.67460298538208
0.0 4.983036994934082
0.0 5.1277875900268555
0.0 5.685380458831787
0.0 5.900770664215088
0.0 5.904382705688477
0.0 5.969193935394287
0.0 6.091270923614502
0.0 6.202374458312988
0.0 6.206813812255859
0.0 6.223209857940674
0.0 6.235846519470215
0.0 6.371795177459717
0.0 6.382812976837158
0.0 6.398399353027344
0.0 6.443273067474365
0.0 6.498823642730713
0.0 6.5788702964782715
0.0 6.584838390350342
0.0 6.61810302734375
0.0 7.089898586273193
0.0 7.3624186515808105
0.0 7.408860206604004
0.0 7.452693462371826
0.0 7.497595310211182
0.0 7.548689842224121
0.0 7.550999641418457
0.0 7.616959095001221
0.0 7.639401912689209
0.0 7.647227764129639
0.0 7.697457790374756
0.0 8.014787673950195
0.0 8.234237670898438
0.0 8.383230209350586
0.0 8.421525001525879
0.0 8.534050941467285
0.0 8.579092025756836
0.0 8.623709678649902
0.0 8.89246654510498
0.0 9.026623725891113
0.0 9.048983573913574
0.0 9.098984718322754
0.0 9.501503944396973
0.0 9.558380126953125
0.0 9.747264862060547
0.0 9.989583969116211
0.0 10.036294937133789
0.0 10.35515308380127
0.0 10.361103057861328
0.0 12.215728759765625
0.0 12.538427352905273
0.0 12.679457664489746
0.0 12.768725395202637
0.0 13.21866512298584
0.0 13.557866096496582
0.0 13.99702262878418
0.0 14.88193416595459
0.0 15.253625869750977
0.0 15.440848350524902
0.0 15.720268249511719
0.0 16.650625228881836
0.0 17.1929874420166
0.0 17.779842376708984
0.0 18.614322662353516
0.0 18.637189865112305
0.0 19.969804763793945
0.0 21.18843650817871
0.0 26.248992919921875
0.0 27.06110954284668
0.0 27.103404998779297
0.0 27.975704193115234
0.0 29.90910530090332
0.0 30.39469337463379
0.0 33.38541030883789
0.0 34.43912124633789
0.0 36.58803176879883
0.0 inf
50.8292350769043 76.40217590332031
46.357173919677734 67.83697509765625
19.76381492614746 21.7397518157959
19.319713592529297 20.72150230407715
16.95322036743164 23.912288665771484
16.676467895507812 20.338035583496094
15.73802661895752 18.42307472229004
12.277445793151855 15.260688781738281
11.595651626586914 13.490925788879395
11.043495178222656 11.839263916015625
10.775218963623047 11.155184745788574
10.400541305541992 14.031660079956055
10.327120780944824 11.25042724609375
9.943023681640625 11.584037780761719
9.752376556396484 9.774937629699707
9.723160743713379 9.956928253173828
9.50316047668457 10.839189529418945
9.261683464050293 10.226309776306152
8.67972469329834 9.481224060058594
8.516375541687012 8.755833625793457
8.456132888793945 8.584208488464355
8.263854026794434 9.440853118896484
8.024618148803711 9.809423446655273
7.591139316558838 7.91542387008667
7.456429958343506 8.587745666503906
