0.0 3.5959630012512207
0.0 3.837867259979248
0.0 4.194222927093506
0.0 4.619123458862305
0.0 4.624669075012207
0.0 5.028314113616943
0.0 5.372514724731445
0.0 5.637776851654053
0.0 6.05026388168335
0.0 6.251687526702881
0.0 6.313875675201416
0.0 6.390540599822998
0.0 6.568502902984619
0.0 6.584630966186523
0.0 6.73943567276001
0.0 6.992098331451416
0.0 7.02168083190918
0.0 7.083346843719482
0.0 7.30131196975708
0.0 7.3170061111450195
0.0 7.385395526885986
0.0 7.389640808105469
0.0 7.431918144226074
0.0 7.490808010101318
0.0 7.514840126037598
0.0 7.589405536651611
0.0 7.993816375732422
0.0 8.292842864990234
0.0 8.359551429748535
0.0 8.367180824279785
0.0 8.40177059173584
0.0 8.427111625671387
0.0 8.46405029296875
0.0 8.534381866455078
0.0 8.619768142700195
0.0 8.641546249389648
0.0 8.675914764404297
0.0 8.751055717468262
0.0 8.991540908813477
0.0 9.137078285217285
0.0 9.188789367675781
0.0 9.238706588745117
0.0 9.353118896484375
0.0 9.447272300720215
0.0 9.517582893371582
0.0 9.79307746887207
0.0 10.0397367477417
0.0 10.33191967010498
0.0 10.391685485839844
0.0 10.64360523223877
0.0 10.684812545776367
0.0 10.961459159851074
0.0 11.475433349609375
0.0 11.536432266235352
0.0 11.544604301452637
0.0 11.646208763122559
0.0 11.920387268066406
0.0 12.156946182250977
0.0 13.082894325256348
0.0 13.135376930236816
0.0 13.456125259399414
0.0 13.931327819824219
0.0 15.31865406036377
0.0 16.04233169555664
0.0 16.521711349487305
0.0 16.594139099121094
0.0 17.707143783569336
0.0 18.20488166809082
0.0 18.29221534729004
0.0 19.43834686279297
0.0 20.163803100585938
0.0 20.55609703063965
0.0 22.711912155151367
0.0 23.37000274658203
0.0 25.465709686279297
0.0 25.855619430541992
0.0 26.07513999938965
0.0 26.44537925720215
0.0 29.677526473999023
0.0 30.440324783325195
0.0 37.32461166381836
0.0 inf
54.50587844848633 57.25390625
46.34474563598633 53.77554702758789
40.63174057006836 57.92874526977539
39.07899856567383 60.23369598388672
20.047260284423828 22.917123794555664
18.89097023010254 21.86187744140625
18.667713165283203 24.36166000366211
16.274728775024414 17.227294921875
16.198286056518555 18.357328414916992
14.827276229858398 18.388992309570312
14.824740409851074 18.325946807861328
13.991111755371094 15.550799369812012
11.635050773620605 15.651628494262695
11.625933647155762 13.575545310974121
11.35042667388916 11.54907512664795
11.217105865478516 12.475476264953613
10.754997253417969 11.89144229888916
10.168089866638184 11.692965507507324
10.089350700378418 10.811135292053223
9.69775390625 11.245904922485352
9.303911209106445 11.517940521240234
8.931502342224121 10.688077926635742
8.91921615600586 9.792098045349121
8.5703706741333 9.56230354309082
8.427330017089844 10.387588500976562
7.5241827964782715 10.50000286102295
