0.0 1.3171535730361938
0.0 1.3582319021224976
0.0 1.390621304512024
0.0 4.76140832901001
0.0 4.789923191070557
0.0 5.003795623779297
0.0 5.218077182769775
0.0 5.223870754241943
0.0 5.360241413116455
0.0 5.4294023513793945
0.0 5.484870910644531
0.0 5.738832950592041
0.0 5.975849628448486
0.0 6.3443827629089355
0.0 6.345892429351807
0.0 6.39817476272583
0.0 6.519358158111572
0.0 6.545261383056641
0.0 6.6631245613098145
0.0 6.772197723388672
0.0 6.801489353179932
0.0 6.935366153717041
0.0 6.971928119659424
0.0 7.036077976226807
0.0 7.222352981567383
0.0 7.251491546630859
0.0 7.470663070678711
0.0 7.574275493621826
0.0 7.610983848571777
0.0 7.633774757385254
0.0 7.760623931884766
0.0 7.83274507522583
0.0 7.981827259063721
0.0 8.105225563049316
0.0 8.150726318359375
0.0 8.159253120422363
0.0 8.37349796295166
0.0 8.468741416931152
0.0 8.562707901000977
0.0 8.571243286132812
0.0 8.585334777832031
0.0 8.602388381958008
0.0 8.628466606140137
0.0 8.665692329406738
0.0 8.88741683959961
0.0 9.050865173339844
0.0 9.286352157592773
0.0 9.40975570678711
0.0 9.833895683288574
0.0 9.924531936645508
0.0 9.990866661071777
0.0 10.147701263427734
0.0 10.458992004394531
0.0 10.682758331298828
0.0 11.152220726013184
0.0 11.371761322021484
0.0 11.376794815063477
0.0 12.662822723388672
0.0 12.754179954528809
0.0 12.75609016418457
0.0 12.83219051361084
0.0 13.9197998046875
0.0 14.137807846069336
0.0 14.264190673828125
0.0 14.409648895263672
0.0 16.36537742614746
0.0 16.642086029052734
0.0 19.217514038085938
0.0 21.261613845825195
0.0 21.598302841186523
0.0 21.700481414794922
0.0 22.751684188842773
0.0 22.87371063232422
0.0 23.862258911132812
0.0 24.21380043029785
0.0 24.357696533203125
0.0 24.61974334716797
0.0 25.189361572265625
0.0 27.326923370361328
0.0 28.960887908935547
0.0 35.53546905517578
0.0 inf
41.9713134765625 60.93486022949219
40.39518356323242 42.10122299194336
37.66064453125 60.335166931152344
35.70278549194336 39.15081787109375
28.741498947143555 33.11404037475586
18.980621337890625 25.58234214782715
18.460283279418945 22.448467254638672
18.457277297973633 21.515871047973633
15.307893753051758 17.027021408081055
14.143600463867188 15.342607498168945
12.757906913757324 14.105448722839355
11.687637329101562 12.608156204223633
11.368026733398438 13.26187801361084
11.183682441711426 13.311253547668457
10.696836471557617 11.845723152160645
10.619074821472168 10.67616081237793
9.469294548034668 11.883936882019043
9.452764511108398 10.283294677734375
9.246421813964844 11.647665977478027
8.2661771774292 9.271951675415039
8.26445484161377 11.73499584197998
8.018628120422363 9.061922073364258
8.008444786071777 9.522725105285645
