0.0 2.3935203552246094
0.0 3.798821449279785
0.0 4.239394664764404
0.0 4.402012348175049
0.0 4.6519389152526855
0.0 4.980538845062256
0.0 5.286402702331543
0.0 5.366684913635254
0.0 5.695302963256836
0.0 5.850780963897705
0.0 6.352991104125977
0.0 6.353356838226318
0.0 6.6753010749816895
0.0 6.9353532791137695
0.0 7.07704496383667
0.0 7.260200023651123
0.0 7.363879203796387
0.0 7.384557247161865
0.0 7.421427249908447
0.0 7.428996562957764
0.0 7.441123962402344
0.0 7.47835636138916
0.0 7.491498947143555
0.0 7.530058860778809
0.0 7.53346061706543
0.0 7.538225173950195
0.0 7.9861226081848145
0.0 8.22946834564209
0.0 8.250460624694824
0.0 8.302949905395508
0.0 8.307877540588379
0.0 8.40750789642334
0.0 8.434845924377441
0.0 8.45798110961914
0.0 8.462542533874512
0.0 8.510845184326172
0.0 8.724665641784668
0.0 8.727485656738281
0.0 8.824784278869629
0.0 8.904921531677246
0.0 9.084395408630371
0.0 9.3583402633667
0.0 9.401166915893555
0.0 9.46667194366455
0.0 9.471076965332031
0.0 9.54487419128418
0.0 9.62884521484375
0.0 9.682343482971191
0.0 9.919075012207031
0.0 10.103066444396973
0.0 10.512310028076172
0.0 10.639328956604004
0.0 10.734333038330078
0.0 11.13330078125
0.0 11.442343711853027
0.0 11.454208374023438
0.0 12.20604419708252
0.0 13.050797462463379
0.0 13.233059883117676
0.0 13.3745698928833
0.0 13.405791282653809
0.0 13.424986839294434
0.0 13.869166374206543
0.0 15.756948471069336
0.0 16.001550674438477
0.0 17.29116439819336
0.0 17.359905242919922
0.0 17.583084106445312
0.0 18.646345138549805
0.0 19.384052276611328
0.0 19.76499366760254
0.0 19.7762451171875
0.0 22.851028442382812
0.0 23.452980041503906
0.0 24.814725875854492
0.0 25.03424835205078
0.0 26.060165405273438
0.0 27.528657913208008
0.0 29.436933517456055
0.0 29.816654205322266
0.0 31.746511459350586
0.0 inf
53.868125915527344 54.45042419433594
49.60293197631836 61.04328536987305
38.01715850830078 57.689090728759766
19.639577865600586 21.271759033203125
19.48217010498047 23.26546859741211
17.887422561645508 24.372045516967773
17.207263946533203 18.662431716918945
16.29560661315918 16.881805419921875
14.704922676086426 17.592117309570312
14.114020347595215 14.849996566772461
13.919572830200195 15.095357894897461
13.555431365966797 16.869810104370117
12.455092430114746 13.439080238342285
11.8763427734375 13.070446968078613
11.322216987609863 11.870931625366211
10.630067825317383 14.689370155334473
10.604125022888184 11.862916946411133
10.40961742401123 12.669507026672363
10.131566047668457 10.515589714050293
9.51534652709961 11.266214370727539
9.40820598602295 10.75626277923584
8.747773170471191 10.098834037780762
8.666888236999512 10.373159408569336
8.55066967010498 10.44090747833252
8.30704116821289 9.170809745788574
7.735982894897461 10.567870140075684
