0.0 3.6489226818084717
0.0 3.701795816421509
0.0 4.194087982177734
0.0 4.611756324768066
0.0 4.617063999176025
0.0 5.046751022338867
0.0 5.38375997543335
0.0 5.452260971069336
0.0 5.576056957244873
0.0 6.060661792755127
0.0 6.225942611694336
0.0 6.315069198608398
0.0 6.572849273681641
0.0 6.584758281707764
0.0 6.707332611083984
0.0 6.999403953552246
0.0 7.044538497924805
0.0 7.090073585510254
0.0 7.299071311950684
0.0 7.363622188568115
0.0 7.43437385559082
0.0 7.443320274353027
0.0 7.474140167236328
0.0 7.494725704193115
0.0 7.502893447875977
0.0 7.56189489364624
0.0 7.610812664031982
0.0 7.991884231567383
0.0 8.284586906433105
0.0 8.340706825256348
0.0 8.371030807495117
0.0 8.403145790100098
0.0 8.430804252624512
0.0 8.518531799316406
0.0 8.556159019470215
0.0 8.683856010437012
0.0 8.688202857971191
0.0 8.723628997802734
0.0 8.921182632446289
0.0 9.148114204406738
0.0 9.219574928283691
0.0 9.281637191772461
0.0 9.35095500946045
0.0 9.445520401000977
0.0 9.541006088256836
0.0 9.767509460449219
0.0 10.233931541442871
0.0 10.284551620483398
0.0 10.52592945098877
0.0 10.592888832092285
0.0 10.673951148986816
0.0 10.771563529968262
0.0 11.14768123626709
0.0 11.305450439453125
0.0 11.483015060424805
0.0 11.524566650390625
0.0 11.925565719604492
0.0 12.215864181518555
0.0 12.45511245727539
0.0 13.157713890075684
0.0 13.383058547973633
0.0 13.949041366577148
0.0 15.305593490600586
0.0 16.03285789489746
0.0 16.630252838134766
0.0 16.651187896728516
0.0 17.57110023498535
0.0 17.72288703918457
0.0 18.146942138671875
0.0 20.03063201904297
0.0 20.521574020385742
0.0 20.569284439086914
0.0 22.74616241455078
0.0 23.469707489013672
0.0 26.19195556640625
0.0 26.272071838378906
0.0 26.359888076782227
0.0 27.93768310546875
0.0 29.41190528869629
0.0 29.62795066833496
0.0 37.293846130371094
0.0 inf
52.712135314941406 56.994571685791016
45.15541076660156 53.209407806396484
40.45700454711914 57.15196228027344
38.93687438964844 58.850521087646484
19.91891860961914 22.96411895751953
18.70673179626465 21.862974166870117
18.66844367980957 24.354957580566406
16.12259292602539 18.307369232177734
15.326248168945312 16.37142562866211
14.990741729736328 18.2839412689209
14.809422492980957 18.20173454284668
14.460626602172852 15.560338973999023
11.660797119140625 15.82798957824707
11.647629737854004 13.622599601745605
11.323685646057129 12.555842399597168
10.770771026611328 11.885283470153809
10.246556282043457 10.540597915649414
10.230847358703613 11.723258018493652
10.094950675964355 10.802912712097168
9.704448699951172 11.27577018737793
9.336875915527344 11.535789489746094
8.950979232788086 10.688273429870605
8.635190963745117 8.817543983459473
8.554235458374023 9.568281173706055
8.509746551513672 9.66643238067627
7.678227424621582 10.408015251159668
