0.0 1.0579159259796143
0.0 1.0834431648254395
0.0 1.098691701889038
0.0 4.4374871253967285
0.0 4.54722261428833
0.0 5.397869110107422
0.0 5.59154748916626
0.0 5.642522811889648
0.0 5.935901165008545
0.0 6.128074645996094
0.0 6.189051151275635
0.0 6.312242031097412
0.0 6.329555034637451
0.0 6.483962059020996
0.0 6.534375190734863
0.0 6.558426856994629
0.0 6.591427326202393
0.0 6.604657173156738
0.0 6.682356834411621
0.0 6.692471027374268
0.0 6.723034381866455
0.0 6.740697383880615
0.0 6.834410667419434
0.0 7.009707927703857
0.0 7.271836280822754
0.0 7.321378231048584
0.0 7.365689754486084
0.0 7.416625499725342
0.0 7.419155120849609
0.0 7.508761405944824
0.0 7.621492862701416
0.0 7.6959710121154785
0.0 7.793858051300049
0.0 7.973784923553467
0.0 7.995328426361084
0.0 8.186233520507812
0.0 8.274755477905273
0.0 8.300154685974121
0.0 8.37894058227539
0.0 8.382742881774902
0.0 8.403772354125977
0.0 8.413119316101074
0.0 8.428231239318848
0.0 8.516334533691406
0.0 8.52884292602539
0.0 8.603331565856934
0.0 8.666511535644531
0.0 8.854937553405762
0.0 8.866657257080078
0.0 8.986920356750488
0.0 8.99992561340332
0.0 9.128494262695312
0.0 9.454102516174316
0.0 9.552857398986816
0.0 10.437182426452637
0.0 11.099967002868652
0.0 11.53544807434082
0.0 11.788106918334961
0.0 12.653815269470215
0.0 13.445857048034668
0.0 13.58594036102295
0.0 14.392420768737793
0.0 14.63029956817627
0.0 14.845465660095215
0.0 16.42060089111328
0.0 16.59686851501465
0.0 17.298192977905273
0.0 17.742904663085938
0.0 18.804899215698242
0.0 19.068681716918945
0.0 19.694015502929688
0.0 20.04559898376465
0.0 20.86709976196289
0.0 22.73383903503418
0.0 22.92472267150879
0.0 27.964609146118164
0.0 28.954269409179688
0.0 29.628604888916016
0.0 30.240848541259766
0.0 31.041425704956055
0.0 33.21391677856445
0.0 inf
55.90434265136719 56.63493347167969
54.03219223022461 70.5521240234375
47.548484802246094 61.373836517333984
22.796611785888672 23.357242584228516
19.199186325073242 25.909395217895508
18.84141731262207 21.433069229125977
12.580611228942871 13.43489933013916
11.79465389251709 12.719700813293457
11.445205688476562 11.943349838256836
10.708954811096191 11.196786880493164
10.67331600189209 11.919543266296387
10.203685760498047 10.708841323852539
10.083430290222168 10.341651916503906
9.711137771606445 10.404440879821777
9.685946464538574 12.78870677947998
9.396897315979004 12.646204948425293
8.680091857910156 11.925045013427734
8.54611873626709 9.18132495880127
8.492629051208496 9.815064430236816
8.44210433959961 8.453495979309082
8.433639526367188 9.803462028503418
8.376738548278809 9.358253479003906
8.069053649902344 9.667427062988281
7.8070759773254395 9.626344680786133
7.396331787109375 7.414188385009766
7.023914813995361 7.737766742706299
