0.0 3.4297823905944824
0.0 4.048037528991699
0.0 4.274585723876953
0.0 4.364593982696533
0.0 4.513913631439209
0.0 5.173397064208984
0.0 5.282702445983887
0.0 5.291410446166992
0.0 5.70347261428833
0.0 6.381616115570068
0.0 6.401699066162109
0.0 6.587716579437256
0.0 6.82070779800415
0.0 7.169676780700684
0.0 7.374362468719482
0.0 7.505491733551025
0.0 7.578591823577881
0.0 7.584188938140869
0.0 7.739696502685547
0.0 7.781633377075195
0.0 7.883481979370117
0.0 7.917925834655762
0.0 7.930544376373291
0.0 8.007845878601074
0.0 8.246221542358398
0.0 8.304905891418457
0.0 8.30732536315918
0.0 8.451004028320312
0.0 8.488351821899414
0.0 8.495214462280273
0.0 8.54651927947998
0.0 8.57478141784668
0.0 8.604745864868164
0.0 8.824637413024902
0.0 9.269079208374023
0.0 9.307197570800781
0.0 9.360331535339355
0.0 9.382399559020996
0.0 9.389226913452148
0.0 9.497443199157715
0.0 9.60694408416748
0.0 9.67994499206543
0.0 9.688689231872559
0.0 9.79945182800293
0.0 9.856208801269531
0.0 10.153529167175293
0.0 10.23176383972168
0.0 10.617025375366211
0.0 10.922534942626953
0.0 11.065340042114258
0.0 11.16617202758789
0.0 11.453325271606445
0.0 12.154815673828125
0.0 12.174857139587402
0.0 12.207212448120117
0.0 12.654420852661133
0.0 13.13956356048584
0.0 13.295361518859863
0.0 13.718667030334473
0.0 13.903558731079102
0.0 14.097350120544434
0.0 14.217771530151367
0.0 14.54233455657959
0.0 14.946549415588379
0.0 15.431295394897461
0.0 16.77393341064453
0.0 17.04038429260254
0.0 17.14701271057129
0.0 17.245344161987305
0.0 17.779834747314453
0.0 18.632572174072266
0.0 19.959375381469727
0.0 20.868982315063477
0.0 25.094690322875977
0.0 25.856538772583008
0.0 27.20181655883789
0.0 28.58634376525879
0.0 28.790651321411133
0.0 29.12071990966797
0.0 29.17780303955078
0.0 35.64675521850586
0.0 inf
51.943077087402344 57.49199676513672
51.93440628051758 56.081695556640625
45.85686111450195 62.83898162841797
45.29878234863281 63.03935623168945
35.31583023071289 38.502410888671875
18.564342498779297 22.97576332092285
17.984994888305664 18.90526008605957
17.399415969848633 22.556560516357422
17.041379928588867 18.18846893310547
16.528413772583008 19.86990737915039
16.223224639892578 19.003070831298828
14.758657455444336 16.56601905822754
14.756709098815918 16.56193733215332
14.38919448852539 15.10006046295166
13.643289566040039 14.67241382598877
13.617427825927734 14.727128028869629
10.616533279418945 11.984106063842773
10.478073120117188 13.2601900100708
9.972042083740234 11.745838165283203
9.561019897460938 12.12900447845459
9.372917175292969 12.552772521972656
9.322425842285156 9.784808158874512
9.177736282348633 10.58681583404541
9.09176254272461 9.729058265686035
9.07335376739502 10.921342849731445
8.996167182922363 10.256935119628906
8.13074016571045 9.217679023742676
7.922215461730957 9.158683776855469
