0.0 1.1665939092636108
0.0 1.2362040281295776
0.0 1.300258755683899
0.0 3.521908760070801
0.0 3.980201005935669
0.0 4.220723628997803
0.0 4.648795127868652
0.0 5.017595291137695
0.0 5.364236354827881
0.0 5.449930667877197
0.0 5.738087177276611
0.0 5.842557907104492
0.0 5.84686279296875
0.0 6.116156578063965
0.0 6.254915237426758
0.0 6.5546488761901855
0.0 7.083414554595947
0.0 7.159824848175049
0.0 7.354718208312988
0.0 7.36005973815918
0.0 7.411827564239502
0.0 7.447210788726807
0.0 7.464234352111816
0.0 7.601382732391357
0.0 7.617461204528809
0.0 7.618440628051758
0.0 7.6901750564575195
0.0 7.71224308013916
0.0 7.784502029418945
0.0 7.803023815155029
0.0 7.809634685516357
0.0 8.019739151000977
0.0 8.31039047241211
0.0 8.380303382873535
0.0 8.388527870178223
0.0 8.406230926513672
0.0 8.439159393310547
0.0 8.47353744506836
0.0 8.493597030639648
0.0 8.560897827148438
0.0 8.589157104492188
0.0 8.992060661315918
0.0 9.264505386352539
0.0 9.292688369750977
0.0 9.299434661865234
0.0 9.55288314819336
0.0 9.56036376953125
0.0 9.63725757598877
0.0 9.984725952148438
0.0 10.203968048095703
0.0 10.451542854309082
0.0 10.766022682189941
0.0 10.77191162109375
0.0 10.772893905639648
0.0 11.479523658752441
0.0 11.51753044128418
0.0 11.989265441894531
0.0 12.267279624938965
0.0 12.491891860961914
0.0 13.061057090759277
0.0 13.23154354095459
0.0 13.905342102050781
0.0 14.703044891357422
0.0 15.40841293334961
0.0 16.168317794799805
0.0 16.884273529052734
0.0 17.01103401184082
0.0 17.065946578979492
0.0 17.3828182220459
0.0 17.729055404663086
0.0 17.97682762145996
0.0 19.049299240112305
0.0 19.624706268310547
0.0 24.935016632080078
0.0 25.988061904907227
0.0 26.810924530029297
0.0 27.52658462524414
0.0 27.73919677734375
0.0 29.94243621826172
0.0 30.728130340576172
0.0 36.307342529296875
0.0 inf
51.7119026184082 55.575801849365234
50.588993072509766 54.769371032714844
42.1894645690918 60.101192474365234
41.85934829711914 63.699127197265625
36.571754455566406 39.60486602783203
32.931941986083984 36.54375457763672
18.555429458618164 22.975215911865234
17.636022567749023 21.29022789001465
17.001388549804688 18.940717697143555
16.48065185546875 19.554563522338867
16.277530670166016 16.93598747253418
15.17604923248291 15.856001853942871
14.196228981018066 15.03592586517334
13.0534029006958 14.065764427185059
10.867742538452148 12.222942352294922
10.13367748260498 12.67642879486084
9.874157905578613 10.964290618896484
9.681638717651367 10.37694263458252
9.610662460327148 12.576248168945312
9.559249877929688 10.289403915405273
9.513598442077637 9.686437606811523
9.327895164489746 13.178014755249023
8.916131973266602 10.129754066467285
8.795841217041016 10.763016700744629
8.350106239318848 9.708148956298828
8.32923698425293 8.601393699645996
8.13494873046875 11.251015663146973
7.804275035858154 9.952971458435059
