0.0 1.2519021034240723
0.0 1.2601786851882935
0.0 1.4045144319534302
0.0 3.7981951236724854
0.0 4.090884208679199
0.0 4.369813442230225
0.0 4.713347434997559
0.0 4.919792652130127
0.0 5.104238510131836
0.0 5.251270294189453
0.0 5.32165002822876
0.0 5.368001461029053
0.0 5.63968563079834
0.0 5.708605766296387
0.0 5.834667205810547
0.0 5.941819190979004
0.0 6.3635358810424805
0.0 6.531130790710449
0.0 6.569866180419922
0.0 6.5823493003845215
0.0 6.9034647941589355
0.0 7.087803363800049
0.0 7.187057971954346
0.0 7.289546489715576
0.0 7.43696403503418
0.0 7.4585862159729
0.0 7.527734279632568
0.0 7.63513708114624
0.0 7.890405178070068
0.0 7.94425630569458
0.0 8.281224250793457
0.0 8.28332233428955
0.0 8.324016571044922
0.0 8.348416328430176
0.0 8.384285926818848
0.0 8.407748222351074
0.0 8.434528350830078
0.0 8.558992385864258
0.0 8.608025550842285
0.0 8.716336250305176
0.0 8.789620399475098
0.0 8.813408851623535
0.0 8.845035552978516
0.0 8.908621788024902
0.0 9.093035697937012
0.0 9.28872013092041
0.0 9.59430980682373
0.0 9.66137409210205
0.0 9.801666259765625
0.0 9.845537185668945
0.0 9.89808177947998
0.0 9.90091323852539
0.0 10.525781631469727
0.0 11.439297676086426
0.0 11.682634353637695
0.0 12.034385681152344
0.0 12.174005508422852
0.0 12.72844123840332
0.0 13.269485473632812
0.0 13.640658378601074
0.0 14.014725685119629
0.0 14.153078079223633
0.0 14.563599586486816
0.0 14.645285606384277
0.0 15.3412504196167
0.0 16.5738525390625
0.0 18.586109161376953
0.0 19.225605010986328
0.0 20.59694480895996
0.0 21.73811149597168
0.0 22.540313720703125
0.0 22.741840362548828
0.0 22.956422805786133
0.0 23.82014274597168
0.0 23.826763153076172
0.0 24.097049713134766
0.0 26.522987365722656
0.0 26.83970832824707
0.0 27.865293502807617
0.0 29.585365295410156
0.0 33.72504425048828
0.0 inf
42.967872619628906 64.4704818725586
41.15920639038086 43.85572052001953
40.234092712402344 61.93996047973633
34.262359619140625 35.64425277709961
23.215530395507812 23.572586059570312
20.46018409729004 25.6091251373291
18.60635757446289 20.58597183227539
18.455158233642578 22.04537582397461
15.325618743896484 17.10504150390625
14.646727561950684 16.863677978515625
12.474841117858887 13.954666137695312
11.784063339233398 12.681025505065918
11.591153144836426 13.333702087402344
10.239639282226562 13.290349006652832
10.198186874389648 10.35961627960205
9.853962898254395 10.583943367004395
9.774478912353516 10.455910682678223
9.706037521362305 12.598920822143555
9.635687828063965 11.143710136413574
9.300745964050293 11.935060501098633
9.257024765014648 9.272015571594238
9.24019718170166 12.689009666442871
8.207240104675293 8.640242576599121
8.013871192932129 9.531309127807617
7.7163591384887695 8.752840042114258
