0.0 1.2532271146774292
0.0 1.400530219078064
0.0 2.4046545028686523
0.0 4.572929382324219
0.0 5.037724018096924
0.0 5.151852130889893
0.0 5.363768577575684
0.0 5.459188461303711
0.0 5.62204647064209
0.0 5.629023551940918
0.0 5.69631814956665
0.0 5.923116207122803
0.0 6.083384990692139
0.0 6.342291355133057
0.0 6.404694080352783
0.0 6.416998863220215
0.0 6.512841701507568
0.0 6.5498762130737305
0.0 6.5957465171813965
0.0 6.608407974243164
0.0 6.764471530914307
0.0 6.804351329803467
0.0 6.870081901550293
0.0 7.1006550788879395
0.0 7.208909034729004
0.0 7.236652851104736
0.0 7.539093017578125
0.0 7.544618606567383
0.0 7.588907241821289
0.0 7.598876953125
0.0 7.679917812347412
0.0 7.729386806488037
0.0 8.056594848632812
0.0 8.070923805236816
0.0 8.302961349487305
0.0 8.353607177734375
0.0 8.392577171325684
0.0 8.464808464050293
0.0 8.499871253967285
0.0 8.64521598815918
0.0 8.807195663452148
0.0 8.870179176330566
0.0 8.940922737121582
0.0 9.010066986083984
0.0 9.04096508026123
0.0 9.118165969848633
0.0 9.304027557373047
0.0 9.363088607788086
0.0 9.449980735778809
0.0 9.848062515258789
0.0 10.230854034423828
0.0 10.546741485595703
0.0 10.55080509185791
0.0 10.872042655944824
0.0 11.154378890991211
0.0 11.16164493560791
0.0 11.19657039642334
0.0 11.712747573852539
0.0 13.221857070922852
0.0 13.2227144241333
0.0 13.268980979919434
0.0 14.00594425201416
0.0 14.526447296142578
0.0 14.618785858154297
0.0 14.797351837158203
0.0 16.41082191467285
0.0 17.203176498413086
0.0 18.14679718017578
0.0 20.674360275268555
0.0 21.14179039001465
0.0 21.838420867919922
0.0 22.932348251342773
0.0 23.51856231689453
0.0 23.97610855102539
0.0 24.53386878967285
0.0 24.71350860595703
0.0 25.156312942504883
0.0 26.37252426147461
0.0 27.314491271972656
0.0 27.540184020996094
0.0 33.31355667114258
0.0 inf
43.779212951660156 62.53509521484375
42.24128723144531 43.077754974365234
38.280086517333984 62.1390266418457
30.704952239990234 35.289466857910156
19.686716079711914 25.29957389831543
18.534151077270508 21.67104721069336
18.49852752685547 22.513324737548828
15.015475273132324 17.370332717895508
13.535820007324219 14.724688529968262
13.402758598327637 13.959400177001953
12.640989303588867 13.648660659790039
11.744569778442383 13.553572654724121
11.744213104248047 11.781709671020508
11.632340431213379 11.791667938232422
10.026870727539062 10.634644508361816
9.702507972717285 11.871532440185547
9.570621490478516 10.413481712341309
9.444694519042969 11.804633140563965
9.399408340454102 11.922361373901367
8.283476829528809 9.188620567321777
8.108858108520508 9.162640571594238
7.921255111694336 9.535703659057617
