0.0 4.2783074378967285
0.0 4.278939247131348
0.0 4.282146453857422
0.0 4.445545196533203
0.0 5.049746036529541
0.0 5.334940433502197
0.0 6.142236232757568
0.0 6.21464204788208
0.0 6.33179235458374
0.0 6.3641791343688965
0.0 6.640079498291016
0.0 6.656040191650391
0.0 6.8026909828186035
0.0 7.331731796264648
0.0 7.533647060394287
0.0 7.651367664337158
0.0 7.6514201164245605
0.0 7.878521919250488
0.0 7.91778564453125
0.0 7.924814224243164
0.0 8.1223783493042
0.0 8.16058349609375
0.0 8.300724983215332
0.0 8.33173942565918
0.0 8.342907905578613
0.0 8.399669647216797
0.0 8.44392204284668
0.0 8.467425346374512
0.0 8.473381042480469
0.0 8.489340782165527
0.0 8.496800422668457
0.0 8.526534080505371
0.0 8.575106620788574
0.0 8.734265327453613
0.0 8.979333877563477
0.0 9.304559707641602
0.0 9.306803703308105
0.0 9.331605911254883
0.0 9.385395050048828
0.0 9.459234237670898
0.0 9.550680160522461
0.0 9.638161659240723
0.0 9.763019561767578
0.0 9.87362003326416
0.0 10.171676635742188
0.0 10.374018669128418
0.0 10.423531532287598
0.0 10.782425880432129
0.0 10.856420516967773
0.0 10.857442855834961
0.0 10.969644546508789
0.0 11.114295959472656
0.0 11.272439002990723
0.0 11.27656078338623
0.0 11.933324813842773
0.0 12.029568672180176
0.0 12.292943954467773
0.0 12.499531745910645
0.0 13.174736022949219
0.0 13.74007511138916
0.0 14.262144088745117
0.0 14.369200706481934
0.0 14.380339622497559
0.0 14.905658721923828
0.0 15.166985511779785
0.0 15.295747756958008
0.0 15.412219047546387
0.0 16.91011619567871
0.0 17.97657012939453
0.0 18.177968978881836
0.0 18.305509567260742
0.0 19.362668991088867
0.0 20.16509437561035
0.0 25.149675369262695
0.0 26.12701988220215
0.0 26.479290008544922
0.0 27.815401077270508
0.0 28.795372009277344
0.0 29.442079544067383
0.0 29.96465492248535
0.0 39.8967170715332
0.0 inf
51.63584899902344 59.32357406616211
51.18663787841797 60.08298110961914
44.91790771484375 64.62458801269531
43.37131881713867 62.009647369384766
34.81106185913086 36.62788772583008
19.496355056762695 23.080629348754883
17.51616096496582 21.439367294311523
16.520029067993164 20.502178192138672
15.829486846923828 17.1433048248291
15.611327171325684 18.501432418823242
15.049362182617188 16.442440032958984
13.751089096069336 16.1953125
13.464073181152344 13.555045127868652
13.343988418579102 13.68887996673584
12.26554012298584 13.8427152633667
11.97901439666748 14.014012336730957
11.107970237731934 14.334587097167969
10.893606185913086 12.94811725616455
10.543424606323242 12.25281810760498
10.486184120178223 12.228683471679688
10.438526153564453 13.298710823059082
9.745933532714844 12.65925121307373
9.462348937988281 13.27133560180664
9.350580215454102 11.686826705932617
9.324223518371582 10.728789329528809
9.055278778076172 11.094112396240234
9.026177406311035 10.173689842224121
8.574572563171387 10.092894554138184
8.157144546508789 9.814813613891602
7.9663166999816895 9.132988929748535
