0.0 4.282907485961914
0.0 4.80750036239624
0.0 5.160799503326416
0.0 5.231566429138184
0.0 5.417911529541016
0.0 5.542898654937744
0.0 5.633307456970215
0.0 5.675917625427246
0.0 6.004881858825684
0.0 6.334720611572266
0.0 6.402423858642578
0.0 6.426113605499268
0.0 6.5288872718811035
0.0 6.540163516998291
0.0 6.566329479217529
0.0 6.641416072845459
0.0 6.72531270980835
0.0 6.846582412719727
0.0 7.377540588378906
0.0 7.381870269775391
0.0 7.38318395614624
0.0 7.581263542175293
0.0 7.588610649108887
0.0 7.604909896850586
0.0 7.716922283172607
0.0 7.771129608154297
0.0 8.132254600524902
0.0 8.310809135437012
0.0 8.31120777130127
0.0 8.398612976074219
0.0 8.449994087219238
0.0 8.842214584350586
0.0 8.882198333740234
0.0 8.915531158447266
0.0 8.941645622253418
0.0 8.949732780456543
0.0 9.005704879760742
0.0 9.00601577758789
0.0 9.151318550109863
0.0 9.225662231445312
0.0 9.29963207244873
0.0 9.416776657104492
0.0 9.420401573181152
0.0 9.460407257080078
0.0 9.495147705078125
0.0 9.577033042907715
0.0 9.653672218322754
0.0 9.747111320495605
0.0 9.819665908813477
0.0 10.375327110290527
0.0 10.461905479431152
0.0 10.75261402130127
0.0 10.844995498657227
0.0 10.854252815246582
0.0 11.356733322143555
0.0 11.553104400634766
0.0 11.818760871887207
0.0 12.714115142822266
0.0 12.89441967010498
0.0 13.1881742477417
0.0 13.675142288208008
0.0 14.433294296264648
0.0 14.711277961730957
0.0 14.767059326171875
0.0 15.374123573303223
0.0 15.7540864944458
0.0 18.26297950744629
0.0 19.439863204956055
0.0 19.713516235351562
0.0 20.251758575439453
0.0 20.468446731567383
0.0 21.819316864013672
0.0 22.91421127319336
0.0 24.024024963378906
0.0 25.12468719482422
0.0 25.608741760253906
0.0 26.207077026367188
0.0 26.76336097717285
0.0 27.211917877197266
0.0 28.160364151000977
0.0 29.016225814819336
0.0 inf
34.534156799316406 59.09770584106445
33.57896423339844 40.21651840209961
33.02685546875 37.26926040649414
31.236202239990234 58.81492614746094
20.740964889526367 25.93897247314453
17.47447395324707 20.097837448120117
17.058969497680664 17.56596565246582
16.534873962402344 20.21196937561035
15.015588760375977 16.52488899230957
14.272076606750488 16.407779693603516
12.555134773254395 14.740882873535156
12.224082946777344 12.477781295776367
12.198731422424316 16.6347713470459
11.87234115600586 12.118135452270508
11.602160453796387 12.686972618103027
11.551124572753906 12.536170959472656
11.274308204650879 11.663825988769531
10.51474666595459 12.893022537231445
10.49472427368164 11.104443550109863
9.50653076171875 12.929405212402344
9.476242065429688 9.791468620300293
9.281487464904785 10.753783226013184
9.230030059814453 10.687125205993652
8.446793556213379 10.30417537689209
