0.0 2.1025912761688232
0.0 3.1388139724731445
0.0 4.513116836547852
0.0 5.243270397186279
0.0 5.578115940093994
0.0 6.11708927154541
0.0 6.131560802459717
0.0 6.296924591064453
0.0 6.367863178253174
0.0 6.594416618347168
0.0 6.598793029785156
0.0 6.652571201324463
0.0 6.932297706604004
0.0 7.068052291870117
0.0 7.149090766906738
0.0 7.327931880950928
0.0 7.486240863800049
0.0 7.514095783233643
0.0 7.571612358093262
0.0 7.589883804321289
0.0 7.620417594909668
0.0 7.707200050354004
0.0 7.738068580627441
0.0 7.829082012176514
0.0 7.86756706237793
0.0 8.032776832580566
0.0 8.146306037902832
0.0 8.266982078552246
0.0 8.267483711242676
0.0 8.375187873840332
0.0 8.439228057861328
0.0 8.494511604309082
0.0 8.577330589294434
0.0 8.579097747802734
0.0 8.6114501953125
0.0 8.820612907409668
0.0 8.860061645507812
0.0 8.8683500289917
0.0 9.042609214782715
0.0 9.220144271850586
0.0 9.436152458190918
0.0 9.475118637084961
0.0 9.6362943649292
0.0 9.862283706665039
0.0 9.931690216064453
0.0 9.93637466430664
0.0 10.147683143615723
0.0 10.236039161682129
0.0 10.267186164855957
0.0 10.683053970336914
0.0 10.758008003234863
0.0 10.850735664367676
0.0 10.866779327392578
0.0 11.020441055297852
0.0 11.50488567352295
0.0 11.556678771972656
0.0 12.618006706237793
0.0 12.68790054321289
0.0 12.703629493713379
0.0 12.928448677062988
0.0 13.737384796142578
0.0 13.955480575561523
0.0 14.185730934143066
0.0 15.407632827758789
0.0 16.649559020996094
0.0 17.489377975463867
0.0 17.56197738647461
0.0 18.612417221069336
0.0 20.325014114379883
0.0 20.838171005249023
0.0 21.19366455078125
0.0 22.293317794799805
0.0 22.307979583740234
0.0 24.173381805419922
0.0 24.292476654052734
0.0 25.172378540039062
0.0 26.382099151611328
0.0 26.404523849487305
0.0 28.377269744873047
0.0 28.430526733398438
0.0 29.415328979492188
0.0 inf
38.51912307739258 60.76442337036133
36.42860794067383 58.81046676635742
32.09571838378906 37.65932846069336
21.392051696777344 27.59558868408203
17.621431350708008 18.330699920654297
16.793527603149414 19.54225730895996
15.45832347869873 20.022300720214844
15.398247718811035 16.857641220092773
14.981776237487793 15.833313941955566
14.411598205566406 16.477718353271484
12.802727699279785 16.74057960510254
11.533617973327637 11.573497772216797
11.49586296081543 11.899124145507812
11.153921127319336 13.434980392456055
10.344585418701172 11.907495498657227
9.964859962463379 10.100733757019043
9.567185401916504 13.009078025817871
9.114073753356934 12.663722038269043
8.675589561462402 10.856371879577637
8.313264846801758 10.25891399383545
7.862889766693115 9.402375221252441
