0.0 4.345493793487549
0.0 4.760968208312988
0.0 4.827602386474609
0.0 5.285423755645752
0.0 5.589684963226318
0.0 5.5966057777404785
0.0 5.623535633087158
0.0 5.803555011749268
0.0 5.848333835601807
0.0 5.914691925048828
0.0 6.058575630187988
0.0 6.132596492767334
0.0 6.360010623931885
0.0 6.420857906341553
0.0 6.4331746101379395
0.0 6.441643238067627
0.0 6.5654473304748535
0.0 6.591977119445801
0.0 6.601957321166992
0.0 6.651022434234619
0.0 6.754498481750488
0.0 6.773369312286377
0.0 6.83261251449585
0.0 6.862973690032959
0.0 7.099493980407715
0.0 7.477555751800537
0.0 7.543195724487305
0.0 7.546485900878906
0.0 7.635855674743652
0.0 7.705261707305908
0.0 7.795926570892334
0.0 7.851413726806641
0.0 7.924160957336426
0.0 8.000743865966797
0.0 8.011515617370605
0.0 8.193302154541016
0.0 8.342448234558105
0.0 8.346721649169922
0.0 8.419347763061523
0.0 8.580976486206055
0.0 8.709178924560547
0.0 8.883649826049805
0.0 8.989739418029785
0.0 9.037551879882812
0.0 9.087535858154297
0.0 9.24907112121582
0.0 9.341018676757812
0.0 9.426671981811523
0.0 9.432486534118652
0.0 9.479471206665039
0.0 9.497350692749023
0.0 10.23009204864502
0.0 10.39806079864502
0.0 10.503884315490723
0.0 11.325124740600586
0.0 11.461769104003906
0.0 11.528447151184082
0.0 12.7132568359375
0.0 12.948431015014648
0.0 13.03354549407959
0.0 13.099162101745605
0.0 13.181079864501953
0.0 14.023518562316895
0.0 14.848237037658691
0.0 15.12035846710205
0.0 15.890633583068848
0.0 16.806121826171875
0.0 17.919931411743164
0.0 18.15894317626953
0.0 18.253387451171875
0.0 19.411792755126953
0.0 19.861793518066406
0.0 23.80150032043457
0.0 26.76721954345703
0.0 28.75652503967285
0.0 28.76153564453125
0.0 29.260578155517578
0.0 30.260602951049805
0.0 31.934999465942383
0.0 32.51922607421875
0.0 36.49203872680664
0.0 inf
60.553287506103516 65.8759765625
57.98808288574219 65.30814361572266
48.55622100830078 73.43405151367188
19.738855361938477 20.186796188354492
18.121475219726562 26.035083770751953
16.73305892944336 19.394432067871094
15.501876831054688 16.4184627532959
13.339966773986816 15.036293029785156
12.488020896911621 13.117157936096191
11.601516723632812 11.793710708618164
11.588541984558105 12.036109924316406
11.248496055603027 11.420530319213867
10.99618148803711 11.901930809020996
10.611334800720215 12.677767753601074
9.76318073272705 11.915884017944336
9.58183765411377 9.697593688964844
9.497300148010254 10.568354606628418
9.256165504455566 11.394691467285156
9.200693130493164 9.945972442626953
9.056205749511719 11.854110717773438
9.00805377960205 11.726202011108398
9.005409240722656 10.18730640411377
8.64224624633789 9.37419605255127
8.469654083251953 10.090249061584473
8.27538776397705 9.522278785705566
7.976524829864502 8.312627792358398
7.472836017608643 8.127840995788574
6.977811336517334 8.305835723876953
