0.0 2.7524170875549316
0.0 3.2355899810791016
0.0 4.117943286895752
0.0 4.426086902618408
0.0 4.4389824867248535
0.0 5.095487117767334
0.0 5.421273231506348
0.0 5.669483184814453
0.0 5.8512492179870605
0.0 6.127847194671631
0.0 6.17555570602417
0.0 6.372774124145508
0.0 6.376794338226318
0.0 6.430689811706543
0.0 6.4862260818481445
0.0 6.554795265197754
0.0 6.728355884552002
0.0 6.890251636505127
0.0 6.9432477951049805
0.0 7.067145347595215
0.0 7.147414684295654
0.0 7.184754848480225
0.0 7.1864495277404785
0.0 7.259184837341309
0.0 7.269808769226074
0.0 7.3338623046875
0.0 7.345049858093262
0.0 7.349004745483398
0.0 7.35499906539917
0.0 7.4503045082092285
0.0 7.49148416519165
0.0 7.525754451751709
0.0 7.605006694793701
0.0 7.6964592933654785
0.0 7.933969974517822
0.0 7.975943088531494
0.0 8.12987232208252
0.0 8.237042427062988
0.0 8.356181144714355
0.0 8.388084411621094
0.0 8.407876014709473
0.0 8.411938667297363
0.0 8.413423538208008
0.0 8.513140678405762
0.0 8.573789596557617
0.0 8.628028869628906
0.0 8.646851539611816
0.0 8.790369033813477
0.0 9.079242706298828
0.0 9.131607055664062
0.0 9.18678092956543
0.0 9.346659660339355
0.0 9.538969993591309
0.0 10.120122909545898
0.0 10.497237205505371
0.0 10.929939270019531
0.0 11.183867454528809
0.0 11.382083892822266
0.0 11.833267211914062
0.0 12.15949821472168
0.0 12.875846862792969
0.0 13.195240020751953
0.0 13.666326522827148
0.0 15.520045280456543
0.0 16.233829498291016
0.0 17.51935577392578
0.0 18.572681427001953
0.0 19.24553871154785
0.0 19.250463485717773
0.0 19.420909881591797
0.0 21.02057456970215
0.0 21.64785385131836
0.0 22.55263328552246
0.0 26.50861930847168
0.0 28.236122131347656
0.0 28.435890197753906
0.0 30.150022506713867
0.0 31.42681312561035
0.0 31.509336471557617
0.0 31.56692886352539
0.0 36.45662307739258
0.0 inf
52.087093353271484 69.77218627929688
39.443687438964844 40.745147705078125
38.98493576049805 72.61735534667969
23.864051818847656 23.918197631835938
19.741153717041016 26.14929962158203
19.727392196655273 21.728548049926758
19.027786254882812 21.34380340576172
14.37539291381836 15.03856086730957
14.079887390136719 15.537830352783203
10.928966522216797 12.0762357711792
10.204818725585938 10.25788402557373
10.190065383911133 10.904230117797852
10.008687973022461 10.319432258605957
9.786020278930664 10.051870346069336
9.735739707946777 12.076384544372559
9.655150413513184 9.70984935760498
9.544445037841797 11.386902809143066
9.516657829284668 10.709319114685059
9.45054817199707 11.817672729492188
9.423365592956543 12.574520111083984
9.317805290222168 11.474395751953125
8.712471961975098 9.703868865966797
8.588651657104492 10.754861831665039
8.588361740112305 9.927729606628418
8.383758544921875 10.888781547546387
8.16220474243164 9.049955368041992
7.9914350509643555 8.51938247680664
