0.0 2.4620273113250732
0.0 3.811070442199707
0.0 4.227867126464844
0.0 4.420938491821289
0.0 4.9582014083862305
0.0 5.181976318359375
0.0 5.264925956726074
0.0 5.495472431182861
0.0 5.605456829071045
0.0 5.748654842376709
0.0 6.328364849090576
0.0 6.385036945343018
0.0 6.4174604415893555
0.0 6.445213794708252
0.0 6.704988479614258
0.0 6.715155124664307
0.0 6.768648147583008
0.0 6.8641228675842285
0.0 7.031239986419678
0.0 7.084054470062256
0.0 7.318817138671875
0.0 7.375385284423828
0.0 7.386728286743164
0.0 7.44061279296875
0.0 7.4837422370910645
0.0 7.571341037750244
0.0 7.66937255859375
0.0 7.764676570892334
0.0 8.115782737731934
0.0 8.250626564025879
0.0 8.310248374938965
0.0 8.402172088623047
0.0 8.464949607849121
0.0 8.506464958190918
0.0 8.511697769165039
0.0 8.654190063476562
0.0 8.696406364440918
0.0 9.0490140914917
0.0 9.066414833068848
0.0 9.22724437713623
0.0 9.265836715698242
0.0 9.407742500305176
0.0 9.455595016479492
0.0 9.481291770935059
0.0 9.550860404968262
0.0 9.570895195007324
0.0 9.632370948791504
0.0 10.076176643371582
0.0 10.223918914794922
0.0 10.385656356811523
0.0 10.453182220458984
0.0 10.764558792114258
0.0 10.777453422546387
0.0 11.058934211730957
0.0 11.155518531799316
0.0 11.254851341247559
0.0 11.461462020874023
0.0 12.896169662475586
0.0 13.142422676086426
0.0 13.305017471313477
0.0 13.430864334106445
0.0 13.516204833984375
0.0 14.079998016357422
0.0 15.930187225341797
0.0 16.08412742614746
0.0 17.03982162475586
0.0 17.47053337097168
0.0 17.599651336669922
0.0 18.63836097717285
0.0 19.21795654296875
0.0 19.49712371826172
0.0 19.537002563476562
0.0 22.73218536376953
0.0 23.508941650390625
0.0 24.822790145874023
0.0 26.169113159179688
0.0 26.19833755493164
0.0 26.411636352539062
0.0 29.658411026000977
0.0 30.255889892578125
0.0 32.68789291381836
0.0 inf
49.47870635986328 51.86927795410156
48.67131042480469 60.88180923461914
37.627437591552734 58.03969955444336
19.670621871948242 22.975008010864258
19.648761749267578 21.860782623291016
18.482662200927734 24.3471736907959
17.209115982055664 18.313112258911133
16.91183853149414 17.65852928161621
14.899727821350098 18.125402450561523
14.789149284362793 18.105512619018555
13.925056457519531 15.054343223571777
13.252656936645508 13.443345069885254
12.745197296142578 12.929374694824219
12.37146282196045 12.592058181762695
11.78205680847168 13.645035743713379
10.653672218322754 15.041940689086914
10.649402618408203 11.847851753234863
10.167728424072266 12.558943748474121
10.124849319458008 10.583975791931152
9.935891151428223 10.947614669799805
9.471275329589844 11.387907028198242
9.43156909942627 10.683813095092773
8.61738109588623 10.494720458984375
8.313920021057129 9.384956359863281
7.549120903015137 9.009332656860352
7.3285746574401855 9.831005096435547
