0.0 2.7672252655029297
0.0 3.228576421737671
0.0 3.3741447925567627
0.0 3.3833706378936768
0.0 4.121218681335449
0.0 5.0615739822387695
0.0 5.3102545738220215
0.0 5.532137870788574
0.0 5.587019443511963
0.0 6.131335258483887
0.0 6.305715084075928
0.0 6.3851423263549805
0.0 6.443312168121338
0.0 6.509555339813232
0.0 6.580970764160156
0.0 6.6725172996521
0.0 6.730398654937744
0.0 6.834977149963379
0.0 6.8904829025268555
0.0 7.14667272567749
0.0 7.148373126983643
0.0 7.1502532958984375
0.0 7.1541619300842285
0.0 7.235634803771973
0.0 7.2384233474731445
0.0 7.273665904998779
0.0 7.317452430725098
0.0 7.346467971801758
0.0 7.373789310455322
0.0 7.43283224105835
0.0 7.44172477722168
0.0 7.590271949768066
0.0 7.706105709075928
0.0 7.744318962097168
0.0 7.821109294891357
0.0 7.996819496154785
0.0 8.145379066467285
0.0 8.234622955322266
0.0 8.353277206420898
0.0 8.386216163635254
0.0 8.405135154724121
0.0 8.407188415527344
0.0 8.410804748535156
0.0 8.491144180297852
0.0 8.568415641784668
0.0 8.590096473693848
0.0 8.62169361114502
0.0 8.633983612060547
0.0 8.718669891357422
0.0 8.845751762390137
0.0 9.129807472229004
0.0 9.336174964904785
0.0 9.425058364868164
0.0 10.364645957946777
0.0 10.413995742797852
0.0 10.500574111938477
0.0 11.134639739990234
0.0 11.569723129272461
0.0 11.826850891113281
0.0 12.555578231811523
0.0 12.62778091430664
0.0 13.201807975769043
0.0 13.318714141845703
0.0 15.481892585754395
0.0 16.29840087890625
0.0 17.515888214111328
0.0 17.716651916503906
0.0 19.237079620361328
0.0 19.784648895263672
0.0 20.190542221069336
0.0 20.22109031677246
0.0 21.014463424682617
0.0 21.123592376708984
0.0 26.52816390991211
0.0 28.655378341674805
0.0 30.008771896362305
0.0 30.191905975341797
0.0 31.068756103515625
0.0 31.388498306274414
0.0 31.438873291015625
0.0 36.759952545166016
0.0 inf
52.16848373413086 69.7760009765625
39.91563415527344 73.43205261230469
19.641050338745117 22.8051815032959
19.366107940673828 21.962345123291016
19.077795028686523 26.168066024780273
13.45705795288086 15.033324241638184
13.082983016967773 14.615766525268555
10.856342315673828 12.127256393432617
10.529130935668945 11.824014663696289
9.96154499053955 10.857414245605469
9.77844524383545 10.050046920776367
9.703914642333984 12.105313301086426
9.624048233032227 9.712350845336914
9.470973014831543 11.5490140914917
9.45865249633789 12.567828178405762
9.426767349243164 12.571074485778809
9.307332038879395 11.459680557250977
9.220084190368652 10.881675720214844
9.13046932220459 9.916467666625977
8.565680503845215 9.906607627868652
8.383340835571289 10.877520561218262
8.09591007232666 10.326247215270996
7.55507755279541 7.563695907592773
7.3950653076171875 7.697288990020752
