0.0 4.2035932540893555
0.0 4.510273456573486
0.0 4.709519863128662
0.0 5.367683410644531
0.0 5.416501045227051
0.0 5.683858871459961
0.0 5.770388126373291
0.0 5.792848110198975
0.0 5.86635684967041
0.0 5.873222351074219
0.0 5.912025451660156
0.0 5.942105293273926
0.0 6.401552200317383
0.0 6.422321796417236
0.0 6.558027267456055
0.0 6.5909600257873535
0.0 6.617893695831299
0.0 6.77269983291626
0.0 6.94942569732666
0.0 7.123821258544922
0.0 7.222968101501465
0.0 7.450149059295654
0.0 7.510810375213623
0.0 7.540594577789307
0.0 7.57602596282959
0.0 7.589541435241699
0.0 7.662553787231445
0.0 7.665980339050293
0.0 7.672066688537598
0.0 7.692582607269287
0.0 7.744438648223877
0.0 7.799307823181152
0.0 7.837313652038574
0.0 7.932420253753662
0.0 8.003527641296387
0.0 8.195579528808594
0.0 8.340497016906738
0.0 8.360806465148926
0.0 8.42805004119873
0.0 8.643106460571289
0.0 8.651467323303223
0.0 8.727062225341797
0.0 8.793859481811523
0.0 8.980570793151855
0.0 9.026684761047363
0.0 9.113947868347168
0.0 9.172821044921875
0.0 9.228318214416504
0.0 9.247401237487793
0.0 9.717391014099121
0.0 9.828567504882812
0.0 9.830719947814941
0.0 9.998830795288086
0.0 10.089363098144531
0.0 10.277363777160645
0.0 11.344267845153809
0.0 11.916364669799805
0.0 12.606637954711914
0.0 13.083267211914062
0.0 13.089179992675781
0.0 13.563237190246582
0.0 13.72675609588623
0.0 14.027624130249023
0.0 14.509377479553223
0.0 15.149554252624512
0.0 15.31136703491211
0.0 15.99303150177002
0.0 17.46619415283203
0.0 18.834779739379883
0.0 19.45098114013672
0.0 19.685720443725586
0.0 20.438995361328125
0.0 23.91674041748047
0.0 25.952444076538086
0.0 27.65492820739746
0.0 28.075082778930664
0.0 28.54495620727539
0.0 30.04369354248047
0.0 30.917484283447266
0.0 32.47696304321289
0.0 37.07051086425781
0.0 inf
59.522056579589844 61.8088264465332
57.1862678527832 64.81538391113281
51.78464126586914 72.35950469970703
19.160400390625 25.286148071289062
18.671422958374023 19.3682804107666
16.014110565185547 16.03705596923828
15.691113471984863 19.412473678588867
13.391343116760254 14.659089088439941
11.726054191589355 13.505568504333496
11.682463645935059 12.719864845275879
11.18923568725586 11.399030685424805
10.878448486328125 11.364124298095703
10.55954647064209 11.909354209899902
10.073129653930664 11.827201843261719
10.046767234802246 11.95828628540039
9.939083099365234 12.421951293945312
9.854251861572266 10.57487678527832
9.567699432373047 9.691051483154297
9.477544784545898 9.93430233001709
9.102388381958008 9.893446922302246
9.091426849365234 11.68597412109375
9.043917655944824 11.701306343078613
8.485946655273438 9.367626190185547
8.415898323059082 9.025067329406738
8.373072624206543 8.875100135803223
8.24868106842041 8.926058769226074
7.514533996582031 8.056975364685059
7.00900936126709 7.613932132720947
