0.0 1.1065716743469238
0.0 1.117255449295044
0.0 1.1224009990692139
0.0 3.839473009109497
0.0 4.415184497833252
0.0 4.9526286125183105
0.0 5.2840070724487305
0.0 5.289191722869873
0.0 5.559414863586426
0.0 5.6737895011901855
0.0 5.688005447387695
0.0 5.732937812805176
0.0 5.7730278968811035
0.0 6.163877487182617
0.0 6.229393005371094
0.0 6.5044050216674805
0.0 6.52239990234375
0.0 6.701869010925293
0.0 6.711212635040283
0.0 7.130216121673584
0.0 7.136454105377197
0.0 7.227056503295898
0.0 7.243899345397949
0.0 7.245432376861572
0.0 7.282167911529541
0.0 7.3613386154174805
0.0 7.414002418518066
0.0 7.473743438720703
0.0 7.597461223602295
0.0 7.887397289276123
0.0 7.89992618560791
0.0 7.910325050354004
0.0 7.982997417449951
0.0 8.16742992401123
0.0 8.342949867248535
0.0 8.400872230529785
0.0 8.423894882202148
0.0 8.488534927368164
0.0 8.58845043182373
0.0 8.662233352661133
0.0 8.67999267578125
0.0 8.68535327911377
0.0 8.725000381469727
0.0 8.787863731384277
0.0 8.838388442993164
0.0 8.9605073928833
0.0 8.986652374267578
0.0 10.295048713684082
0.0 10.513011932373047
0.0 10.620092391967773
0.0 11.129619598388672
0.0 11.14993953704834
0.0 11.204946517944336
0.0 11.248798370361328
0.0 11.299925804138184
0.0 11.52292537689209
0.0 12.556018829345703
0.0 12.714757919311523
0.0 13.313496589660645
0.0 13.680988311767578
0.0 14.610055923461914
0.0 14.72535228729248
0.0 14.824707984924316
0.0 14.894637107849121
0.0 15.284248352050781
0.0 16.368371963500977
0.0 16.622724533081055
0.0 17.476985931396484
0.0 20.962783813476562
0.0 21.78034019470215
0.0 22.07538604736328
0.0 22.931358337402344
0.0 23.366159439086914
0.0 23.497159957885742
0.0 23.955339431762695
0.0 24.244861602783203
0.0 25.790645599365234
0.0 26.53287696838379
0.0 27.099533081054688
0.0 28.810483932495117
0.0 30.454923629760742
0.0 inf
42.59949493408203 64.10853576660156
41.65348815917969 43.30921936035156
37.048675537109375 64.27985382080078
36.55740737915039 37.81889343261719
31.49849510192871 35.41096496582031
18.97681427001953 25.025169372558594
18.48717498779297 21.536514282226562
18.398706436157227 22.78078842163086
16.4300594329834 16.885746002197266
15.767854690551758 17.524282455444336
15.059566497802734 17.875900268554688
11.668177604675293 12.507843017578125
11.55774974822998 12.822206497192383
11.445862770080566 13.316712379455566
11.275843620300293 13.399818420410156
10.788068771362305 11.247780799865723
10.666826248168945 12.83677864074707
9.711942672729492 12.520746231079102
9.30429744720459 14.329676628112793
9.19294261932373 9.844413757324219
8.347099304199219 9.666367530822754
8.02963924407959 8.254631996154785
7.547186374664307 8.841390609741211
