0.0 1.1631208658218384
0.0 1.1862962245941162
0.0 1.2211689949035645
0.0 3.3037781715393066
0.0 3.321601390838623
0.0 4.255764007568359
0.0 5.280117511749268
0.0 5.306354999542236
0.0 5.570745944976807
0.0 6.295306205749512
0.0 6.390322208404541
0.0 6.467697620391846
0.0 6.49485445022583
0.0 6.601241111755371
0.0 6.668589115142822
0.0 6.686000823974609
0.0 6.739315986633301
0.0 7.046735763549805
0.0 7.3668718338012695
0.0 7.377485752105713
0.0 7.424934387207031
0.0 7.489409446716309
0.0 7.560068130493164
0.0 7.5688347816467285
0.0 7.575798511505127
0.0 7.643167972564697
0.0 7.688436031341553
0.0 7.94890022277832
0.0 8.030477523803711
0.0 8.113851547241211
0.0 8.195847511291504
0.0 8.248083114624023
0.0 8.2616548538208
0.0 8.263501167297363
0.0 8.264379501342773
0.0 8.493876457214355
0.0 8.503759384155273
0.0 8.503888130187988
0.0 8.519935607910156
0.0 8.562456130981445
0.0 8.565143585205078
0.0 8.660117149353027
0.0 8.689448356628418
0.0 8.729013442993164
0.0 8.971658706665039
0.0 9.035297393798828
0.0 9.286212921142578
0.0 9.328886032104492
0.0 9.360824584960938
0.0 9.636863708496094
0.0 9.648428916931152
0.0 9.897037506103516
0.0 10.495562553405762
0.0 10.785324096679688
0.0 10.854744911193848
0.0 10.971797943115234
0.0 11.23360538482666
0.0 12.136924743652344
0.0 12.141364097595215
0.0 12.548477172851562
0.0 12.849349975585938
0.0 14.345391273498535
0.0 15.356741905212402
0.0 15.499170303344727
0.0 15.906352996826172
0.0 19.176607131958008
0.0 20.72052764892578
0.0 20.758298873901367
0.0 20.78595733642578
0.0 21.11064338684082
0.0 21.689170837402344
0.0 21.957754135131836
0.0 22.452106475830078
0.0 23.170921325683594
0.0 23.723257064819336
0.0 26.145030975341797
0.0 26.41956329345703
0.0 28.29903221130371
0.0 28.998252868652344
0.0 29.55711555480957
0.0 32.4896125793457
0.0 inf
43.41518783569336 45.253108978271484
41.29471969604492 63.64723587036133
40.4820671081543 62.79343032836914
37.60432434082031 41.172969818115234
22.401248931884766 22.526681900024414
21.33748435974121 28.040040969848633
17.497949600219727 20.62445831298828
16.802030563354492 20.323762893676758
16.513338088989258 17.67403221130371
13.485817909240723 14.24495792388916
12.543499946594238 14.43962287902832
11.401154518127441 12.765640258789062
11.303955078125 11.472268104553223
11.083420753479004 12.385554313659668
10.701207160949707 12.282646179199219
10.670772552490234 11.796834945678711
10.653450012207031 12.071186065673828
10.381682395935059 11.125676155090332
10.160961151123047 11.934954643249512
9.936844825744629 12.539352416992188
9.835378646850586 9.930296897888184
9.245014190673828 9.312997817993164
9.23965835571289 10.371854782104492
8.9834623336792 10.226944923400879
8.86974048614502 12.690446853637695
8.867036819458008 10.058454513549805
8.703717231750488 12.524247169494629
7.8833909034729 9.625847816467285
7.428413391113281 8.920848846435547
