0.0 1.153815746307373
0.0 4.034019470214844
0.0 5.361970901489258
0.0 5.4232892990112305
0.0 5.5942816734313965
0.0 5.605077266693115
0.0 6.0247626304626465
0.0 6.082664966583252
0.0 6.341128349304199
0.0 6.3883748054504395
0.0 6.409536838531494
0.0 6.4385223388671875
0.0 6.444789409637451
0.0 6.475790500640869
0.0 6.488604545593262
0.0 6.606171131134033
0.0 6.652583122253418
0.0 6.691903114318848
0.0 6.90532922744751
0.0 7.218860626220703
0.0 7.374629497528076
0.0 7.3939032554626465
0.0 7.416551113128662
0.0 7.4870381355285645
0.0 7.502781391143799
0.0 7.505065441131592
0.0 7.537935256958008
0.0 7.611653804779053
0.0 7.720314025878906
0.0 7.7447710037231445
0.0 7.839052200317383
0.0 7.8437042236328125
0.0 7.979526519775391
0.0 8.028280258178711
0.0 8.138307571411133
0.0 8.2653169631958
0.0 8.457294464111328
0.0 8.48930835723877
0.0 8.604732513427734
0.0 8.6824312210083
0.0 8.716374397277832
0.0 8.929949760437012
0.0 8.99519157409668
0.0 9.012479782104492
0.0 9.294615745544434
0.0 9.307602882385254
0.0 9.352450370788574
0.0 9.378974914550781
0.0 9.678214073181152
0.0 10.080331802368164
0.0 10.323713302612305
0.0 10.931875228881836
0.0 11.442957878112793
0.0 13.036534309387207
0.0 13.050822257995605
0.0 13.226058006286621
0.0 13.501729965209961
0.0 13.739598274230957
0.0 14.20404052734375
0.0 14.431897163391113
0.0 14.470766067504883
0.0 14.575204849243164
0.0 15.98643970489502
0.0 16.561708450317383
0.0 16.760574340820312
0.0 17.238319396972656
0.0 17.473243713378906
0.0 18.22553253173828
0.0 20.385757446289062
0.0 21.3362979888916
0.0 21.4498348236084
0.0 22.35378074645996
0.0 26.805580139160156
0.0 27.32278060913086
0.0 29.837169647216797
0.0 31.350601196289062
0.0 31.442319869995117
0.0 31.591886520385742
0.0 36.67487716674805
0.0 inf
56.15748596191406 58.01963424682617
54.70025634765625 67.79198455810547
49.72835922241211 64.922607421875
41.427459716796875 42.47298049926758
20.782604217529297 20.791017532348633
19.719310760498047 20.346097946166992
17.729738235473633 18.010704040527344
17.647815704345703 24.388431549072266
16.94725799560547 18.412107467651367
16.746013641357422 19.914793014526367
11.535478591918945 11.859889030456543
10.912532806396484 10.945027351379395
10.888450622558594 11.92531967163086
10.651885032653809 12.913394927978516
10.298591613769531 10.754502296447754
10.187020301818848 11.633866310119629
9.86828899383545 9.97836971282959
9.822175979614258 10.47780990600586
9.729656219482422 10.78449821472168
9.72370433807373 13.82448959350586
9.623923301696777 10.624959945678711
9.324941635131836 11.096463203430176
9.225105285644531 10.344271659851074
9.17442512512207 10.458418846130371
9.131959915161133 9.74250602722168
8.706236839294434 10.544425964355469
7.406853675842285 8.042402267456055
