0.0 2.643312931060791
0.0 3.6886367797851562
0.0 3.8831615447998047
0.0 4.152242183685303
0.0 4.364501476287842
0.0 4.925773620605469
0.0 4.967923641204834
0.0 5.238409519195557
0.0 5.6153435707092285
0.0 5.803076267242432
0.0 6.274396896362305
0.0 6.30211877822876
0.0 6.405693531036377
0.0 6.458513259887695
0.0 6.53832483291626
0.0 6.58887243270874
0.0 6.626477241516113
0.0 6.724299907684326
0.0 6.748896598815918
0.0 6.8002519607543945
0.0 7.153747081756592
0.0 7.319026470184326
0.0 7.385593414306641
0.0 7.394242286682129
0.0 7.3998122215271
0.0 7.4022040367126465
0.0 7.442262649536133
0.0 7.483466148376465
0.0 7.546050548553467
0.0 7.712997913360596
0.0 7.942011833190918
0.0 8.094459533691406
0.0 8.141936302185059
0.0 8.176859855651855
0.0 8.254535675048828
0.0 8.266380310058594
0.0 8.399750709533691
0.0 8.431077003479004
0.0 8.44351577758789
0.0 8.445202827453613
0.0 8.484033584594727
0.0 8.782648086547852
0.0 9.259398460388184
0.0 9.304859161376953
0.0 9.396269798278809
0.0 9.507351875305176
0.0 9.54257869720459
0.0 9.78177261352539
0.0 9.835813522338867
0.0 9.935721397399902
0.0 9.992846488952637
0.0 10.48840045928955
0.0 10.74936580657959
0.0 10.83004093170166
0.0 10.882967948913574
0.0 11.011024475097656
0.0 11.127756118774414
0.0 11.152874946594238
0.0 11.85510540008545
0.0 12.70958137512207
0.0 12.885797500610352
0.0 14.324588775634766
0.0 14.769906044006348
0.0 15.588820457458496
0.0 16.91521644592285
0.0 18.340778350830078
0.0 18.848907470703125
0.0 19.831817626953125
0.0 19.863527297973633
0.0 20.367618560791016
0.0 21.57842254638672
0.0 21.83255386352539
0.0 22.188026428222656
0.0 23.526586532592773
0.0 26.647632598876953
0.0 27.104801177978516
0.0 27.37228775024414
0.0 27.612327575683594
0.0 29.989187240600586
0.0 31.591270446777344
0.0 35.50004196166992
0.0 inf
48.0048828125 48.71843338012695
46.82049560546875 48.904884338378906
41.82331466674805 60.5715446472168
41.00052261352539 60.15747833251953
36.42677688598633 39.773319244384766
34.7872200012207 39.782379150390625
22.2479248046875 22.579486846923828
22.03271484375 28.108325958251953
16.51283073425293 20.219501495361328
15.685373306274414 19.860258102416992
12.3236722946167 13.981505393981934
11.567876815795898 13.14867115020752
10.88659954071045 13.533560752868652
10.5930814743042 11.406662940979004
10.306535720825195 11.374560356140137
9.881065368652344 10.245651245117188
9.647197723388672 12.00063705444336
9.51911449432373 11.870038032531738
9.515290260314941 10.121798515319824
9.257881164550781 10.492892265319824
9.206924438476562 9.955157279968262
8.580599784851074 10.737844467163086
8.443933486938477 11.07321834564209
7.587128639221191 9.055342674255371
7.557475566864014 9.159046173095703
