0.0 1.3039644956588745
0.0 1.4409931898117065
0.0 1.4748221635818481
0.0 3.269432544708252
0.0 4.201051235198975
0.0 4.493262767791748
0.0 4.66260290145874
0.0 4.680822849273682
0.0 4.708352088928223
0.0 5.398168563842773
0.0 5.533700466156006
0.0 5.546384811401367
0.0 5.614184379577637
0.0 5.6212968826293945
0.0 6.206540107727051
0.0 6.255528926849365
0.0 6.3181281089782715
0.0 6.357745170593262
0.0 6.393951416015625
0.0 6.472838878631592
0.0 6.648464679718018
0.0 6.709992408752441
0.0 6.866323947906494
0.0 7.051303386688232
0.0 7.060049533843994
0.0 7.136322021484375
0.0 7.505897045135498
0.0 7.525104999542236
0.0 7.528239727020264
0.0 7.595303535461426
0.0 7.617691993713379
0.0 7.639545917510986
0.0 7.746124744415283
0.0 7.97953987121582
0.0 8.003379821777344
0.0 8.199992179870605
0.0 8.328493118286133
0.0 8.37497615814209
0.0 8.457579612731934
0.0 8.663804054260254
0.0 8.67693042755127
0.0 8.73101806640625
0.0 8.768048286437988
0.0 8.794146537780762
0.0 8.810295104980469
0.0 8.989616394042969
0.0 8.999786376953125
0.0 9.176668167114258
0.0 9.38964557647705
0.0 9.58250617980957
0.0 9.65929126739502
0.0 9.66752815246582
0.0 10.478882789611816
0.0 10.886919021606445
0.0 11.10993480682373
0.0 12.122777938842773
0.0 13.095044136047363
0.0 13.195786476135254
0.0 13.21780776977539
0.0 13.65218734741211
0.0 13.758749008178711
0.0 14.017472267150879
0.0 14.17414379119873
0.0 14.206926345825195
0.0 14.484796524047852
0.0 15.131769180297852
0.0 15.223051071166992
0.0 15.71384334564209
0.0 15.907819747924805
0.0 18.09490966796875
0.0 18.650218963623047
0.0 19.36981201171875
0.0 20.690017700195312
0.0 23.53447151184082
0.0 24.016246795654297
0.0 24.367958068847656
0.0 28.279754638671875
0.0 29.841896057128906
0.0 30.61457061767578
0.0 32.21826934814453
0.0 33.26454162597656
0.0 inf
47.81970977783203 62.314208984375
43.9964714050293 44.793216705322266
42.201560974121094 60.025909423828125
35.08049392700195 37.75059127807617
32.28946304321289 34.792762756347656
20.861629486083984 21.965070724487305
17.73905372619629 20.630123138427734
16.563610076904297 24.15620231628418
15.597225189208984 16.03453826904297
14.837713241577148 16.09168243408203
12.43669319152832 12.87401008605957
11.690074920654297 12.020682334899902
10.660463333129883 11.1669340133667
10.404985427856445 11.95877456665039
9.749454498291016 10.333861351013184
9.539788246154785 12.5511474609375
9.490730285644531 12.83864688873291
9.2004976272583 9.346739768981934
9.079946517944336 10.716734886169434
9.026776313781738 12.649323463439941
7.987640857696533 8.825368881225586
7.291555881500244 8.371795654296875
