0.0 1.20814049243927
0.0 1.2905237674713135
0.0 1.303487777709961
0.0 4.347215175628662
0.0 4.362061500549316
0.0 4.780166149139404
0.0 5.557831764221191
0.0 5.564918041229248
0.0 5.695615291595459
0.0 5.871143341064453
0.0 6.003904342651367
0.0 6.048435688018799
0.0 6.2960076332092285
0.0 6.301794052124023
0.0 6.362184524536133
0.0 6.388099670410156
0.0 6.497350692749023
0.0 6.517380714416504
0.0 6.782308578491211
0.0 6.968657970428467
0.0 7.190608978271484
0.0 7.256978988647461
0.0 7.302463054656982
0.0 7.3437981605529785
0.0 7.460171699523926
0.0 7.559666156768799
0.0 7.591346263885498
0.0 7.649973392486572
0.0 7.766412258148193
0.0 7.9160637855529785
0.0 8.002575874328613
0.0 8.063895225524902
0.0 8.175681114196777
0.0 8.178445816040039
0.0 8.214489936828613
0.0 8.277812004089355
0.0 8.390417098999023
0.0 8.413294792175293
0.0 8.502511978149414
0.0 8.55182933807373
0.0 8.615878105163574
0.0 8.692574501037598
0.0 8.788561820983887
0.0 9.009400367736816
0.0 9.079167366027832
0.0 9.215784072875977
0.0 9.502002716064453
0.0 9.701129913330078
0.0 10.001327514648438
0.0 10.484648704528809
0.0 11.067427635192871
0.0 11.130463600158691
0.0 11.275357246398926
0.0 11.368876457214355
0.0 11.619609832763672
0.0 12.021056175231934
0.0 12.140488624572754
0.0 12.494194030761719
0.0 13.297621726989746
0.0 13.530191421508789
0.0 14.166539192199707
0.0 14.261098861694336
0.0 14.556458473205566
0.0 14.725875854492188
0.0 15.719626426696777
0.0 16.4118595123291
0.0 17.2816104888916
0.0 18.610185623168945
0.0 20.62681770324707
0.0 21.636178970336914
0.0 21.7666015625
0.0 22.733362197875977
0.0 22.98948860168457
0.0 23.790874481201172
0.0 24.603214263916016
0.0 25.134382247924805
0.0 25.863079071044922
0.0 26.055898666381836
0.0 26.99759292602539
0.0 28.08293342590332
0.0 34.085174560546875
0.0 inf
43.143733978271484 43.706298828125
41.48003005981445 44.64601135253906
40.08518981933594 62.158164978027344
37.496395111083984 38.74937438964844
37.23065185546875 62.01211929321289
31.753246307373047 36.77534103393555
20.58039093017578 21.97406005859375
18.576560974121094 25.3232421875
18.494882583618164 21.486658096313477
18.346019744873047 22.276338577270508
16.237369537353516 18.68570327758789
15.869629859924316 17.892826080322266
11.806865692138672 12.522624015808105
11.64136791229248 12.5433931350708
11.536802291870117 11.84060001373291
11.419282913208008 13.256802558898926
11.115338325500488 11.319664001464844
10.633225440979004 13.321722030639648
10.632651329040527 10.653871536254883
10.612467765808105 10.817522048950195
10.609807968139648 12.686209678649902
10.37505054473877 10.44975757598877
9.673885345458984 12.544438362121582
9.243912696838379 13.386760711669922
8.596125602722168 10.079352378845215
8.293292045593262 8.952241897583008
7.605632781982422 9.303193092346191
