0.0 2.552480697631836
0.0 2.993454933166504
0.0 3.5568337440490723
0.0 3.7802672386169434
0.0 4.239344596862793
0.0 4.239616870880127
0.0 4.329705238342285
0.0 4.385520935058594
0.0 5.190925598144531
0.0 5.21630859375
0.0 5.251221656799316
0.0 5.258011341094971
0.0 5.299901008605957
0.0 5.378730773925781
0.0 5.416413307189941
0.0 5.621270656585693
0.0 5.690033435821533
0.0 6.2456583976745605
0.0 6.28074312210083
0.0 6.3396830558776855
0.0 6.385887145996094
0.0 6.4229631423950195
0.0 6.488831043243408
0.0 6.649087905883789
0.0 7.064289093017578
0.0 7.143229961395264
0.0 7.23452615737915
0.0 7.296318054199219
0.0 7.374053478240967
0.0 7.409444332122803
0.0 7.655801773071289
0.0 7.884129047393799
0.0 7.928768634796143
0.0 8.070807456970215
0.0 8.133645057678223
0.0 8.202142715454102
0.0 8.263762474060059
0.0 8.372797012329102
0.0 8.442790985107422
0.0 8.46153450012207
0.0 8.480490684509277
0.0 8.546422958374023
0.0 8.722034454345703
0.0 8.743878364562988
0.0 8.84101676940918
0.0 8.969450950622559
0.0 9.121450424194336
0.0 9.42885684967041
0.0 9.592972755432129
0.0 9.751232147216797
0.0 10.108488082885742
0.0 10.214432716369629
0.0 11.071688652038574
0.0 11.438568115234375
0.0 11.849273681640625
0.0 12.05539608001709
0.0 12.548090934753418
0.0 12.781867027282715
0.0 12.968816757202148
0.0 13.799814224243164
0.0 13.87879467010498
0.0 15.708589553833008
0.0 16.0858211517334
0.0 16.1931095123291
0.0 16.36237144470215
0.0 17.50851058959961
0.0 19.853471755981445
0.0 20.626741409301758
0.0 20.751819610595703
0.0 21.36334800720215
0.0 23.725872039794922
0.0 23.985586166381836
0.0 24.504140853881836
0.0 24.55077362060547
0.0 24.599124908447266
0.0 28.904735565185547
0.0 28.973857879638672
0.0 29.342103958129883
0.0 29.93433952331543
0.0 33.55278396606445
0.0 34.506195068359375
0.0 inf
52.180904388427734 59.425750732421875
48.67551040649414 72.22615814208984
46.74190139770508 48.28450393676758
36.58244323730469 64.36038208007812
20.403409957885742 21.57110023498535
19.640790939331055 20.94969367980957
19.478540420532227 23.29543685913086
18.348907470703125 19.38964080810547
17.801616668701172 24.827001571655273
16.90464210510254 16.98495864868164
16.65785789489746 19.303327560424805
15.339731216430664 15.49208927154541
14.760738372802734 17.18878173828125
14.279520034790039 15.32974910736084
13.3297758102417 13.509974479675293
10.63003158569336 12.778791427612305
10.221748352050781 10.40803050994873
9.781299591064453 10.886445045471191
9.689122200012207 10.122997283935547
9.656950950622559 11.114633560180664
9.323277473449707 12.06080436706543
8.758599281311035 9.352655410766602
8.52275562286377 9.82937240600586
8.324337005615234 8.461833000183105
7.707365989685059 9.048137664794922
7.402016639709473 8.99764633178711
