0.0 1.1471163034439087
0.0 1.2088474035263062
0.0 2.6043508052825928
0.0 4.038684844970703
0.0 4.101118087768555
0.0 4.498321533203125
0.0 4.624632358551025
0.0 4.751296043395996
0.0 5.028102874755859
0.0 5.156919479370117
0.0 5.612750053405762
0.0 5.765866279602051
0.0 5.872129440307617
0.0 6.2821855545043945
0.0 6.358979225158691
0.0 6.374082565307617
0.0 6.486600875854492
0.0 6.495825290679932
0.0 6.515106201171875
0.0 6.823579788208008
0.0 6.932550430297852
0.0 7.0241594314575195
0.0 7.150102138519287
0.0 7.349691390991211
0.0 7.3696513175964355
0.0 7.3772149085998535
0.0 7.51652717590332
0.0 7.621188163757324
0.0 7.644232273101807
0.0 7.654173851013184
0.0 7.699691295623779
0.0 7.8010735511779785
0.0 7.919270038604736
0.0 7.940661907196045
0.0 8.001527786254883
0.0 8.286444664001465
0.0 8.475618362426758
0.0 8.52432918548584
0.0 8.586649894714355
0.0 8.61209774017334
0.0 8.720536231994629
0.0 8.73118782043457
0.0 8.819999694824219
0.0 8.8317232131958
0.0 8.896942138671875
0.0 8.900826454162598
0.0 9.217866897583008
0.0 9.244499206542969
0.0 9.293055534362793
0.0 9.523756980895996
0.0 9.802653312683105
0.0 9.929006576538086
0.0 10.274246215820312
0.0 10.355134963989258
0.0 10.456573486328125
0.0 10.785887718200684
0.0 11.547945976257324
0.0 11.876465797424316
0.0 12.036832809448242
0.0 12.11527156829834
0.0 12.503393173217773
0.0 12.908132553100586
0.0 13.689237594604492
0.0 15.344926834106445
0.0 15.547666549682617
0.0 18.47374725341797
0.0 18.502033233642578
0.0 19.592212677001953
0.0 20.15750503540039
0.0 21.98283576965332
0.0 22.16288948059082
0.0 22.499181747436523
0.0 22.58502197265625
0.0 22.665809631347656
0.0 25.23110008239746
0.0 25.83761215209961
0.0 26.14543914794922
0.0 29.272123336791992
0.0 31.41179656982422
0.0 31.886220932006836
0.0 35.203514099121094
0.0 inf
43.363773345947266 44.61387634277344
42.86369705200195 57.20802688598633
41.84328842163086 43.23728942871094
40.24672317504883 63.851959228515625
39.52224349975586 41.88957214355469
21.9205322265625 25.829700469970703
17.442974090576172 20.126728057861328
16.802804946899414 17.854530334472656
16.499372482299805 19.697303771972656
12.93340015411377 15.529715538024902
11.326147079467773 12.461853981018066
11.170455932617188 11.436230659484863
11.14982795715332 11.378344535827637
10.740572929382324 11.295677185058594
10.592962265014648 12.610065460205078
10.53482723236084 11.057496070861816
10.299899101257324 11.496990203857422
10.01959228515625 10.844435691833496
9.014801025390625 12.623306274414062
8.938279151916504 14.726839065551758
8.432530403137207 10.095392227172852
8.04086971282959 9.794295310974121
