0.0 3.9132120609283447
0.0 4.302239894866943
0.0 4.346681594848633
0.0 4.515268802642822
0.0 4.912075042724609
0.0 5.203952312469482
0.0 5.29098653793335
0.0 5.30115270614624
0.0 5.625527858734131
0.0 6.398458003997803
0.0 6.557176113128662
0.0 6.775357723236084
0.0 7.05047082901001
0.0 7.284999847412109
0.0 7.4399824142456055
0.0 7.449048042297363
0.0 7.4602508544921875
0.0 7.511431694030762
0.0 7.56726598739624
0.0 7.644859790802002
0.0 7.759732246398926
0.0 7.767311096191406
0.0 7.882952690124512
0.0 7.942904949188232
0.0 7.989003658294678
0.0 8.30473804473877
0.0 8.306979179382324
0.0 8.401082038879395
0.0 8.420477867126465
0.0 8.568663597106934
0.0 8.570146560668945
0.0 8.665201187133789
0.0 8.850774765014648
0.0 8.981940269470215
0.0 9.11728286743164
0.0 9.319857597351074
0.0 9.345697402954102
0.0 9.452250480651855
0.0 9.463165283203125
0.0 9.5594482421875
0.0 9.597774505615234
0.0 9.66972827911377
0.0 9.711451530456543
0.0 9.828042984008789
0.0 9.884434700012207
0.0 10.214523315429688
0.0 10.24370288848877
0.0 10.573098182678223
0.0 11.040435791015625
0.0 11.139838218688965
0.0 11.152888298034668
0.0 11.389765739440918
0.0 11.82771110534668
0.0 12.08839225769043
0.0 12.270486831665039
0.0 12.600886344909668
0.0 13.047624588012695
0.0 13.250022888183594
0.0 13.366142272949219
0.0 13.653895378112793
0.0 13.85704517364502
0.0 14.190157890319824
0.0 14.469292640686035
0.0 14.858759880065918
0.0 14.939436912536621
0.0 15.425292015075684
0.0 16.65210723876953
0.0 16.84186553955078
0.0 17.138797760009766
0.0 17.673370361328125
0.0 20.012401580810547
0.0 20.37873649597168
0.0 20.607725143432617
0.0 25.054866790771484
0.0 25.845640182495117
0.0 27.303565979003906
0.0 28.76279067993164
0.0 29.07698631286621
0.0 29.15974235534668
0.0 31.369421005249023
0.0 35.886837005615234
0.0 inf
51.908531188964844 56.0898551940918
51.72783279418945 57.62502670288086
46.007694244384766 64.0905990600586
45.544795989990234 63.77960205078125
18.559179306030273 22.978660583496094
17.417434692382812 22.554506301879883
17.072099685668945 18.13519287109375
16.93077278137207 17.96463394165039
16.533756256103516 19.87923240661621
16.25966453552246 19.121578216552734
14.794485092163086 14.852083206176758
14.747995376586914 16.70953941345215
14.200485229492188 15.297080993652344
13.573296546936035 14.601065635681152
13.469090461730957 14.645877838134766
13.138779640197754 15.037415504455566
11.613232612609863 11.642597198486328
10.475374221801758 13.290861129760742
9.759844779968262 11.707259178161621
9.581293106079102 11.399595260620117
9.52105712890625 11.210512161254883
9.51036548614502 11.947288513183594
9.452305793762207 12.545090675354004
9.32176399230957 10.165865898132324
9.094425201416016 9.7094087600708
9.087810516357422 10.885784149169922
9.003081321716309 10.249098777770996
8.130804061889648 9.160476684570312
7.933643817901611 9.170654296875
