0.0 2.6880574226379395
0.0 3.5349504947662354
0.0 3.5592594146728516
0.0 3.862032413482666
0.0 4.311365604400635
0.0 4.833977699279785
0.0 4.85740852355957
0.0 5.685276031494141
0.0 6.229519844055176
0.0 6.25412654876709
0.0 6.292490482330322
0.0 6.327752590179443
0.0 6.367249488830566
0.0 6.532544136047363
0.0 6.576772212982178
0.0 6.615443706512451
0.0 6.774020671844482
0.0 6.833333969116211
0.0 6.870791912078857
0.0 7.220405101776123
0.0 7.285655975341797
0.0 7.322723865509033
0.0 7.38540506362915
0.0 7.398492336273193
0.0 7.400866508483887
0.0 7.789535045623779
0.0 7.798451900482178
0.0 7.905544281005859
0.0 8.024849891662598
0.0 8.025310516357422
0.0 8.044656753540039
0.0 8.323138236999512
0.0 8.369524002075195
0.0 8.376517295837402
0.0 8.384825706481934
0.0 8.404969215393066
0.0 8.439276695251465
0.0 8.450156211853027
0.0 8.459744453430176
0.0 8.486063003540039
0.0 8.648439407348633
0.0 8.970380783081055
0.0 9.28195858001709
0.0 9.304121017456055
0.0 9.527198791503906
0.0 9.541730880737305
0.0 9.761706352233887
0.0 9.811495780944824
0.0 9.938897132873535
0.0 10.485824584960938
0.0 10.534584045410156
0.0 10.882503509521484
0.0 10.896726608276367
0.0 10.915390014648438
0.0 10.955739974975586
0.0 11.131702423095703
0.0 11.259994506835938
0.0 11.268939018249512
0.0 12.014687538146973
0.0 12.724686622619629
0.0 13.016554832458496
0.0 14.412346839904785
0.0 14.504053115844727
0.0 15.39161491394043
0.0 17.172685623168945
0.0 18.563146591186523
0.0 19.75145721435547
0.0 19.975460052490234
0.0 20.604694366455078
0.0 20.785240173339844
0.0 21.051544189453125
0.0 21.567455291748047
0.0 22.118146896362305
0.0 22.487844467163086
0.0 25.629762649536133
0.0 26.09784698486328
0.0 26.60069465637207
0.0 27.380300521850586
0.0 30.14327049255371
0.0 31.89703941345215
0.0 34.29844284057617
0.0 inf
46.28366470336914 48.213565826416016
45.55923080444336 47.3558235168457
41.317108154296875 61.75079345703125
41.1541633605957 60.63776397705078
38.75914764404297 40.15393829345703
34.541690826416016 39.7008171081543
22.484060287475586 23.610013961791992
22.122220993041992 28.11455535888672
18.03426742553711 18.483440399169922
16.484575271606445 20.023759841918945
15.694014549255371 19.741657257080078
13.907267570495605 14.367018699645996
12.587950706481934 13.333553314208984
12.503921508789062 14.212331771850586
11.528115272521973 12.075715065002441
10.70984172821045 13.389565467834473
10.575295448303223 11.381321907043457
10.043124198913574 12.359620094299316
10.003801345825195 12.105412483215332
9.924053192138672 10.307994842529297
9.549681663513184 9.654945373535156
9.414411544799805 11.798876762390137
9.373634338378906 10.509045600891113
9.268433570861816 10.437520027160645
9.213849067687988 10.049572944641113
8.736526489257812 10.488621711730957
8.456914901733398 11.097704887390137
7.537140369415283 9.766764640808105
7.3578009605407715 8.298571586608887
