0.0 4.065357208251953
0.0 4.184067249298096
0.0 4.248911380767822
0.0 4.275564193725586
0.0 4.693029880523682
0.0 4.775752544403076
0.0 5.286674976348877
0.0 5.9357428550720215
0.0 6.275725364685059
0.0 6.534538269042969
0.0 6.7478532791137695
0.0 7.1292195320129395
0.0 7.169291019439697
0.0 7.403512477874756
0.0 7.409451007843018
0.0 7.535408973693848
0.0 7.661704063415527
0.0 7.882879734039307
0.0 7.971089839935303
0.0 8.025218963623047
0.0 8.040120124816895
0.0 8.045246124267578
0.0 8.205140113830566
0.0 8.243926048278809
0.0 8.32693862915039
0.0 8.335756301879883
0.0 8.371353149414062
0.0 8.40308952331543
0.0 8.404021263122559
0.0 8.40908432006836
0.0 8.41613483428955
0.0 8.620770454406738
0.0 8.676916122436523
0.0 8.817534446716309
0.0 9.08151626586914
0.0 9.183439254760742
0.0 9.300435066223145
0.0 9.33432674407959
0.0 9.628081321716309
0.0 9.659019470214844
0.0 9.717538833618164
0.0 9.73434829711914
0.0 9.788163185119629
0.0 9.855775833129883
0.0 10.03929328918457
0.0 10.396265029907227
0.0 10.561136245727539
0.0 10.707538604736328
0.0 10.782512664794922
0.0 11.04940414428711
0.0 11.247106552124023
0.0 11.507139205932617
0.0 11.666180610656738
0.0 12.149645805358887
0.0 12.640498161315918
0.0 13.04791259765625
0.0 13.298595428466797
0.0 13.583124160766602
0.0 13.725383758544922
0.0 14.114151954650879
0.0 14.288021087646484
0.0 14.561348915100098
0.0 14.946110725402832
0.0 15.421463966369629
0.0 16.365524291992188
0.0 16.82693099975586
0.0 17.167831420898438
0.0 17.58596420288086
0.0 17.76226806640625
0.0 17.803998947143555
0.0 18.20159149169922
0.0 18.266746520996094
0.0 22.246854782104492
0.0 25.217918395996094
0.0 26.970073699951172
0.0 27.965620040893555
0.0 29.11962890625
0.0 29.26055908203125
0.0 29.845361709594727
0.0 31.464866638183594
0.0 34.6208610534668
0.0 inf
53.694217681884766 59.18015670776367
47.27125930786133 68.64613342285156
45.996795654296875 64.09901428222656
22.013805389404297 22.476608276367188
18.89129638671875 22.66640281677246
18.383264541625977 23.910797119140625
18.022296905517578 18.38231658935547
17.85050392150879 20.291189193725586
16.764211654663086 21.20378875732422
14.253740310668945 14.529918670654297
14.023459434509277 15.3156156539917
14.015887260437012 15.188876152038574
13.887508392333984 15.833373069763184
13.259170532226562 15.85248851776123
13.164628982543945 15.324652671813965
11.515024185180664 12.441309928894043
11.179475784301758 11.24327278137207
10.656656265258789 13.456486701965332
10.642714500427246 13.30383586883545
10.514728546142578 11.880156517028809
10.205015182495117 10.577828407287598
9.567253112792969 11.128474235534668
9.49916934967041 12.291129112243652
9.418899536132812 10.260080337524414
9.345129013061523 12.450868606567383
8.454144477844238 9.43181324005127
8.214296340942383 11.0015287399292
8.025691032409668 9.243212699890137
