0.0 1.2386497259140015
0.0 1.3137720823287964
0.0 1.3917244672775269
0.0 4.379406452178955
0.0 4.426029682159424
0.0 4.500405788421631
0.0 5.476914882659912
0.0 5.550062656402588
0.0 5.776587963104248
0.0 5.850761890411377
0.0 5.925161361694336
0.0 6.320352554321289
0.0 6.322386741638184
0.0 6.32582426071167
0.0 6.383115768432617
0.0 6.392788887023926
0.0 6.437723636627197
0.0 6.536407947540283
0.0 6.553460597991943
0.0 6.645693302154541
0.0 6.723376274108887
0.0 6.769123554229736
0.0 6.918826580047607
0.0 6.945658206939697
0.0 7.041194438934326
0.0 7.319639205932617
0.0 7.477405548095703
0.0 7.515848636627197
0.0 7.562082767486572
0.0 7.938943386077881
0.0 7.969432830810547
0.0 8.001211166381836
0.0 8.027538299560547
0.0 8.2745361328125
0.0 8.37276840209961
0.0 8.451491355895996
0.0 8.464936256408691
0.0 8.59340763092041
0.0 8.677680015563965
0.0 8.813536643981934
0.0 8.828699111938477
0.0 8.884033203125
0.0 9.015105247497559
0.0 9.036416053771973
0.0 9.239212036132812
0.0 9.327664375305176
0.0 9.386856079101562
0.0 9.553089141845703
0.0 9.555824279785156
0.0 9.726799964904785
0.0 9.781742095947266
0.0 9.782368659973145
0.0 10.11689281463623
0.0 10.535382270812988
0.0 10.837876319885254
0.0 10.879738807678223
0.0 11.355804443359375
0.0 12.012805938720703
0.0 12.506879806518555
0.0 12.674193382263184
0.0 12.831993103027344
0.0 13.243095397949219
0.0 14.646377563476562
0.0 14.664572715759277
0.0 16.393939971923828
0.0 16.406837463378906
0.0 16.73603630065918
0.0 16.775922775268555
0.0 17.60962677001953
0.0 17.808002471923828
0.0 19.322715759277344
0.0 21.420345306396484
0.0 24.183216094970703
0.0 24.237499237060547
0.0 26.846832275390625
0.0 28.396440505981445
0.0 28.575925827026367
0.0 28.72935676574707
0.0 28.798810958862305
0.0 29.05301284790039
0.0 30.95088768005371
0.0 inf
39.16427993774414 61.787960052490234
37.39942932128906 41.18272399902344
34.85696792602539 59.09898376464844
31.508487701416016 36.536155700683594
20.038206100463867 24.64239501953125
18.68628692626953 22.359521865844727
18.03561019897461 21.105344772338867
14.790021896362305 15.523893356323242
13.38518238067627 15.891373634338379
12.433128356933594 13.668956756591797
11.748401641845703 12.00266170501709
11.502579689025879 11.511606216430664
11.411686897277832 12.580199241638184
11.194964408874512 11.611068725585938
10.569522857666016 11.791337966918945
10.23702335357666 12.351054191589355
10.024547576904297 11.274229049682617
9.8412446975708 12.027985572814941
9.569936752319336 12.867238998413086
9.36704158782959 10.727602005004883
8.905360221862793 8.953442573547363
8.796024322509766 9.171314239501953
8.470947265625 8.880507469177246
8.418771743774414 9.246665000915527
8.336459159851074 9.26091480255127
