0.0 3.6081149578094482
0.0 4.348804473876953
0.0 4.448291301727295
0.0 4.626708030700684
0.0 5.219908714294434
0.0 5.295098781585693
0.0 5.296932220458984
0.0 5.322561264038086
0.0 5.655241966247559
0.0 6.031513214111328
0.0 6.271775722503662
0.0 6.328109264373779
0.0 6.375298976898193
0.0 6.396069526672363
0.0 6.550130367279053
0.0 6.602217674255371
0.0 6.7418742179870605
0.0 7.087040424346924
0.0 7.399148941040039
0.0 7.899481296539307
0.0 7.948038101196289
0.0 7.962018013000488
0.0 7.9693922996521
0.0 7.994935512542725
0.0 8.075289726257324
0.0 8.305214881896973
0.0 8.328930854797363
0.0 8.330395698547363
0.0 8.37052059173584
0.0 8.408839225769043
0.0 8.470015525817871
0.0 8.61888599395752
0.0 8.65201187133789
0.0 8.77609920501709
0.0 9.077990531921387
0.0 9.092769622802734
0.0 9.151341438293457
0.0 9.163118362426758
0.0 9.189196586608887
0.0 9.240936279296875
0.0 9.582620620727539
0.0 9.618680953979492
0.0 9.748610496520996
0.0 9.869658470153809
0.0 9.87247371673584
0.0 10.229663848876953
0.0 10.507455825805664
0.0 10.556700706481934
0.0 11.055651664733887
0.0 11.111748695373535
0.0 11.439192771911621
0.0 11.58334732055664
0.0 11.963493347167969
0.0 12.885133743286133
0.0 13.264628410339355
0.0 13.55678939819336
0.0 13.742448806762695
0.0 13.857090950012207
0.0 14.107795715332031
0.0 14.329266548156738
0.0 14.78583812713623
0.0 15.020074844360352
0.0 15.213340759277344
0.0 15.447179794311523
0.0 16.005474090576172
0.0 16.12826919555664
0.0 16.785898208618164
0.0 16.806299209594727
0.0 17.12200164794922
0.0 18.5600528717041
0.0 18.61373519897461
0.0 20.254655838012695
0.0 22.546693801879883
0.0 23.637088775634766
0.0 25.068574905395508
0.0 26.9694881439209
0.0 28.87337303161621
0.0 29.073190689086914
0.0 29.185510635375977
0.0 30.985082626342773
0.0 34.70060348510742
0.0 inf
52.397254943847656 54.712371826171875
51.89518737792969 56.65300750732422
46.90106964111328 66.21858978271484
43.160343170166016 62.04290008544922
19.948772430419922 22.470380783081055
19.431251525878906 20.196186065673828
18.665462493896484 23.075725555419922
18.385852813720703 18.795869827270508
17.54771614074707 22.330984115600586
16.977962493896484 19.722871780395508
16.57500648498535 20.40306282043457
16.101499557495117 16.13638687133789
16.006877899169922 16.129804611206055
15.595444679260254 16.593505859375
15.312203407287598 17.22833824157715
14.580174446105957 15.298508644104004
13.773019790649414 15.495183944702148
10.687429428100586 12.601025581359863
10.569099426269531 12.663782119750977
10.492356300354004 11.508587837219238
9.73737907409668 11.173384666442871
9.687628746032715 11.032116889953613
9.36705207824707 10.128600120544434
9.302648544311523 10.048701286315918
8.90097427368164 9.67485523223877
8.756892204284668 9.553558349609375
8.596672058105469 10.502546310424805
8.46651554107666 10.751846313476562
8.197354316711426 10.386345863342285
