0.0 3.872269630432129
0.0 4.612221717834473
0.0 4.7198872566223145
0.0 5.309625148773193
0.0 5.3214640617370605
0.0 5.3874945640563965
0.0 5.973618030548096
0.0 6.266233444213867
0.0 6.341594696044922
0.0 6.5255632400512695
0.0 6.538987636566162
0.0 6.642402648925781
0.0 6.871164321899414
0.0 7.037581920623779
0.0 7.418089866638184
0.0 7.593673229217529
0.0 7.605645656585693
0.0 7.664251327514648
0.0 7.9075446128845215
0.0 7.962975978851318
0.0 8.00182056427002
0.0 8.00674819946289
0.0 8.172758102416992
0.0 8.248618125915527
0.0 8.314083099365234
0.0 8.385356903076172
0.0 8.413883209228516
0.0 8.43115234375
0.0 8.472481727600098
0.0 8.503874778747559
0.0 8.542052268981934
0.0 8.607638359069824
0.0 8.89538288116455
0.0 9.101570129394531
0.0 9.104705810546875
0.0 9.233837127685547
0.0 9.339105606079102
0.0 9.347512245178223
0.0 9.452361106872559
0.0 9.482498168945312
0.0 9.616083145141602
0.0 9.677253723144531
0.0 9.732586860656738
0.0 9.757488250732422
0.0 9.937094688415527
0.0 10.279142379760742
0.0 10.32225513458252
0.0 10.505756378173828
0.0 11.017054557800293
0.0 11.245548248291016
0.0 11.532475471496582
0.0 11.690088272094727
0.0 11.840725898742676
0.0 11.909990310668945
0.0 12.094596862792969
0.0 12.540824890136719
0.0 13.075323104858398
0.0 13.652264595031738
0.0 14.03244400024414
0.0 14.347411155700684
0.0 14.350680351257324
0.0 14.505070686340332
0.0 14.696319580078125
0.0 14.84124755859375
0.0 15.52640151977539
0.0 16.370628356933594
0.0 16.707612991333008
0.0 17.552383422851562
0.0 17.849491119384766
0.0 18.253376007080078
0.0 18.272642135620117
0.0 20.976316452026367
0.0 21.994836807250977
0.0 25.328344345092773
0.0 26.31389045715332
0.0 28.237262725830078
0.0 29.0695858001709
0.0 29.220693588256836
0.0 29.880687713623047
0.0 31.017858505249023
0.0 34.28462600708008
0.0 inf
57.13991165161133 62.02997970581055
54.272953033447266 59.84806442260742
54.075531005859375 66.42843627929688
46.70523452758789 63.8509407043457
18.454769134521484 19.774978637695312
18.298261642456055 23.525222778320312
17.674440383911133 22.075298309326172
16.974210739135742 17.582416534423828
16.64901351928711 21.157106399536133
14.977517127990723 15.289603233337402
14.30907154083252 16.334707260131836
13.80492115020752 13.883679389953613
12.568928718566895 13.252639770507812
12.530427932739258 14.930046081542969
12.454914093017578 16.706777572631836
12.362503051757812 14.444275856018066
11.62295150756836 12.638260841369629
10.87777042388916 14.033146858215332
10.609402656555176 12.961099624633789
10.552416801452637 13.384855270385742
10.08158016204834 10.567747116088867
9.707491874694824 11.187324523925781
9.577177047729492 10.21590518951416
9.410503387451172 11.706706047058105
8.224563598632812 10.367715835571289
8.01999568939209 9.142369270324707
