0.0 1.2607780694961548
0.0 1.286128044128418
0.0 1.3782060146331787
0.0 3.818113327026367
0.0 4.619544982910156
0.0 4.62428617477417
0.0 5.091561794281006
0.0 5.395627021789551
0.0 5.619990348815918
0.0 5.631349563598633
0.0 5.664900302886963
0.0 6.13913631439209
0.0 6.31674861907959
0.0 6.354792594909668
0.0 6.659152984619141
0.0 6.749603271484375
0.0 6.922695636749268
0.0 6.953359127044678
0.0 7.102996349334717
0.0 7.368484973907471
0.0 7.457009792327881
0.0 7.739930629730225
0.0 7.7419867515563965
0.0 7.78228235244751
0.0 7.859735012054443
0.0 7.872077465057373
0.0 7.994832992553711
0.0 8.131278038024902
0.0 8.132440567016602
0.0 8.185023307800293
0.0 8.231218338012695
0.0 8.23979377746582
0.0 8.33653450012207
0.0 8.385602951049805
0.0 8.4365816116333
0.0 8.498895645141602
0.0 8.538756370544434
0.0 8.554231643676758
0.0 8.583592414855957
0.0 8.600189208984375
0.0 8.632165908813477
0.0 8.697697639465332
0.0 8.736026763916016
0.0 8.747014045715332
0.0 9.067002296447754
0.0 9.082942962646484
0.0 9.309492111206055
0.0 9.467918395996094
0.0 9.60178279876709
0.0 9.661407470703125
0.0 10.238604545593262
0.0 10.474322319030762
0.0 10.609277725219727
0.0 10.630929946899414
0.0 11.134615898132324
0.0 11.717170715332031
0.0 11.906346321105957
0.0 12.440264701843262
0.0 13.067107200622559
0.0 13.264078140258789
0.0 13.606245040893555
0.0 14.02166748046875
0.0 14.187684059143066
0.0 14.445745468139648
0.0 14.947808265686035
0.0 16.35918426513672
0.0 16.49104118347168
0.0 16.863479614257812
0.0 17.67760467529297
0.0 18.22231101989746
0.0 18.573421478271484
0.0 18.69681739807129
0.0 19.252742767333984
0.0 25.918676376342773
0.0 26.236963272094727
0.0 27.688152313232422
0.0 27.746267318725586
0.0 28.360673904418945
0.0 29.123125076293945
0.0 31.054460525512695
0.0 35.02457046508789
0.0 inf
52.71822738647461 53.68721389770508
44.848350524902344 45.40998458862305
42.93235778808594 65.30066680908203
38.041038513183594 40.517417907714844
35.31536102294922 59.83769226074219
34.67086410522461 35.3513069152832
19.791732788085938 20.748184204101562
19.362003326416016 24.17418670654297
17.582429885864258 21.599323272705078
16.427453994750977 17.106412887573242
14.066926956176758 16.535303115844727
13.762190818786621 15.212080001831055
12.174050331115723 13.829984664916992
12.168228149414062 13.434948921203613
11.758038520812988 12.100119590759277
11.634114265441895 11.90422534942627
10.631155014038086 12.17809009552002
10.495321273803711 12.762065887451172
10.387744903564453 12.882664680480957
9.769410133361816 10.659143447875977
9.744095802307129 10.003642082214355
9.657005310058594 10.848000526428223
9.612959861755371 13.256056785583496
9.591384887695312 12.696874618530273
9.589943885803223 10.524667739868164
9.554363250732422 11.232035636901855
9.263642311096191 9.272150993347168
9.255461692810059 10.003104209899902
8.852777481079102 10.053160667419434
8.15825080871582 10.177925109863281
7.917850971221924 9.205035209655762
