0.0 2.4076476097106934
0.0 3.793316125869751
0.0 4.235393524169922
0.0 4.380843639373779
0.0 4.606344223022461
0.0 5.000360488891602
0.0 5.316003799438477
0.0 5.4155497550964355
0.0 5.72691011428833
0.0 5.734711647033691
0.0 6.341984272003174
0.0 6.367049694061279
0.0 6.688930034637451
0.0 6.986489295959473
0.0 7.043206691741943
0.0 7.047275066375732
0.0 7.331952095031738
0.0 7.35891580581665
0.0 7.394474029541016
0.0 7.396562099456787
0.0 7.399310111999512
0.0 7.414510250091553
0.0 7.436435222625732
0.0 7.438315391540527
0.0 7.488981246948242
0.0 7.489933967590332
0.0 7.653231143951416
0.0 8.148255348205566
0.0 8.231559753417969
0.0 8.23882007598877
0.0 8.292570114135742
0.0 8.422680854797363
0.0 8.435076713562012
0.0 8.498497009277344
0.0 8.512040138244629
0.0 8.708586692810059
0.0 8.734254837036133
0.0 8.793188095092773
0.0 9.054322242736816
0.0 9.069717407226562
0.0 9.288335800170898
0.0 9.415801048278809
0.0 9.433752059936523
0.0 9.461181640625
0.0 9.570002555847168
0.0 9.593358039855957
0.0 9.700606346130371
0.0 9.749002456665039
0.0 10.18349838256836
0.0 10.367016792297363
0.0 10.62853717803955
0.0 10.805286407470703
0.0 10.937551498413086
0.0 11.003118515014648
0.0 11.44723892211914
0.0 11.701650619506836
0.0 12.128704071044922
0.0 12.92423152923584
0.0 13.114227294921875
0.0 13.308989524841309
0.0 13.602494239807129
0.0 13.604360580444336
0.0 13.752113342285156
0.0 15.794759750366211
0.0 15.804491996765137
0.0 17.08672332763672
0.0 17.466434478759766
0.0 17.757829666137695
0.0 18.643571853637695
0.0 18.96770668029785
0.0 19.21986961364746
0.0 19.400569915771484
0.0 22.271867752075195
0.0 23.689008712768555
0.0 24.81373405456543
0.0 25.946500778198242
0.0 26.09639549255371
0.0 26.152769088745117
0.0 29.780887603759766
0.0 30.68715476989746
0.0 31.92129135131836
0.0 inf
51.235435485839844 51.747291564941406
48.378170013427734 61.66498565673828
39.091304779052734 57.73823928833008
19.711994171142578 22.966291427612305
19.634803771972656 21.64809226989746
18.422069549560547 24.556711196899414
17.1699275970459 18.293725967407227
16.700204849243164 17.082115173339844
14.731032371520996 17.94260025024414
13.933218002319336 14.403212547302246
13.903831481933594 15.150548934936523
13.651405334472656 17.448516845703125
13.007976531982422 13.321563720703125
12.078811645507812 13.047123908996582
11.842499732971191 13.072290420532227
11.757033348083496 15.426595687866211
11.347088813781738 11.831280708312988
10.647278785705566 11.8494873046875
10.338845252990723 12.580340385437012
10.15140151977539 11.266858100891113
10.125168800354004 10.5228910446167
9.46990966796875 11.26247501373291
9.412341117858887 10.705998420715332
8.59750747680664 10.473544120788574
8.338319778442383 9.340994834899902
7.526910781860352 10.370100975036621
7.439351558685303 9.85820198059082
