0.0 3.898859977722168
0.0 4.102266311645508
0.0 4.244792938232422
0.0 5.331206798553467
0.0 5.351325511932373
0.0 5.576964378356934
0.0 5.654575347900391
0.0 5.993251323699951
0.0 6.048187732696533
0.0 6.338528633117676
0.0 6.375433444976807
0.0 6.441403865814209
0.0 6.456974983215332
0.0 6.597504615783691
0.0 6.604479789733887
0.0 6.658567428588867
0.0 6.799063682556152
0.0 6.855403900146484
0.0 6.932060718536377
0.0 7.0859270095825195
0.0 7.369361877441406
0.0 7.3798747062683105
0.0 7.535525798797607
0.0 7.546154975891113
0.0 7.559507369995117
0.0 7.618155002593994
0.0 7.621927261352539
0.0 7.705904006958008
0.0 7.776930809020996
0.0 7.807686805725098
0.0 7.924562931060791
0.0 8.217445373535156
0.0 8.296806335449219
0.0 8.44161605834961
0.0 8.448651313781738
0.0 8.490487098693848
0.0 8.575484275817871
0.0 8.668285369873047
0.0 8.780466079711914
0.0 8.978180885314941
0.0 9.134421348571777
0.0 9.217438697814941
0.0 9.220245361328125
0.0 9.34742259979248
0.0 9.487497329711914
0.0 9.59954833984375
0.0 9.714468002319336
0.0 9.998908996582031
0.0 10.22634220123291
0.0 10.239892959594727
0.0 10.275239944458008
0.0 10.521108627319336
0.0 10.785362243652344
0.0 11.150433540344238
0.0 11.682413101196289
0.0 12.421271324157715
0.0 13.015487670898438
0.0 13.182785034179688
0.0 13.281416893005371
0.0 13.28293228149414
0.0 14.347062110900879
0.0 14.444613456726074
0.0 14.572453498840332
0.0 14.767973899841309
0.0 16.922266006469727
0.0 16.930025100708008
0.0 17.145618438720703
0.0 17.623058319091797
0.0 17.7657527923584
0.0 18.17347526550293
0.0 18.284854888916016
0.0 18.54497528076172
0.0 18.917261123657227
0.0 21.138559341430664
0.0 23.45705223083496
0.0 27.381452560424805
0.0 28.315752029418945
0.0 28.454273223876953
0.0 31.57611656188965
0.0 32.405643463134766
0.0 34.823394775390625
0.0 inf
56.31977844238281 68.60702514648438
49.64654541015625 66.11970520019531
40.78949737548828 42.32878112792969
20.682016372680664 21.317075729370117
20.30473518371582 23.69244956970215
18.658409118652344 20.44098472595215
18.609760284423828 20.755470275878906
15.670633316040039 19.929445266723633
13.612927436828613 15.65689754486084
13.16365909576416 14.497910499572754
11.941305160522461 14.316949844360352
11.798883438110352 13.151449203491211
10.788546562194824 11.833017349243164
10.584364891052246 12.940101623535156
10.346269607543945 10.722463607788086
10.294432640075684 11.50888442993164
10.163721084594727 12.671236991882324
10.009815216064453 10.555994987487793
9.889017105102539 10.01771068572998
9.867938995361328 11.066131591796875
9.691699028015137 11.540237426757812
9.632431030273438 10.590463638305664
9.368983268737793 9.748456001281738
9.313850402832031 10.407479286193848
9.190411567687988 10.188979148864746
9.13359260559082 9.3294095993042
8.483745574951172 10.569942474365234
7.4263129234313965 8.05398941040039
