0.0 1.1553938388824463
0.0 1.174233317375183
0.0 1.25765061378479
0.0 3.3070428371429443
0.0 3.427417755126953
0.0 4.253378868103027
0.0 5.200047492980957
0.0 5.26161527633667
0.0 5.377715110778809
0.0 6.289596080780029
0.0 6.420395851135254
0.0 6.434030532836914
0.0 6.437435626983643
0.0 6.50235652923584
0.0 6.6472625732421875
0.0 6.650852203369141
0.0 6.780916213989258
0.0 6.950796127319336
0.0 7.324764728546143
0.0 7.379490852355957
0.0 7.4254045486450195
0.0 7.512087821960449
0.0 7.5472307205200195
0.0 7.568350791931152
0.0 7.581329822540283
0.0 7.587819576263428
0.0 8.01354694366455
0.0 8.063149452209473
0.0 8.209946632385254
0.0 8.222636222839355
0.0 8.235671043395996
0.0 8.257270812988281
0.0 8.325079917907715
0.0 8.327896118164062
0.0 8.331795692443848
0.0 8.33962631225586
0.0 8.453657150268555
0.0 8.492693901062012
0.0 8.504059791564941
0.0 8.524820327758789
0.0 8.532064437866211
0.0 8.578255653381348
0.0 8.602100372314453
0.0 8.65353012084961
0.0 8.763069152832031
0.0 8.768774032592773
0.0 9.231979370117188
0.0 9.47825813293457
0.0 9.575411796569824
0.0 9.875676155090332
0.0 9.996077537536621
0.0 10.128143310546875
0.0 10.137179374694824
0.0 10.443208694458008
0.0 10.518511772155762
0.0 10.935142517089844
0.0 10.977731704711914
0.0 11.063714027404785
0.0 12.162135124206543
0.0 12.517484664916992
0.0 12.915861129760742
0.0 14.193902015686035
0.0 14.541831970214844
0.0 15.55280876159668
0.0 16.800203323364258
0.0 18.520240783691406
0.0 18.854665756225586
0.0 18.954391479492188
0.0 19.77322769165039
0.0 20.87762451171875
0.0 21.145292282104492
0.0 21.734210968017578
0.0 22.516374588012695
0.0 22.794353485107422
0.0 26.714126586914062
0.0 27.232603073120117
0.0 27.538002014160156
0.0 27.92905616760254
0.0 28.31464195251465
0.0 30.160253524780273
0.0 32.460304260253906
0.0 inf
44.717098236083984 46.570709228515625
43.39316177368164 63.958309173583984
42.388519287109375 60.748138427734375
37.52424621582031 37.72023010253906
35.247108459472656 39.34431457519531
21.201499938964844 28.075828552246094
17.50405502319336 20.362964630126953
17.16166877746582 20.51458740234375
13.623926162719727 13.703086853027344
12.548478126525879 14.139283180236816
12.402626037597656 12.772583961486816
11.399258613586426 11.480846405029297
11.217479705810547 13.333818435668945
11.1505126953125 11.713160514831543
10.711955070495605 10.880606651306152
10.579961776733398 12.001035690307617
10.410770416259766 12.066877365112305
9.939391136169434 11.911116600036621
9.61889934539795 12.334389686584473
9.249710083007812 9.306947708129883
9.248889923095703 10.240020751953125
8.93432903289795 10.282378196716309
8.853132247924805 9.982990264892578
8.773430824279785 12.565093040466309
8.668331146240234 12.717409133911133
7.869381904602051 9.610275268554688
7.8146538734436035 9.78692626953125
