0.0 2.50272798538208
0.0 2.8760290145874023
0.0 3.4988932609558105
0.0 3.872098207473755
0.0 4.252901077270508
0.0 4.37630558013916
0.0 5.228386878967285
0.0 5.251182556152344
0.0 5.2529191970825195
0.0 5.34452486038208
0.0 5.413955211639404
0.0 5.628017902374268
0.0 5.85120153427124
0.0 6.276327133178711
0.0 6.2995991706848145
0.0 6.329739093780518
0.0 6.364611625671387
0.0 6.551158905029297
0.0 6.665436267852783
0.0 7.21633243560791
0.0 7.305741310119629
0.0 7.334903717041016
0.0 7.368042469024658
0.0 7.368620872497559
0.0 7.428221225738525
0.0 7.439642429351807
0.0 7.567201137542725
0.0 7.582237243652344
0.0 7.908052444458008
0.0 7.993009090423584
0.0 8.114752769470215
0.0 8.145877838134766
0.0 8.282273292541504
0.0 8.283056259155273
0.0 8.372955322265625
0.0 8.386981010437012
0.0 8.418039321899414
0.0 8.431971549987793
0.0 8.503551483154297
0.0 8.528468132019043
0.0 8.538483619689941
0.0 8.759784698486328
0.0 8.800788879394531
0.0 8.849041938781738
0.0 9.014575004577637
0.0 9.105908393859863
0.0 9.342818260192871
0.0 9.413538932800293
0.0 9.453680992126465
0.0 10.22549819946289
0.0 10.525620460510254
0.0 10.584132194519043
0.0 10.732742309570312
0.0 10.857152938842773
0.0 11.189408302307129
0.0 11.432164192199707
0.0 11.543880462646484
0.0 12.082468032836914
0.0 13.3296537399292
0.0 13.6803617477417
0.0 13.896093368530273
0.0 15.762590408325195
0.0 15.93043041229248
0.0 16.000593185424805
0.0 16.13482093811035
0.0 17.31997299194336
0.0 17.49449920654297
0.0 17.848716735839844
0.0 18.113143920898438
0.0 18.60964584350586
0.0 20.013469696044922
0.0 21.280866622924805
0.0 21.673715591430664
0.0 23.832630157470703
0.0 24.165882110595703
0.0 24.723379135131836
0.0 24.892412185668945
0.0 25.821908950805664
0.0 27.951919555664062
0.0 31.872230529785156
0.0 35.8846435546875
0.0 inf
52.12090301513672 58.59918212890625
49.62712478637695 53.12703323364258
49.34334945678711 61.05454635620117
36.69281005859375 37.3464241027832
36.4921760559082 56.689239501953125
19.6348819732666 21.16642189025879
19.48978042602539 23.28923225402832
19.20710563659668 20.00395965576172
18.33767318725586 19.72524642944336
18.035537719726562 25.243318557739258
14.693592071533203 17.586557388305664
14.202998161315918 17.156829833984375
13.45495319366455 13.859577178955078
13.1215181350708 14.922080039978027
12.902112007141113 13.792823791503906
11.624663352966309 13.928494453430176
11.439276695251465 12.354458808898926
10.199092864990234 10.435847282409668
9.963746070861816 12.880386352539062
9.653075218200684 11.274909973144531
9.604574203491211 11.157422065734863
9.589784622192383 10.031055450439453
9.504266738891602 12.375320434570312
8.598209381103516 11.819334030151367
8.430864334106445 10.380234718322754
8.331106185913086 8.46883487701416
7.616662979125977 10.428357124328613
