0.0 4.384997844696045
0.0 4.428408622741699
0.0 4.992710590362549
0.0 5.283352851867676
0.0 5.459920883178711
0.0 5.575161457061768
0.0 5.620339870452881
0.0 5.655623912811279
0.0 5.701575756072998
0.0 5.73891544342041
0.0 5.757849216461182
0.0 6.35188627243042
0.0 6.354844570159912
0.0 6.406128883361816
0.0 6.4606614112854
0.0 6.754615783691406
0.0 6.7846856117248535
0.0 6.911159992218018
0.0 7.031181335449219
0.0 7.047321319580078
0.0 7.2035346031188965
0.0 7.307605266571045
0.0 7.3347368240356445
0.0 7.379210948944092
0.0 7.458094120025635
0.0 7.460488796234131
0.0 7.702054500579834
0.0 8.027899742126465
0.0 8.040087699890137
0.0 8.111108779907227
0.0 8.141009330749512
0.0 8.5348539352417
0.0 8.556567192077637
0.0 8.618932723999023
0.0 8.807168960571289
0.0 8.85367202758789
0.0 8.927854537963867
0.0 9.005626678466797
0.0 9.054289817810059
0.0 9.222311019897461
0.0 9.223282814025879
0.0 9.600508689880371
0.0 9.65103816986084
0.0 9.760977745056152
0.0 9.9686918258667
0.0 10.002305030822754
0.0 10.162134170532227
0.0 10.289888381958008
0.0 10.68622875213623
0.0 10.706585884094238
0.0 10.871703147888184
0.0 11.71680736541748
0.0 12.05965805053711
0.0 12.390034675598145
0.0 12.766822814941406
0.0 12.802980422973633
0.0 12.991287231445312
0.0 13.096753120422363
0.0 13.682904243469238
0.0 13.828713417053223
0.0 14.105277061462402
0.0 14.284073829650879
0.0 14.775153160095215
0.0 14.91855239868164
0.0 15.594359397888184
0.0 15.696051597595215
0.0 15.9989595413208
0.0 16.843141555786133
0.0 17.343944549560547
0.0 17.65602684020996
0.0 19.17549705505371
0.0 19.17753791809082
0.0 20.24046516418457
0.0 20.73285484313965
0.0 23.074434280395508
0.0 27.055683135986328
0.0 29.148090362548828
0.0 30.027549743652344
0.0 31.60455894470215
0.0 33.75665283203125
0.0 38.240028381347656
0.0 inf
54.60587692260742 70.74005126953125
43.04872512817383 66.9493179321289
41.322021484375 42.98823165893555
20.60375213623047 20.803770065307617
18.719209671020508 19.544981002807617
18.19190788269043 24.797273635864258
17.161197662353516 18.051210403442383
16.28616714477539 16.625761032104492
15.944327354431152 17.24703025817871
15.68433666229248 19.433570861816406
15.147489547729492 15.541297912597656
14.943842887878418 18.494354248046875
14.306788444519043 15.32852554321289
14.264571189880371 14.905319213867188
11.00757122039795 11.974058151245117
10.663479804992676 12.411555290222168
10.465560913085938 11.52717113494873
10.400784492492676 12.80297565460205
10.081787109375 10.608565330505371
9.778706550598145 13.303983688354492
9.34694766998291 10.879353523254395
9.219622611999512 9.703852653503418
9.051691055297852 9.870089530944824
8.93411922454834 11.237232208251953
8.93348503112793 10.060952186584473
8.429265975952148 10.981910705566406
8.160482406616211 9.078216552734375
8.001806259155273 8.309282302856445
7.540197372436523 8.329636573791504
6.908775329589844 8.19643497467041
