0.0 2.2191343307495117
0.0 2.298977851867676
0.0 4.22995662689209
0.0 4.386135578155518
0.0 5.002383708953857
0.0 5.114257335662842
0.0 5.222640037536621
0.0 5.225281238555908
0.0 5.272816181182861
0.0 5.331803798675537
0.0 5.378937721252441
0.0 5.445709228515625
0.0 5.6883955001831055
0.0 5.837859630584717
0.0 6.306014537811279
0.0 6.333343029022217
0.0 6.372720241546631
0.0 6.505179405212402
0.0 6.755807876586914
0.0 6.761005401611328
0.0 6.77891731262207
0.0 6.783421516418457
0.0 6.872208595275879
0.0 6.879814624786377
0.0 7.331517219543457
0.0 7.412497520446777
0.0 7.419556140899658
0.0 7.508151054382324
0.0 7.544425010681152
0.0 7.667496204376221
0.0 7.67080545425415
0.0 7.680464744567871
0.0 7.735787391662598
0.0 7.738391399383545
0.0 8.094634056091309
0.0 8.230306625366211
0.0 8.288460731506348
0.0 8.421080589294434
0.0 8.527372360229492
0.0 8.544376373291016
0.0 8.551854133605957
0.0 8.567070960998535
0.0 8.600715637207031
0.0 8.719000816345215
0.0 8.792815208435059
0.0 8.831485748291016
0.0 9.131482124328613
0.0 9.507772445678711
0.0 9.564807891845703
0.0 9.867073059082031
0.0 10.695980072021484
0.0 10.942660331726074
0.0 10.952643394470215
0.0 11.175887107849121
0.0 11.429736137390137
0.0 11.441978454589844
0.0 12.036417961120605
0.0 12.092828750610352
0.0 12.173932075500488
0.0 12.447187423706055
0.0 13.509835243225098
0.0 13.902789115905762
0.0 14.581164360046387
0.0 15.97162914276123
0.0 16.14912223815918
0.0 16.570093154907227
0.0 17.341514587402344
0.0 17.91830062866211
0.0 19.092140197753906
0.0 19.1844425201416
0.0 19.775510787963867
0.0 20.120149612426758
0.0 23.25975227355957
0.0 23.75136947631836
0.0 24.004880905151367
0.0 24.103729248046875
0.0 25.99497413635254
0.0 26.46078109741211
0.0 26.992687225341797
0.0 28.96255874633789
0.0 35.85587692260742
0.0 inf
51.32638931274414 51.95625305175781
48.726478576660156 56.68191909790039
48.3760871887207 63.06718826293945
37.648963928222656 58.727577209472656
19.479141235351562 22.7405948638916
18.572978973388672 21.154584884643555
17.7327823638916 26.364688873291016
17.407459259033203 18.018217086791992
17.274192810058594 18.854196548461914
16.882001876831055 18.116493225097656
16.125904083251953 17.88419532775879
14.363853454589844 17.075332641601562
13.143149375915527 13.974467277526855
13.099831581115723 13.18004322052002
11.676471710205078 12.633828163146973
10.7271089553833 11.523523330688477
10.089184761047363 11.31290340423584
10.007723808288574 11.071321487426758
9.965699195861816 11.21690845489502
9.547311782836914 10.47782039642334
9.492934226989746 11.835468292236328
9.475448608398438 9.628233909606934
9.47274112701416 11.268769264221191
9.340677261352539 11.43408489227295
8.638708114624023 11.129727363586426
8.319293022155762 9.135515213012695
