0.0 1.1870627403259277
0.0 1.2526921033859253
0.0 1.4191067218780518
0.0 3.759775161743164
0.0 4.312721252441406
0.0 5.028196334838867
0.0 5.067044734954834
0.0 5.2838358879089355
0.0 5.529297828674316
0.0 5.623925685882568
0.0 5.701120376586914
0.0 5.761614799499512
0.0 5.802130222320557
0.0 6.059909343719482
0.0 6.060304164886475
0.0 6.2292866706848145
0.0 6.301183700561523
0.0 6.335369110107422
0.0 6.387510776519775
0.0 6.866364002227783
0.0 7.190268516540527
0.0 7.2636260986328125
0.0 7.302032947540283
0.0 7.320187091827393
0.0 7.493155479431152
0.0 7.509357929229736
0.0 7.61337947845459
0.0 7.7857866287231445
0.0 7.8943328857421875
0.0 7.987612724304199
0.0 8.093812942504883
0.0 8.113009452819824
0.0 8.192317008972168
0.0 8.196911811828613
0.0 8.364705085754395
0.0 8.46150016784668
0.0 8.506293296813965
0.0 8.531872749328613
0.0 8.560546875
0.0 8.6064453125
0.0 8.632275581359863
0.0 8.642462730407715
0.0 8.66401195526123
0.0 8.81657886505127
0.0 8.911768913269043
0.0 9.008906364440918
0.0 9.083531379699707
0.0 10.090471267700195
0.0 10.43912410736084
0.0 10.58141040802002
0.0 11.054849624633789
0.0 11.082505226135254
0.0 11.099846839904785
0.0 11.118477821350098
0.0 11.403523445129395
0.0 11.898635864257812
0.0 12.028081893920898
0.0 12.512405395507812
0.0 13.280839920043945
0.0 13.573278427124023
0.0 14.153999328613281
0.0 14.246376991271973
0.0 14.58902359008789
0.0 14.699385643005371
0.0 15.717367172241211
0.0 16.414865493774414
0.0 17.228225708007812
0.0 18.910377502441406
0.0 20.62477684020996
0.0 21.718219757080078
0.0 21.719987869262695
0.0 22.88985824584961
0.0 22.907499313354492
0.0 23.765987396240234
0.0 24.669408798217773
0.0 25.008956909179688
0.0 25.76300811767578
0.0 25.910587310791016
0.0 27.119203567504883
0.0 28.132936477661133
0.0 31.439382553100586
0.0 inf
43.66780471801758 44.36384201049805
43.14113998413086 45.18653106689453
41.718109130859375 61.546390533447266
38.922950744628906 62.29953384399414
37.492713928222656 38.688934326171875
31.91851043701172 36.94718933105469
21.07421112060547 21.540115356445312
18.60179901123047 25.33274269104004
18.491403579711914 21.515811920166016
18.36335563659668 22.321992874145508
16.23500633239746 18.579988479614258
15.453941345214844 18.017906188964844
13.829248428344727 14.054033279418945
12.664944648742676 13.299628257751465
12.053971290588379 13.352149963378906
11.68273639678955 11.832571029663086
11.551774024963379 11.91097640991211
11.238662719726562 11.406964302062988
10.618654251098633 13.375936508178711
10.57770824432373 10.837247848510742
9.617260932922363 11.152082443237305
9.5905122756958 12.51512336730957
9.368245124816895 14.439334869384766
8.527695655822754 9.558043479919434
8.245113372802734 8.973085403442383
7.587705135345459 9.353741645812988
