0.0 1.099648118019104
0.0 1.205782175064087
0.0 1.2417961359024048
0.0 4.394504070281982
0.0 4.915929317474365
0.0 4.991746425628662
0.0 5.304474353790283
0.0 5.536471366882324
0.0 5.648211479187012
0.0 5.87017822265625
0.0 5.929181098937988
0.0 6.2047834396362305
0.0 6.315549850463867
0.0 6.383352279663086
0.0 6.4110307693481445
0.0 6.441660404205322
0.0 6.485640525817871
0.0 6.494551658630371
0.0 6.561257839202881
0.0 6.584781169891357
0.0 6.637333393096924
0.0 6.672247886657715
0.0 6.765262603759766
0.0 6.774388790130615
0.0 7.093497276306152
0.0 7.1828508377075195
0.0 7.245532035827637
0.0 7.246268272399902
0.0 7.32871675491333
0.0 7.352815628051758
0.0 7.370433330535889
0.0 7.4436492919921875
0.0 7.680753231048584
0.0 7.75518274307251
0.0 7.945010662078857
0.0 8.043919563293457
0.0 8.076909065246582
0.0 8.532014846801758
0.0 8.537463188171387
0.0 8.577895164489746
0.0 8.578601837158203
0.0 8.709823608398438
0.0 8.838326454162598
0.0 9.022007942199707
0.0 9.13538646697998
0.0 9.43133544921875
0.0 9.637716293334961
0.0 9.936017036437988
0.0 10.080660820007324
0.0 10.675115585327148
0.0 10.684732437133789
0.0 11.08488655090332
0.0 11.24596118927002
0.0 11.325610160827637
0.0 12.385416984558105
0.0 12.462665557861328
0.0 12.952824592590332
0.0 13.076752662658691
0.0 13.31710147857666
0.0 13.922898292541504
0.0 14.106514930725098
0.0 14.116869926452637
0.0 14.781089782714844
0.0 15.281057357788086
0.0 15.821210861206055
0.0 16.47673225402832
0.0 17.538776397705078
0.0 19.656694412231445
0.0 20.7582950592041
0.0 21.133285522460938
0.0 22.722192764282227
0.0 22.90576934814453
0.0 23.122461318969727
0.0 23.80885887145996
0.0 24.29776954650879
0.0 25.849483489990234
0.0 26.86434555053711
0.0 27.13112449645996
0.0 28.229999542236328
0.0 28.718706130981445
0.0 31.598852157592773
0.0 inf
42.13599395751953 42.18095016479492
42.124305725097656 66.08389282226562
41.289947509765625 42.094608306884766
38.547210693359375 38.686370849609375
38.35816955566406 64.18814849853516
33.537452697753906 36.10710906982422
20.14799690246582 25.832355499267578
18.678075790405273 21.545021057128906
18.57990837097168 22.159639358520508
15.829981803894043 18.998313903808594
15.681500434875488 16.27334976196289
15.350526809692383 16.207307815551758
15.2175931930542 15.516340255737305
11.903164863586426 12.386502265930176
11.63724136352539 11.784900665283203
11.583629608154297 13.595407485961914
11.122174263000488 11.45566463470459
10.599298477172852 11.052217483520508
9.871310234069824 10.383330345153809
9.830960273742676 10.597101211547852
9.496097564697266 11.16307544708252
9.2461519241333 11.859759330749512
8.728516578674316 8.981454849243164
8.592257499694824 9.571348190307617
8.443743705749512 9.638764381408691
8.417278289794922 11.668684959411621
8.029025077819824 9.351665496826172
