0.0 3.151705503463745
0.0 3.2101452350616455
0.0 3.3446877002716064
0.0 3.4507784843444824
0.0 3.4767355918884277
0.0 3.5040934085845947
0.0 4.232144832611084
0.0 4.331023693084717
0.0 4.355352401733398
0.0 4.473588943481445
0.0 4.654616832733154
0.0 5.2798871994018555
0.0 5.379929065704346
0.0 6.085496425628662
0.0 6.402585029602051
0.0 6.4467082023620605
0.0 6.54024076461792
0.0 6.674008369445801
0.0 6.680803298950195
0.0 7.360140800476074
0.0 7.371318817138672
0.0 7.549343585968018
0.0 7.725482940673828
0.0 7.7561845779418945
0.0 7.881109714508057
0.0 7.984477519989014
0.0 7.99200439453125
0.0 8.140360832214355
0.0 8.262662887573242
0.0 8.305896759033203
0.0 8.400834083557129
0.0 8.401717185974121
0.0 8.438097953796387
0.0 8.610365867614746
0.0 8.77168083190918
0.0 8.820116996765137
0.0 8.89826488494873
0.0 9.0955228805542
0.0 9.189416885375977
0.0 9.235748291015625
0.0 9.303579330444336
0.0 9.580182075500488
0.0 9.825155258178711
0.0 9.833944320678711
0.0 9.903544425964355
0.0 9.941607475280762
0.0 10.225057601928711
0.0 10.472368240356445
0.0 10.524725914001465
0.0 10.874123573303223
0.0 11.328524589538574
0.0 11.349536895751953
0.0 11.866503715515137
0.0 12.112064361572266
0.0 12.9710054397583
0.0 13.267930030822754
0.0 13.568719863891602
0.0 13.699445724487305
0.0 13.763524055480957
0.0 14.291717529296875
0.0 14.608181953430176
0.0 15.433740615844727
0.0 15.53296947479248
0.0 16.219736099243164
0.0 16.89988136291504
0.0 16.91021156311035
0.0 17.155250549316406
0.0 17.803972244262695
0.0 17.942686080932617
0.0 18.354276657104492
0.0 19.25214958190918
0.0 20.00264549255371
0.0 21.53939437866211
0.0 25.148569107055664
0.0 26.325687408447266
0.0 27.05457878112793
0.0 28.791173934936523
0.0 29.005949020385742
0.0 29.133554458618164
0.0 29.68791961669922
0.0 34.778709411621094
0.0 inf
51.98112106323242 55.539981842041016
51.855613708496094 56.9495735168457
47.64238739013672 63.139251708984375
43.99247360229492 63.88203430175781
23.70061492919922 24.189292907714844
22.359655380249023 23.951488494873047
21.35850715637207 21.37298011779785
20.351367950439453 23.915372848510742
18.622486114501953 23.03306770324707
18.32625389099121 20.337553024291992
17.582412719726562 22.320554733276367
16.565074920654297 20.236356735229492
15.890620231628418 16.81028175354004
15.019152641296387 15.483016967773438
14.764571189880371 15.59101676940918
13.903193473815918 14.048030853271484
13.76717758178711 17.44923210144043
11.661372184753418 11.733535766601562
10.587688446044922 12.639485359191895
9.676727294921875 11.061071395874023
9.270967483520508 9.494926452636719
9.241941452026367 9.73900032043457
9.071659088134766 11.161669731140137
9.008339881896973 10.20855712890625
8.857508659362793 9.672834396362305
8.40029525756836 8.418235778808594
8.226764678955078 9.746564865112305
7.956122398376465 9.178357124328613
