0.0 3.3736767768859863
0.0 3.6118507385253906
0.0 3.859584093093872
0.0 4.046631336212158
0.0 4.314372539520264
0.0 4.415609359741211
0.0 5.028615474700928
0.0 5.251143455505371
0.0 5.913802623748779
0.0 6.145434379577637
0.0 6.324603080749512
0.0 6.341780662536621
0.0 6.351264476776123
0.0 6.371680736541748
0.0 6.434239864349365
0.0 6.509365558624268
0.0 6.780896186828613
0.0 6.845271110534668
0.0 6.912604808807373
0.0 6.9650115966796875
0.0 7.02181339263916
0.0 7.059745788574219
0.0 7.221221923828125
0.0 7.283908367156982
0.0 7.297840118408203
0.0 7.337792873382568
0.0 7.400982856750488
0.0 7.515188217163086
0.0 7.614267826080322
0.0 7.640368461608887
0.0 7.674731254577637
0.0 7.764778137207031
0.0 7.800353050231934
0.0 7.889645576477051
0.0 7.9451069831848145
0.0 7.994121074676514
0.0 8.052178382873535
0.0 8.107605934143066
0.0 8.212979316711426
0.0 8.337379455566406
0.0 8.355098724365234
0.0 8.373480796813965
0.0 8.40113353729248
0.0 8.405241012573242
0.0 8.416065216064453
0.0 8.453035354614258
0.0 8.618500709533691
0.0 8.63726806640625
0.0 8.658530235290527
0.0 8.704883575439453
0.0 8.710186004638672
0.0 8.809425354003906
0.0 9.962458610534668
0.0 10.16979694366455
0.0 10.296019554138184
0.0 10.501084327697754
0.0 10.566709518432617
0.0 11.182185173034668
0.0 11.901213645935059
0.0 12.15484619140625
0.0 12.585738182067871
0.0 12.805933952331543
0.0 12.827817916870117
0.0 15.532000541687012
0.0 16.212575912475586
0.0 17.413082122802734
0.0 17.61151695251465
0.0 18.533884048461914
0.0 19.15460968017578
0.0 19.807607650756836
0.0 19.864681243896484
0.0 20.720895767211914
0.0 20.886783599853516
0.0 28.986303329467773
0.0 29.12895965576172
0.0 29.693363189697266
0.0 29.959854125976562
0.0 30.366662979125977
0.0 31.137527465820312
0.0 31.533048629760742
0.0 37.588443756103516
0.0 inf
54.28099822998047 66.92738342285156
42.65746307373047 43.92117691040039
41.84529113769531 74.16567993164062
19.439491271972656 26.048934936523438
19.049856185913086 21.477313995361328
18.58930778503418 21.679092407226562
13.167176246643066 13.171055793762207
13.110116004943848 14.056479454040527
10.53439998626709 12.579057693481445
10.523698806762695 11.586440086364746
10.412104606628418 10.813796997070312
9.904951095581055 10.814997673034668
9.728548049926758 10.153728485107422
9.64747142791748 9.769588470458984
9.565567016601562 10.514177322387695
9.41726303100586 13.343626976013184
9.391980171203613 9.45992374420166
9.376626968383789 9.448282241821289
9.280519485473633 11.48852252960205
9.172296524047852 11.440632820129395
9.144888877868652 10.604007720947266
8.987616539001465 9.47331714630127
8.758268356323242 9.187188148498535
8.757607460021973 9.040933609008789
8.6111421585083 10.656455039978027
8.474347114562988 11.056392669677734
8.447868347167969 8.472757339477539
8.375255584716797 10.831255912780762
8.267863273620605 10.312804222106934
