0.0 1.0808755159378052
0.0 1.1110413074493408
0.0 1.1576865911483765
0.0 3.2663726806640625
0.0 3.354747772216797
0.0 4.490042686462402
0.0 4.877192974090576
0.0 5.264601707458496
0.0 5.279409885406494
0.0 5.640383720397949
0.0 5.986670970916748
0.0 5.9893317222595215
0.0 6.221410274505615
0.0 6.292201995849609
0.0 6.3083319664001465
0.0 6.356001853942871
0.0 6.358365058898926
0.0 6.397891044616699
0.0 6.614326477050781
0.0 6.664504528045654
0.0 6.793445587158203
0.0 6.919529914855957
0.0 7.221511363983154
0.0 7.2631659507751465
0.0 7.396036148071289
0.0 7.462498664855957
0.0 7.531864166259766
0.0 7.559055328369141
0.0 7.616886615753174
0.0 7.832833290100098
0.0 7.931336402893066
0.0 7.933261394500732
0.0 7.943681716918945
0.0 8.00609016418457
0.0 8.213973999023438
0.0 8.32535171508789
0.0 8.353714942932129
0.0 8.586346626281738
0.0 8.612499237060547
0.0 8.619041442871094
0.0 8.630340576171875
0.0 8.637479782104492
0.0 8.679603576660156
0.0 8.69774055480957
0.0 8.896368026733398
0.0 8.950596809387207
0.0 9.038442611694336
0.0 10.192498207092285
0.0 10.330477714538574
0.0 10.506880760192871
0.0 10.583189964294434
0.0 10.665681838989258
0.0 10.71360969543457
0.0 11.223082542419434
0.0 11.346531867980957
0.0 12.587785720825195
0.0 12.95308780670166
0.0 13.018940925598145
0.0 13.023344993591309
0.0 13.30024528503418
0.0 13.404987335205078
0.0 13.427188873291016
0.0 13.612685203552246
0.0 14.91850757598877
0.0 15.870216369628906
0.0 16.026947021484375
0.0 16.51177406311035
0.0 17.745502471923828
0.0 20.664052963256836
0.0 22.104755401611328
0.0 22.338708877563477
0.0 22.882043838500977
0.0 23.072969436645508
0.0 23.87978172302246
0.0 23.966426849365234
0.0 25.29722785949707
0.0 25.971113204956055
0.0 26.584789276123047
0.0 27.817474365234375
0.0 28.635751724243164
0.0 37.10820007324219
0.0 inf
48.36716079711914 48.44392013549805
46.623451232910156 63.161781311035156
38.573360443115234 39.56672286987305
38.05874252319336 65.3150405883789
33.81173324584961 37.0464973449707
20.408750534057617 21.787097930908203
18.73039436340332 21.470003128051758
18.55157470703125 26.2169132232666
17.4137020111084 21.277347564697266
16.77155303955078 19.045682907104492
16.51272201538086 18.374114990234375
12.801191329956055 14.001779556274414
11.819194793701172 13.467153549194336
11.755013465881348 11.932234764099121
11.667047500610352 12.555797576904297
10.900383949279785 13.986614227294922
10.685155868530273 11.605883598327637
10.675223350524902 11.044900894165039
10.503429412841797 13.43899917602539
9.737579345703125 12.512066841125488
9.33035945892334 14.229976654052734
9.010725021362305 9.903006553649902
8.362247467041016 8.944602966308594
8.100358963012695 9.52856731414795
7.706018447875977 9.524423599243164
