0.0 1.1618033647537231
0.0 1.1775456666946411
0.0 2.5962064266204834
0.0 3.9748036861419678
0.0 4.103269577026367
0.0 4.4793806076049805
0.0 4.747219085693359
0.0 5.163932800292969
0.0 5.5437092781066895
0.0 5.749578952789307
0.0 5.789030075073242
0.0 5.831145286560059
0.0 6.08234167098999
0.0 6.283671855926514
0.0 6.315402984619141
0.0 6.406299591064453
0.0 6.470309257507324
0.0 6.49175500869751
0.0 6.512288570404053
0.0 6.709953308105469
0.0 6.816189289093018
0.0 6.901333808898926
0.0 6.928049564361572
0.0 7.149327278137207
0.0 7.199591159820557
0.0 7.436437129974365
0.0 7.521512031555176
0.0 7.621046543121338
0.0 7.6390700340271
0.0 7.667044639587402
0.0 7.671639919281006
0.0 7.760763645172119
0.0 7.819601535797119
0.0 7.921679496765137
0.0 8.29631233215332
0.0 8.434908866882324
0.0 8.48502254486084
0.0 8.502792358398438
0.0 8.560176849365234
0.0 8.669637680053711
0.0 8.725119590759277
0.0 8.784170150756836
0.0 8.859774589538574
0.0 8.869548797607422
0.0 8.927454948425293
0.0 9.240592002868652
0.0 9.29068660736084
0.0 9.353102684020996
0.0 9.431207656860352
0.0 9.718181610107422
0.0 9.797260284423828
0.0 10.020777702331543
0.0 10.25059700012207
0.0 10.266753196716309
0.0 10.490843772888184
0.0 10.803255081176758
0.0 11.478300094604492
0.0 11.884344100952148
0.0 12.081156730651855
0.0 12.157537460327148
0.0 12.594413757324219
0.0 12.743582725524902
0.0 13.782387733459473
0.0 15.14095687866211
0.0 15.343474388122559
0.0 18.339126586914062
0.0 18.575525283813477
0.0 19.60071563720703
0.0 19.740020751953125
0.0 19.75817108154297
0.0 21.94759178161621
0.0 22.004316329956055
0.0 22.804248809814453
0.0 25.08121681213379
0.0 25.10116958618164
0.0 25.144079208374023
0.0 26.207386016845703
0.0 29.016613006591797
0.0 29.342512130737305
0.0 30.179317474365234
0.0 31.895965576171875
0.0 inf
44.208675384521484 44.85549545288086
43.43036651611328 62.23430633544922
42.22584533691406 43.58675765991211
40.447410583496094 63.947662353515625
37.55152893066406 37.572689056396484
33.64139175415039 37.88700485229492
21.844539642333984 25.854915618896484
17.507184982299805 17.87253761291504
17.463319778442383 20.088716506958008
16.501651763916016 19.745777130126953
12.935014724731445 15.58098030090332
11.33519458770752 12.345315933227539
11.192732810974121 11.477839469909668
11.03761100769043 11.994596481323242
10.813176155090332 11.392826080322266
10.580986022949219 12.639321327209473
10.531323432922363 11.056638717651367
10.335308074951172 11.499245643615723
9.912134170532227 10.715765953063965
9.007097244262695 12.641018867492676
8.945806503295898 14.722460746765137
8.442192077636719 10.110801696777344
7.899811267852783 8.631478309631348
7.87845516204834 8.914135932922363
