0.0 1.2343950271606445
0.0 1.2857539653778076
0.0 1.4040495157241821
0.0 3.68169903755188
0.0 4.975218772888184
0.0 5.054557800292969
0.0 5.189220905303955
0.0 5.359678745269775
0.0 5.37885856628418
0.0 5.424325942993164
0.0 5.631915092468262
0.0 5.689947605133057
0.0 5.953131675720215
0.0 6.07988977432251
0.0 6.293240547180176
0.0 6.331552028656006
0.0 6.376216411590576
0.0 6.516719341278076
0.0 6.53790283203125
0.0 6.7537431716918945
0.0 6.846556663513184
0.0 6.965294361114502
0.0 6.986279487609863
0.0 7.04469108581543
0.0 7.1876020431518555
0.0 7.2560954093933105
0.0 7.264797210693359
0.0 7.471906661987305
0.0 7.473368167877197
0.0 7.559666156768799
0.0 7.590121269226074
0.0 7.647818565368652
0.0 7.848941802978516
0.0 7.879110336303711
0.0 8.075700759887695
0.0 8.145796775817871
0.0 8.18343734741211
0.0 8.321709632873535
0.0 8.557621955871582
0.0 8.565508842468262
0.0 8.65185546875
0.0 8.655460357666016
0.0 8.672367095947266
0.0 8.916912078857422
0.0 8.993733406066895
0.0 9.174995422363281
0.0 9.283392906188965
0.0 9.41063404083252
0.0 9.750252723693848
0.0 10.060675621032715
0.0 10.188640594482422
0.0 10.52579116821289
0.0 10.600991249084473
0.0 10.821066856384277
0.0 10.955504417419434
0.0 11.732343673706055
0.0 12.05578899383545
0.0 12.552518844604492
0.0 12.990317344665527
0.0 13.28052043914795
0.0 13.371490478515625
0.0 14.246135711669922
0.0 14.341938972473145
0.0 14.352588653564453
0.0 14.383472442626953
0.0 16.37046241760254
0.0 16.5695858001709
0.0 19.466537475585938
0.0 19.680105209350586
0.0 21.662307739257812
0.0 22.850522994995117
0.0 22.944046020507812
0.0 23.010299682617188
0.0 24.52857208251953
0.0 24.85431480407715
0.0 25.671419143676758
0.0 26.17900276184082
0.0 26.705106735229492
0.0 28.09016227722168
0.0 29.485897064208984
0.0 33.95551681518555
0.0 inf
40.80580139160156 60.541019439697266
39.517112731933594 42.42112350463867
38.1654052734375 62.2956428527832
32.86699295043945 36.16320037841797
18.789865493774414 25.614089965820312
18.488224029541016 22.396398544311523
18.469398498535156 20.688596725463867
14.622243881225586 15.447579383850098
14.282386779785156 17.053600311279297
12.731797218322754 14.078812599182129
12.531572341918945 13.257452011108398
11.71401309967041 12.629494667053223
11.209765434265137 13.3085355758667
10.749253273010254 11.222762107849121
10.655436515808105 10.663949966430664
9.981422424316406 11.87981128692627
9.93174934387207 10.577869415283203
9.885743141174316 10.126433372497559
9.605894088745117 11.717133522033691
9.580973625183105 9.613201141357422
9.312020301818848 12.510053634643555
8.269272804260254 9.210493087768555
8.027555465698242 9.023041725158691
7.981554985046387 9.52307415008545
