0.0 1.2175579071044922
0.0 1.2830601930618286
0.0 1.3704560995101929
0.0 2.111962080001831
0.0 2.1582610607147217
0.0 3.2481393814086914
0.0 3.5426039695739746
0.0 4.196638107299805
0.0 4.232395172119141
0.0 4.27038049697876
0.0 4.271682262420654
0.0 4.5378828048706055
0.0 5.222415924072266
0.0 5.285416603088379
0.0 5.317577838897705
0.0 5.462070465087891
0.0 5.837438583374023
0.0 5.865450382232666
0.0 5.954810619354248
0.0 6.311088562011719
0.0 6.348053932189941
0.0 6.440692901611328
0.0 6.49057149887085
0.0 6.55899715423584
0.0 6.651800632476807
0.0 6.802581787109375
0.0 6.805790424346924
0.0 6.934195041656494
0.0 7.2441182136535645
0.0 7.274558067321777
0.0 7.484814643859863
0.0 7.566163063049316
0.0 7.600498676300049
0.0 7.782824993133545
0.0 7.92388916015625
0.0 7.929659366607666
0.0 8.174098014831543
0.0 8.22107982635498
0.0 8.317220687866211
0.0 8.395541191101074
0.0 8.436799049377441
0.0 8.556843757629395
0.0 8.626642227172852
0.0 8.77344036102295
0.0 8.825664520263672
0.0 9.124133110046387
0.0 9.222689628601074
0.0 9.96414852142334
0.0 10.076000213623047
0.0 10.082144737243652
0.0 10.636571884155273
0.0 10.81217098236084
0.0 11.310694694519043
0.0 11.5419282913208
0.0 12.50527572631836
0.0 12.840424537658691
0.0 13.006237030029297
0.0 13.236103057861328
0.0 13.333494186401367
0.0 13.436641693115234
0.0 13.645964622497559
0.0 14.021524429321289
0.0 14.098793983459473
0.0 14.854511260986328
0.0 14.961947441101074
0.0 16.247108459472656
0.0 16.384159088134766
0.0 17.5397891998291
0.0 20.696434020996094
0.0 20.939504623413086
0.0 21.89555549621582
0.0 23.00697135925293
0.0 23.16429901123047
0.0 23.824729919433594
0.0 24.44832992553711
0.0 25.17411231994629
0.0 25.237573623657227
0.0 26.279470443725586
0.0 28.74726104736328
0.0 28.994701385498047
0.0 36.436729431152344
0.0 inf
46.22388458251953 63.806129455566406
38.68045425415039 62.083866119384766
37.53560256958008 39.69953155517578
30.599937438964844 36.91890335083008
21.555421829223633 21.60663414001465
19.155895233154297 26.690044403076172
18.446535110473633 21.67397689819336
17.44890785217285 20.689340591430664
16.94923973083496 17.152606964111328
16.77273178100586 19.06956672668457
16.669164657592773 17.947601318359375
14.227559089660645 15.9029541015625
11.405509948730469 11.833322525024414
11.128236770629883 13.604137420654297
10.54403305053711 11.06682014465332
10.37417221069336 10.826358795166016
10.181402206420898 11.444579124450684
9.31042766571045 13.950823783874512
8.676252365112305 10.319180488586426
8.59801197052002 10.117193222045898
8.413430213928223 8.763476371765137
8.377238273620605 9.155562400817871
7.910125255584717 8.775138854980469
7.76693868637085 9.45019245147705
