0.0 4.516849994659424
0.0 4.537735462188721
0.0 4.932162761688232
0.0 5.378969192504883
0.0 5.499168395996094
0.0 5.5144734382629395
0.0 5.614608287811279
0.0 5.65555477142334
0.0 5.677015781402588
0.0 5.871540069580078
0.0 5.894974708557129
0.0 6.1310038566589355
0.0 6.333442211151123
0.0 6.442324161529541
0.0 6.542972564697266
0.0 6.606327533721924
0.0 6.7682342529296875
0.0 6.875286102294922
0.0 6.897915363311768
0.0 6.901381969451904
0.0 6.937204360961914
0.0 6.972635269165039
0.0 7.076626777648926
0.0 7.10992431640625
0.0 7.1331787109375
0.0 7.143261909484863
0.0 7.196416854858398
0.0 7.31010103225708
0.0 7.387754917144775
0.0 7.395389080047607
0.0 7.496168613433838
0.0 7.54157018661499
0.0 7.5742316246032715
0.0 7.606653690338135
0.0 7.783038139343262
0.0 7.8637518882751465
0.0 7.873966693878174
0.0 8.172554969787598
0.0 8.228432655334473
0.0 8.245481491088867
0.0 8.372557640075684
0.0 8.483901977539062
0.0 8.495447158813477
0.0 8.545926094055176
0.0 8.66070556640625
0.0 8.737737655639648
0.0 8.786128997802734
0.0 8.894010543823242
0.0 8.899808883666992
0.0 8.982771873474121
0.0 9.326192855834961
0.0 9.407387733459473
0.0 9.965666770935059
0.0 9.984920501708984
0.0 10.309298515319824
0.0 10.526988983154297
0.0 10.571440696716309
0.0 10.888636589050293
0.0 11.060190200805664
0.0 11.440150260925293
0.0 11.646815299987793
0.0 12.73633861541748
0.0 13.562653541564941
0.0 16.15563201904297
0.0 16.504459381103516
0.0 18.355234146118164
0.0 18.54305648803711
0.0 18.543153762817383
0.0 18.920812606811523
0.0 20.605886459350586
0.0 20.97689437866211
0.0 21.584745407104492
0.0 22.156614303588867
0.0 27.904720306396484
0.0 28.49226188659668
0.0 28.909334182739258
0.0 30.447345733642578
0.0 30.717391967773438
0.0 30.83356285095215
0.0 31.610769271850586
0.0 37.7683219909668
0.0 inf
50.30522537231445 72.7948989868164
49.04594802856445 77.95699310302734
20.13944435119629 27.193458557128906
18.981801986694336 21.051908493041992
18.671571731567383 21.605077743530273
13.90623664855957 14.992077827453613
13.132969856262207 14.601204872131348
11.885016441345215 12.886385917663574
10.729596138000488 11.463215827941895
9.688847541809082 11.899837493896484
9.639358520507812 12.041059494018555
9.56408405303955 10.7966947555542
9.52661418914795 10.699065208435059
9.502599716186523 11.328722953796387
9.416035652160645 11.789545059204102
9.381203651428223 10.758749008178711
9.350481986999512 10.296890258789062
9.289904594421387 10.739558219909668
9.193336486816406 9.913028717041016
9.09975814819336 9.18832778930664
9.092477798461914 9.593305587768555
9.04635238647461 9.93539047241211
8.941133499145508 9.634868621826172
8.9216890335083 9.554413795471191
8.56928539276123 10.97314739227295
8.398276329040527 10.202971458435059
8.359986305236816 10.247075080871582
7.580047607421875 8.54589557647705
