0.0 1.3023923635482788
0.0 1.4153165817260742
0.0 2.54032039642334
0.0 3.406526803970337
0.0 4.055250644683838
0.0 4.573909759521484
0.0 4.655753135681152
0.0 5.103384494781494
0.0 5.294631004333496
0.0 5.510914325714111
0.0 5.609318733215332
0.0 5.649244785308838
0.0 6.096858501434326
0.0 6.385163307189941
0.0 6.448631763458252
0.0 6.455652713775635
0.0 6.663539409637451
0.0 6.838529109954834
0.0 6.855987071990967
0.0 7.172312259674072
0.0 7.202202320098877
0.0 7.350043773651123
0.0 7.380488395690918
0.0 7.429413318634033
0.0 7.474830150604248
0.0 7.638948917388916
0.0 7.801571369171143
0.0 7.833189487457275
0.0 7.864132881164551
0.0 7.900743007659912
0.0 7.901479244232178
0.0 7.9608354568481445
0.0 8.167593002319336
0.0 8.30588436126709
0.0 8.38460636138916
0.0 8.40628433227539
0.0 8.417829513549805
0.0 8.419450759887695
0.0 8.430954933166504
0.0 8.534624099731445
0.0 8.555322647094727
0.0 8.679457664489746
0.0 8.751936912536621
0.0 8.822078704833984
0.0 8.986703872680664
0.0 9.070320129394531
0.0 9.079238891601562
0.0 9.256075859069824
0.0 9.32091999053955
0.0 9.431479454040527
0.0 10.095682144165039
0.0 10.318230628967285
0.0 10.3711576461792
0.0 10.560529708862305
0.0 11.2886381149292
0.0 11.454527854919434
0.0 11.870630264282227
0.0 12.208192825317383
0.0 12.242249488830566
0.0 12.575843811035156
0.0 12.946110725402832
0.0 14.345985412597656
0.0 14.76303768157959
0.0 15.259137153625488
0.0 15.4254732131958
0.0 15.901915550231934
0.0 16.322525024414062
0.0 16.366483688354492
0.0 17.330341339111328
0.0 18.20391082763672
0.0 18.329755783081055
0.0 20.424100875854492
0.0 21.172595977783203
0.0 25.40741539001465
0.0 26.259035110473633
0.0 27.048974990844727
0.0 28.807336807250977
0.0 28.86985969543457
0.0 31.18787384033203
0.0 31.566503524780273
0.0 34.17847442626953
0.0 inf
44.167118072509766 68.94120788574219
40.71921920776367 42.407562255859375
34.98987579345703 60.65498733520508
34.58768081665039 35.13319778442383
18.601037979125977 21.258928298950195
18.542213439941406 22.982397079467773
17.765695571899414 23.712539672851562
15.795056343078613 17.88909149169922
13.484931945800781 16.128238677978516
12.508896827697754 15.549497604370117
12.099440574645996 13.215453147888184
11.772016525268555 11.851715087890625
11.663561820983887 11.92904281616211
10.583588600158691 12.124176025390625
10.493621826171875 12.81010627746582
10.443507194519043 12.213077545166016
10.300789833068848 10.336544036865234
10.005924224853516 13.309382438659668
9.620027542114258 11.989800453186035
9.510945320129395 10.380842208862305
9.470641136169434 11.744303703308105
8.996697425842285 9.672396659851074
8.568406105041504 9.74090576171875
7.521365165710449 8.988903045654297
