0.0 1.3056490421295166
0.0 1.4376206398010254
0.0 2.4435126781463623
0.0 4.580565452575684
0.0 5.041257858276367
0.0 5.114614009857178
0.0 5.233312606811523
0.0 5.3796706199646
0.0 5.421767234802246
0.0 5.607264995574951
0.0 5.662346363067627
0.0 5.684238910675049
0.0 5.892100811004639
0.0 6.02650260925293
0.0 6.353158473968506
0.0 6.360974311828613
0.0 6.389656066894531
0.0 6.472395420074463
0.0 6.504520893096924
0.0 6.583123207092285
0.0 6.8317389488220215
0.0 6.835705757141113
0.0 6.9705586433410645
0.0 7.065243244171143
0.0 7.205539703369141
0.0 7.235868453979492
0.0 7.529895305633545
0.0 7.547518730163574
0.0 7.559894561767578
0.0 7.581221580505371
0.0 7.585191249847412
0.0 7.618689060211182
0.0 7.705265045166016
0.0 8.121885299682617
0.0 8.333561897277832
0.0 8.361595153808594
0.0 8.393084526062012
0.0 8.45211124420166
0.0 8.509049415588379
0.0 8.643491744995117
0.0 8.7912015914917
0.0 8.940875053405762
0.0 8.946844100952148
0.0 8.98737621307373
0.0 9.04737377166748
0.0 9.219947814941406
0.0 9.304085731506348
0.0 9.4451265335083
0.0 9.622992515563965
0.0 9.75816535949707
0.0 10.24752140045166
0.0 10.472743034362793
0.0 10.489645957946777
0.0 11.080401420593262
0.0 11.123230934143066
0.0 11.181939125061035
0.0 11.386595726013184
0.0 11.974677085876465
0.0 13.2211332321167
0.0 13.31425952911377
0.0 13.618931770324707
0.0 14.045730590820312
0.0 14.331316947937012
0.0 14.363632202148438
0.0 14.411574363708496
0.0 16.392921447753906
0.0 17.110139846801758
0.0 19.08750343322754
0.0 20.710371017456055
0.0 21.667097091674805
0.0 22.103015899658203
0.0 22.967754364013672
0.0 23.5043888092041
0.0 23.940736770629883
0.0 23.96761131286621
0.0 25.125343322753906
0.0 25.23436737060547
0.0 27.01127815246582
0.0 27.0336971282959
0.0 27.868396759033203
0.0 33.11050796508789
0.0 inf
44.0930061340332 44.37820816040039
43.33460998535156 62.519771575927734
41.609588623046875 42.99165725708008
37.98444747924805 62.8939094543457
34.181800842285156 34.87285232543945
19.340055465698242 25.337018966674805
18.528757095336914 22.38258934020996
18.46725082397461 21.833709716796875
15.245299339294434 18.191255569458008
13.45038890838623 14.72031021118164
13.40377140045166 13.954818725585938
12.813783645629883 13.790888786315918
11.787896156311035 11.790125846862793
11.707024574279785 13.491775512695312
11.652451515197754 11.795686721801758
10.541845321655273 10.562252044677734
10.053546905517578 10.748289108276367
9.74350357055664 11.85764217376709
9.589212417602539 10.436227798461914
9.436975479125977 11.868269920349121
9.34876537322998 11.93696117401123
8.28522777557373 9.259587287902832
8.055810928344727 9.145027160644531
7.922613143920898 9.533384323120117
