0.0 1.2154620885849
0.0 1.2531416416168213
0.0 1.3311967849731445
0.0 3.299421548843384
0.0 3.4617230892181396
0.0 4.418320178985596
0.0 4.98195743560791
0.0 5.316093921661377
0.0 5.414121150970459
0.0 5.646812438964844
0.0 5.750519275665283
0.0 5.808720588684082
0.0 5.911397933959961
0.0 6.0688371658325195
0.0 6.437420845031738
0.0 6.559203624725342
0.0 6.6367268562316895
0.0 6.870501518249512
0.0 6.983497142791748
0.0 7.291163444519043
0.0 7.345989227294922
0.0 7.429251194000244
0.0 7.601498603820801
0.0 7.699555397033691
0.0 7.709988117218018
0.0 7.790555000305176
0.0 7.796474456787109
0.0 7.934876441955566
0.0 7.983558177947998
0.0 7.993006706237793
0.0 8.031848907470703
0.0 8.250741004943848
0.0 8.361308097839355
0.0 8.414669036865234
0.0 8.477520942687988
0.0 8.510865211486816
0.0 8.520959854125977
0.0 8.534231185913086
0.0 8.601377487182617
0.0 8.667611122131348
0.0 8.930487632751465
0.0 9.243170738220215
0.0 9.256170272827148
0.0 9.359749794006348
0.0 9.46948528289795
0.0 9.4961519241333
0.0 9.529967308044434
0.0 10.140384674072266
0.0 10.194252014160156
0.0 10.329195976257324
0.0 10.516905784606934
0.0 10.620598793029785
0.0 10.807528495788574
0.0 10.880906105041504
0.0 11.113420486450195
0.0 11.880575180053711
0.0 12.264315605163574
0.0 12.761297225952148
0.0 12.93786907196045
0.0 13.893479347229004
0.0 14.261412620544434
0.0 14.463022232055664
0.0 14.736787796020508
0.0 14.929829597473145
0.0 15.0327787399292
0.0 15.554288864135742
0.0 16.08357810974121
0.0 18.112394332885742
0.0 18.22108268737793
0.0 18.45172691345215
0.0 18.71738624572754
0.0 19.228696823120117
0.0 20.020551681518555
0.0 24.859405517578125
0.0 26.218809127807617
0.0 26.416975021362305
0.0 27.03548812866211
0.0 27.865436553955078
0.0 28.54947853088379
0.0 29.44281768798828
0.0 36.36168670654297
0.0 inf
51.15577697753906 54.996246337890625
50.28994369506836 51.0141716003418
43.69179153442383 59.525333404541016
37.36021423339844 58.147743225097656
35.20771026611328 35.9505500793457
34.604034423828125 39.43733596801758
19.714550018310547 23.19788360595703
18.405258178710938 20.59734344482422
16.513845443725586 21.18770408630371
16.44454574584961 16.85060691833496
15.284850120544434 16.3286190032959
15.241151809692383 16.82386589050293
13.165151596069336 14.529471397399902
12.112458229064941 13.98196792602539
11.614930152893066 11.925820350646973
10.98371696472168 12.506990432739258
10.963957786560059 12.365504264831543
10.268160820007324 12.859561920166016
10.103165626525879 12.279705047607422
9.658842086791992 9.868207931518555
9.632919311523438 10.788294792175293
9.627732276916504 11.18033218383789
9.620619773864746 11.26247501373291
9.5922212600708 12.922039031982422
9.524697303771973 13.154096603393555
8.890637397766113 9.951088905334473
8.826196670532227 10.589332580566406
8.335878372192383 8.523796081542969
8.26869010925293 9.87635612487793
7.852112770080566 9.823202133178711
