0.0 1.3642815351486206
0.0 1.5040984153747559
0.0 2.9935781955718994
0.0 3.401770830154419
0.0 3.7509400844573975
0.0 4.311491012573242
0.0 4.33014440536499
0.0 4.676998138427734
0.0 5.114383697509766
0.0 5.226247310638428
0.0 5.310484409332275
0.0 5.445917129516602
0.0 5.985044002532959
0.0 6.442347049713135
0.0 6.48563814163208
0.0 6.732762336730957
0.0 7.038474082946777
0.0 7.092459678649902
0.0 7.13325834274292
0.0 7.283621311187744
0.0 7.421811580657959
0.0 7.462427139282227
0.0 7.498834133148193
0.0 7.508863925933838
0.0 7.511601448059082
0.0 7.693930625915527
0.0 7.703107833862305
0.0 7.711952209472656
0.0 7.7720770835876465
0.0 7.788386821746826
0.0 7.788898468017578
0.0 7.923201560974121
0.0 7.95263671875
0.0 7.959005832672119
0.0 8.0142183303833
0.0 8.155166625976562
0.0 8.17266845703125
0.0 8.342947006225586
0.0 8.47089672088623
0.0 8.532505989074707
0.0 8.551198959350586
0.0 8.570483207702637
0.0 8.617945671081543
0.0 8.838829040527344
0.0 8.887099266052246
0.0 9.16162395477295
0.0 9.31564998626709
0.0 9.577972412109375
0.0 9.624513626098633
0.0 10.220063209533691
0.0 10.255326271057129
0.0 10.358880996704102
0.0 10.40125560760498
0.0 10.528587341308594
0.0 10.860069274902344
0.0 11.208260536193848
0.0 11.326981544494629
0.0 11.866127967834473
0.0 12.194889068603516
0.0 12.551547050476074
0.0 13.868258476257324
0.0 13.879608154296875
0.0 14.087203979492188
0.0 14.440059661865234
0.0 15.235060691833496
0.0 16.261734008789062
0.0 16.82753562927246
0.0 17.44649314880371
0.0 18.126075744628906
0.0 18.486520767211914
0.0 18.57985496520996
0.0 19.574129104614258
0.0 22.922008514404297
0.0 24.103534698486328
0.0 25.711715698242188
0.0 25.946693420410156
0.0 27.9222469329834
0.0 28.8138427734375
0.0 29.18500518798828
0.0 33.21242141723633
0.0 35.99728775024414
0.0 inf
38.39577102661133 39.60256576538086
37.860267639160156 63.84650421142578
36.338863372802734 37.186668395996094
36.09487533569336 61.52518844604492
19.324798583984375 21.486719131469727
17.50857925415039 24.716890335083008
17.436450958251953 22.19496726989746
15.643261909484863 17.032394409179688
14.845312118530273 16.870784759521484
13.159619331359863 13.276084899902344
12.736732482910156 16.087352752685547
11.666622161865234 11.929948806762695
11.368541717529297 12.342000007629395
11.18765926361084 11.918329238891602
10.852725982666016 13.27804183959961
10.56545352935791 10.638700485229492
10.355147361755371 12.967796325683594
9.65420150756836 10.463367462158203
9.536821365356445 12.62730598449707
9.534283638000488 11.629829406738281
9.267427444458008 9.316780090332031
9.257306098937988 11.729249000549316
9.076443672180176 9.838357925415039
8.784226417541504 10.676162719726562
7.554830074310303 8.88501262664795
