0.0 1.2582037448883057
0.0 1.2663663625717163
0.0 1.4000985622406006
0.0 3.737152099609375
0.0 4.109513759613037
0.0 4.756602764129639
0.0 4.933177947998047
0.0 5.0675859451293945
0.0 5.2322587966918945
0.0 5.320547580718994
0.0 5.399531841278076
0.0 5.469054222106934
0.0 5.478668689727783
0.0 5.738636493682861
0.0 5.754464149475098
0.0 5.945627212524414
0.0 6.355657577514648
0.0 6.52802038192749
0.0 6.548330783843994
0.0 6.665515422821045
0.0 6.805511951446533
0.0 6.912126064300537
0.0 7.188082218170166
0.0 7.283148288726807
0.0 7.439300537109375
0.0 7.448112964630127
0.0 7.483336448669434
0.0 7.538547039031982
0.0 7.544199466705322
0.0 7.6502814292907715
0.0 7.790189266204834
0.0 7.928915500640869
0.0 8.083429336547852
0.0 8.117173194885254
0.0 8.17673110961914
0.0 8.237771034240723
0.0 8.31787395477295
0.0 8.374239921569824
0.0 8.449118614196777
0.0 8.562121391296387
0.0 8.563868522644043
0.0 8.635687828063965
0.0 8.651843070983887
0.0 8.703778266906738
0.0 8.712380409240723
0.0 8.943177223205566
0.0 8.94345760345459
0.0 9.194637298583984
0.0 9.69213581085205
0.0 9.709303855895996
0.0 9.846025466918945
0.0 10.027599334716797
0.0 10.512917518615723
0.0 10.618118286132812
0.0 11.21447467803955
0.0 11.884474754333496
0.0 12.043174743652344
0.0 13.243940353393555
0.0 13.260448455810547
0.0 13.645380973815918
0.0 13.659092903137207
0.0 13.980448722839355
0.0 14.36638069152832
0.0 14.402645111083984
0.0 15.214825630187988
0.0 17.402244567871094
0.0 18.236692428588867
0.0 19.978912353515625
0.0 20.723613739013672
0.0 20.855310440063477
0.0 22.91452407836914
0.0 22.967960357666016
0.0 22.988658905029297
0.0 22.996440887451172
0.0 23.773149490356445
0.0 25.03067398071289
0.0 25.645708084106445
0.0 26.515827178955078
0.0 27.873212814331055
0.0 29.495197296142578
0.0 33.86627197265625
0.0 inf
43.583221435546875 62.276817321777344
39.802879333496094 43.47822189331055
39.17586898803711 61.933860778808594
31.702905654907227 35.805843353271484
18.880334854125977 25.601869583129883
18.544588088989258 21.99831771850586
18.458171844482422 22.049428939819336
15.338130950927734 17.072147369384766
14.566668510437012 16.664749145507812
12.529790878295898 13.254651069641113
11.743975639343262 12.648690223693848
11.585307121276855 13.34369945526123
10.806568145751953 11.189109802246094
10.233936309814453 10.394241333007812
10.205382347106934 13.29842472076416
9.9977445602417 11.905142784118652
9.817863464355469 10.504204750061035
9.682270050048828 9.969749450683594
9.677485466003418 11.67840576171875
9.329639434814453 12.558998107910156
8.436909675598145 8.921032905578613
8.211477279663086 8.63866901397705
7.983626842498779 9.527115821838379
7.7026543617248535 8.758618354797363
