0.0 2.198610782623291
0.0 2.2216379642486572
0.0 3.2201175689697266
0.0 3.2510263919830322
0.0 3.8282957077026367
0.0 4.199576377868652
0.0 4.2009406089782715
0.0 4.331454753875732
0.0 4.561607837677002
0.0 5.020396709442139
0.0 5.37780237197876
0.0 5.383132457733154
0.0 5.686249732971191
0.0 5.817103385925293
0.0 6.251134872436523
0.0 6.352567195892334
0.0 6.4403886795043945
0.0 6.7350616455078125
0.0 6.904572010040283
0.0 6.962005138397217
0.0 6.967557430267334
0.0 6.994102954864502
0.0 7.192941188812256
0.0 7.312353610992432
0.0 7.336122035980225
0.0 7.392691135406494
0.0 7.410488605499268
0.0 7.4599761962890625
0.0 7.560347080230713
0.0 7.561889171600342
0.0 7.786800861358643
0.0 7.981501579284668
0.0 8.385069847106934
0.0 8.398905754089355
0.0 8.452421188354492
0.0 8.485465049743652
0.0 8.49820327758789
0.0 8.516888618469238
0.0 8.541303634643555
0.0 8.713973999023438
0.0 8.892435073852539
0.0 8.908598899841309
0.0 8.96927261352539
0.0 9.15313720703125
0.0 9.278853416442871
0.0 9.493462562561035
0.0 9.511982917785645
0.0 10.320233345031738
0.0 10.354975700378418
0.0 10.543267250061035
0.0 10.603229522705078
0.0 10.61089038848877
0.0 10.918853759765625
0.0 11.06506633758545
0.0 12.076627731323242
0.0 12.369707107543945
0.0 12.580324172973633
0.0 13.109410285949707
0.0 13.21114444732666
0.0 13.523172378540039
0.0 13.699384689331055
0.0 13.727143287658691
0.0 13.970827102661133
0.0 13.984685897827148
0.0 14.078058242797852
0.0 15.523073196411133
0.0 16.11500358581543
0.0 16.67171287536621
0.0 17.764616012573242
0.0 17.794647216796875
0.0 18.8436336517334
0.0 20.304445266723633
0.0 21.031620025634766
0.0 23.849166870117188
0.0 26.5827693939209
0.0 27.71207046508789
0.0 29.54062843322754
0.0 29.616689682006836
0.0 30.022624969482422
0.0 32.253692626953125
0.0 33.38750076293945
0.0 inf
52.2349739074707 69.2137680053711
47.93902587890625 66.58447265625
20.605234146118164 22.83340072631836
18.455163955688477 18.86448860168457
17.66924476623535 21.246681213378906
16.609846115112305 22.919090270996094
14.478412628173828 16.899206161499023
13.649721145629883 19.816211700439453
12.53896427154541 13.010618209838867
12.353968620300293 13.095837593078613
12.22627067565918 13.784586906433105
11.537134170532227 13.284390449523926
11.41323471069336 12.963594436645508
10.921613693237305 12.947346687316895
9.612696647644043 10.667750358581543
9.543556213378906 10.694497108459473
9.100163459777832 9.286178588867188
9.022793769836426 10.008769035339355
8.936227798461914 8.949790954589844
8.44991397857666 8.652338981628418
7.735793113708496 7.835550308227539
7.41788387298584 8.000702857971191
