0.0 1.0486811399459839
0.0 1.051592469215393
0.0 1.3771113157272339
0.0 2.1222736835479736
0.0 2.565425157546997
0.0 2.642742156982422
0.0 2.7821686267852783
0.0 3.3945295810699463
0.0 3.85605788230896
0.0 4.2549543380737305
0.0 4.627923965454102
0.0 4.6654953956604
0.0 4.904550075531006
0.0 5.368971347808838
0.0 5.449146270751953
0.0 5.70220422744751
0.0 5.950683116912842
0.0 6.076729774475098
0.0 6.2524871826171875
0.0 6.283374309539795
0.0 6.308058261871338
0.0 6.414181232452393
0.0 6.587939262390137
0.0 6.742900371551514
0.0 6.8131513595581055
0.0 7.004169940948486
0.0 7.378071308135986
0.0 7.5214128494262695
0.0 7.67051362991333
0.0 7.988794803619385
0.0 8.014404296875
0.0 8.12067699432373
0.0 8.128434181213379
0.0 8.29531478881836
0.0 8.330591201782227
0.0 8.354538917541504
0.0 8.363346099853516
0.0 8.454240798950195
0.0 8.463220596313477
0.0 8.489870071411133
0.0 8.514254570007324
0.0 8.54633903503418
0.0 8.733768463134766
0.0 8.945998191833496
0.0 9.208614349365234
0.0 9.53903865814209
0.0 9.675756454467773
0.0 9.825390815734863
0.0 9.989290237426758
0.0 10.036795616149902
0.0 10.548117637634277
0.0 10.55720043182373
0.0 10.767106056213379
0.0 11.139710426330566
0.0 11.142033576965332
0.0 11.664507865905762
0.0 11.671781539916992
0.0 12.612283706665039
0.0 13.026263236999512
0.0 14.379356384277344
0.0 14.49934196472168
0.0 14.926653861999512
0.0 15.200410842895508
0.0 15.441682815551758
0.0 16.871299743652344
0.0 17.613941192626953
0.0 19.63279151916504
0.0 19.634374618530273
0.0 20.416833877563477
0.0 20.707948684692383
0.0 20.8438720703125
0.0 21.729394912719727
0.0 21.929006576538086
0.0 21.993680953979492
0.0 27.0848388671875
0.0 27.515634536743164
0.0 27.77485466003418
0.0 28.02435302734375
0.0 29.943260192871094
0.0 30.016155242919922
0.0 32.692771911621094
0.0 inf
46.717262268066406 48.12360763549805
44.89453887939453 46.579742431640625
42.6280517578125 62.752376556396484
41.57008361816406 60.75089645385742
35.71510314941406 40.0059700012207
34.71151351928711 38.63570022583008
23.278934478759766 23.478761672973633
22.289348602294922 28.081504821777344
17.623945236206055 18.889768600463867
17.371028900146484 17.6088809967041
16.502714157104492 18.636411666870117
16.48223304748535 19.77633285522461
16.17740821838379 16.863300323486328
15.85830020904541 19.75701904296875
12.152302742004395 14.293307304382324
11.764579772949219 14.144350051879883
11.306453704833984 12.865045547485352
10.725627899169922 11.872478485107422
10.29940128326416 10.772375106811523
10.238821029663086 12.10965633392334
9.801298141479492 9.994629859924316
9.71700668334961 13.468250274658203
9.277777671813965 9.560544967651367
9.271369934082031 9.983335494995117
9.046402931213379 10.803936958312988
7.587295055389404 8.925261497497559
7.549630165100098 9.197139739990234
7.392533779144287 7.620972156524658
