0.0 1.2724601030349731
0.0 1.3230160474777222
0.0 1.3931961059570312
0.0 4.387890815734863
0.0 4.411780834197998
0.0 4.420788288116455
0.0 5.42980432510376
0.0 5.536630630493164
0.0 5.794209003448486
0.0 5.855050086975098
0.0 5.906735897064209
0.0 6.322181224822998
0.0 6.323859691619873
0.0 6.326532363891602
0.0 6.368173122406006
0.0 6.392237663269043
0.0 6.437790393829346
0.0 6.568076133728027
0.0 6.588834762573242
0.0 6.646546840667725
0.0 6.725527286529541
0.0 6.730480670928955
0.0 6.9218645095825195
0.0 6.970415115356445
0.0 7.065235614776611
0.0 7.300232887268066
0.0 7.505115032196045
0.0 7.51049280166626
0.0 7.560730457305908
0.0 7.950483322143555
0.0 7.989161491394043
0.0 8.023599624633789
0.0 8.028074264526367
0.0 8.26561450958252
0.0 8.381817817687988
0.0 8.466012001037598
0.0 8.533608436584473
0.0 8.59500503540039
0.0 8.68566608428955
0.0 8.783075332641602
0.0 8.801288604736328
0.0 8.882023811340332
0.0 8.981497764587402
0.0 9.004730224609375
0.0 9.180596351623535
0.0 9.314773559570312
0.0 9.38831615447998
0.0 9.530757904052734
0.0 9.563875198364258
0.0 9.767518997192383
0.0 9.768239974975586
0.0 9.840681076049805
0.0 10.114739418029785
0.0 10.424227714538574
0.0 10.832723617553711
0.0 10.955601692199707
0.0 11.390615463256836
0.0 12.075111389160156
0.0 12.5745849609375
0.0 12.603750228881836
0.0 12.950251579284668
0.0 13.320964813232422
0.0 14.552879333496094
0.0 14.734526634216309
0.0 16.226665496826172
0.0 16.68448829650879
0.0 17.648544311523438
0.0 17.839595794677734
0.0 19.29302406311035
0.0 19.46878433227539
0.0 20.514280319213867
0.0 22.482816696166992
0.0 24.323400497436523
0.0 24.630338668823242
0.0 25.26438331604004
0.0 26.657442092895508
0.0 27.130434036254883
0.0 28.42330551147461
0.0 28.74911117553711
0.0 30.280006408691406
0.0 31.214223861694336
0.0 inf
41.458717346191406 42.486732482910156
40.03385925292969 64.09650421142578
38.29386520385742 38.71779251098633
35.19823455810547 59.082916259765625
31.48049545288086 36.476558685302734
19.880605697631836 24.651124954223633
18.65279197692871 22.210691452026367
18.071956634521484 21.103763580322266
14.757034301757812 15.538440704345703
13.37786865234375 15.90740966796875
12.44136905670166 13.65732192993164
11.737422943115234 12.003387451171875
11.401667594909668 12.602555274963379
11.140695571899414 11.576279640197754
10.568178176879883 11.774964332580566
10.29320240020752 12.359628677368164
10.082749366760254 11.202856063842773
9.840995788574219 12.030702590942383
9.576980590820312 12.853899955749512
9.386397361755371 10.737872123718262
8.898566246032715 8.962096214294434
8.788426399230957 9.173048973083496
8.452706336975098 8.879433631896973
8.414913177490234 9.248693466186523
8.346134185791016 9.233366966247559
