0.0 3.8971002101898193
0.0 4.190013408660889
0.0 4.248352527618408
0.0 4.283776760101318
0.0 4.674378395080566
0.0 5.627322673797607
0.0 5.808621883392334
0.0 6.270294666290283
0.0 6.325197696685791
0.0 6.326369762420654
0.0 6.528402328491211
0.0 6.7264018058776855
0.0 6.938491344451904
0.0 7.159374237060547
0.0 7.40764045715332
0.0 7.558064937591553
0.0 7.642655372619629
0.0 7.987868309020996
0.0 8.006993293762207
0.0 8.04497241973877
0.0 8.046865463256836
0.0 8.049245834350586
0.0 8.21265697479248
0.0 8.239561080932617
0.0 8.309884071350098
0.0 8.333086967468262
0.0 8.396832466125488
0.0 8.401386260986328
0.0 8.408323287963867
0.0 8.41454792022705
0.0 8.479965209960938
0.0 8.615099906921387
0.0 8.615254402160645
0.0 8.654000282287598
0.0 8.701078414916992
0.0 8.747374534606934
0.0 9.082100868225098
0.0 9.164924621582031
0.0 9.314494132995605
0.0 9.629900932312012
0.0 9.670992851257324
0.0 9.745835304260254
0.0 9.746689796447754
0.0 9.786113739013672
0.0 10.136747360229492
0.0 10.363874435424805
0.0 10.63302230834961
0.0 10.791109085083008
0.0 10.909460067749023
0.0 11.248432159423828
0.0 11.554837226867676
0.0 11.720987319946289
0.0 11.918298721313477
0.0 12.159032821655273
0.0 12.477724075317383
0.0 12.905866622924805
0.0 13.280625343322754
0.0 13.579514503479004
0.0 13.675673484802246
0.0 14.108656883239746
0.0 14.22594928741455
0.0 14.60457706451416
0.0 14.906197547912598
0.0 15.4219331741333
0.0 16.36614418029785
0.0 16.773191452026367
0.0 16.77921485900879
0.0 17.16557502746582
0.0 17.589786529541016
0.0 17.754533767700195
0.0 18.16106414794922
0.0 19.335058212280273
0.0 23.057231903076172
0.0 25.196922302246094
0.0 27.073200225830078
0.0 27.848567962646484
0.0 29.01781463623047
0.0 29.124530792236328
0.0 29.853404998779297
0.0 30.929006576538086
0.0 34.63482666015625
0.0 inf
53.711219787597656 57.92812728881836
46.252017974853516 68.4478759765625
45.90977478027344 64.13628387451172
21.012319564819336 21.804819107055664
18.960172653198242 22.582239151000977
18.536359786987305 23.917957305908203
18.03201675415039 18.36836814880371
17.84562873840332 20.301368713378906
16.789011001586914 21.144514083862305
16.35595703125 16.77278709411621
15.373579978942871 15.535597801208496
14.317230224609375 15.311990737915039
14.292753219604492 16.08146858215332
13.520185470581055 15.901505470275879
13.147378921508789 15.414519309997559
11.514023780822754 12.433775901794434
11.19434642791748 11.204061508178711
10.634896278381348 13.307352066040039
10.537064552307129 12.532877922058105
10.520480155944824 11.84180736541748
10.221049308776855 10.56371784210205
9.591720581054688 11.128878593444824
9.50634479522705 12.265257835388184
9.429494857788086 10.237503051757812
9.418241500854492 12.459071159362793
8.452169418334961 9.327889442443848
8.220552444458008 11.019318580627441
8.024296760559082 9.215921401977539
