0.0 3.119290828704834
0.0 3.2471210956573486
0.0 4.233407020568848
0.0 5.429743766784668
0.0 5.526684761047363
0.0 5.598660945892334
0.0 5.6535749435424805
0.0 5.93247127532959
0.0 6.00806188583374
0.0 6.288444995880127
0.0 6.296919345855713
0.0 6.34295654296875
0.0 6.569855690002441
0.0 6.574669361114502
0.0 6.57553243637085
0.0 6.596527576446533
0.0 6.612822532653809
0.0 7.029783248901367
0.0 7.097888946533203
0.0 7.125241279602051
0.0 7.3627119064331055
0.0 7.569057941436768
0.0 7.597720146179199
0.0 7.701021194458008
0.0 7.885872840881348
0.0 8.15292739868164
0.0 8.284858703613281
0.0 8.41647720336914
0.0 8.437503814697266
0.0 8.453109741210938
0.0 8.464803695678711
0.0 8.475346565246582
0.0 8.544724464416504
0.0 8.547916412353516
0.0 8.577571868896484
0.0 9.064976692199707
0.0 9.114527702331543
0.0 9.35185432434082
0.0 9.442937850952148
0.0 9.57144832611084
0.0 9.68956470489502
0.0 9.728028297424316
0.0 9.916359901428223
0.0 10.063876152038574
0.0 10.076927185058594
0.0 10.152356147766113
0.0 10.152423858642578
0.0 10.257233619689941
0.0 10.312413215637207
0.0 10.398006439208984
0.0 10.536458015441895
0.0 10.740354537963867
0.0 10.900428771972656
0.0 10.913955688476562
0.0 11.041634559631348
0.0 11.189188003540039
0.0 12.301090240478516
0.0 12.514888763427734
0.0 12.852134704589844
0.0 13.089499473571777
0.0 13.534844398498535
0.0 13.557718276977539
0.0 13.69339656829834
0.0 16.451974868774414
0.0 17.66446304321289
0.0 18.391448974609375
0.0 18.83717155456543
0.0 19.664794921875
0.0 19.704504013061523
0.0 21.30001449584961
0.0 21.92102813720703
0.0 22.236196517944336
0.0 22.252731323242188
0.0 24.34270477294922
0.0 24.571500778198242
0.0 25.644437789916992
0.0 25.68842887878418
0.0 26.254262924194336
0.0 28.23227310180664
0.0 29.327878952026367
0.0 29.598514556884766
0.0 inf
41.13936996459961 59.36151885986328
37.289207458496094 62.79390335083008
36.945621490478516 37.73502731323242
34.17451477050781 40.09090805053711
22.502647399902344 28.773427963256836
18.097158432006836 20.015737533569336
17.102262496948242 19.921390533447266
15.687472343444824 15.718021392822266
14.641030311584473 15.076810836791992
14.36963176727295 15.424883842468262
13.054217338562012 15.48922348022461
12.456650733947754 15.902458190917969
11.595941543579102 11.988940238952637
11.533207893371582 11.847379684448242
10.582714080810547 13.425063133239746
10.551736831665039 13.273072242736816
10.528646469116211 13.357259750366211
10.426843643188477 11.596698760986328
8.606436729431152 8.98453426361084
8.57188606262207 10.628064155578613
7.666733741760254 9.022513389587402
