0.0 4.205867290496826
0.0 4.369023323059082
0.0 4.759990215301514
0.0 4.912482738494873
0.0 5.610497951507568
0.0 5.613344192504883
0.0 5.832544326782227
0.0 6.3254923820495605
0.0 6.332447528839111
0.0 6.472236156463623
0.0 6.504493236541748
0.0 6.56016206741333
0.0 6.764436721801758
0.0 7.053544521331787
0.0 7.274150848388672
0.0 7.309062480926514
0.0 7.341049671173096
0.0 7.351386547088623
0.0 7.40205192565918
0.0 7.611333847045898
0.0 7.697244644165039
0.0 7.792774200439453
0.0 7.853686332702637
0.0 7.9721174240112305
0.0 7.9908599853515625
0.0 8.009347915649414
0.0 8.368915557861328
0.0 8.37880802154541
0.0 8.407116889953613
0.0 8.429259300231934
0.0 8.499330520629883
0.0 8.534835815429688
0.0 8.578868865966797
0.0 8.906502723693848
0.0 8.919354438781738
0.0 9.17833137512207
0.0 9.340062141418457
0.0 9.413456916809082
0.0 9.420236587524414
0.0 9.448494911193848
0.0 9.477080345153809
0.0 9.532279014587402
0.0 9.537104606628418
0.0 9.606525421142578
0.0 9.628600120544434
0.0 9.674975395202637
0.0 9.687549591064453
0.0 9.71597671508789
0.0 9.772022247314453
0.0 10.06095027923584
0.0 10.218607902526855
0.0 10.26502513885498
0.0 10.903634071350098
0.0 10.978988647460938
0.0 11.2369966506958
0.0 11.353859901428223
0.0 11.711169242858887
0.0 11.858142852783203
0.0 12.873696327209473
0.0 13.52916431427002
0.0 14.141255378723145
0.0 14.626026153564453
0.0 14.898940086364746
0.0 15.348655700683594
0.0 16.47930145263672
0.0 17.197370529174805
0.0 17.28909683227539
0.0 17.450584411621094
0.0 18.19042205810547
0.0 18.230913162231445
0.0 18.587366104125977
0.0 19.249513626098633
0.0 21.67430305480957
0.0 21.80354881286621
0.0 26.35512351989746
0.0 26.371047973632812
0.0 26.559324264526367
0.0 28.01841163635254
0.0 28.757156372070312
0.0 30.87080192565918
0.0 35.08132553100586
0.0 inf
38.46059036254883 64.40019226074219
36.352203369140625 36.6214714050293
32.604515075683594 64.33003997802734
20.7042236328125 23.509990692138672
18.54056167602539 21.15176773071289
17.46303939819336 23.116735458374023
16.96156883239746 17.528972625732422
13.550373077392578 14.23574161529541
13.184563636779785 14.073698043823242
12.90544319152832 14.23572826385498
12.052638053894043 12.19266128540039
11.523109436035156 13.732505798339844
11.029996871948242 11.490324974060059
10.808213233947754 14.672316551208496
10.417815208435059 11.796459197998047
10.413405418395996 12.442808151245117
10.269554138183594 13.612733840942383
9.945096969604492 9.972878456115723
9.817704200744629 14.790420532226562
9.674371719360352 11.704338073730469
9.416095733642578 10.573792457580566
9.40418815612793 10.170845985412598
8.141579627990723 9.24414348602295
7.980544567108154 9.295208930969238
