0.0 4.209579944610596
0.0 4.337919235229492
0.0 4.352580547332764
0.0 4.460391044616699
0.0 4.484947204589844
0.0 4.643592834472656
0.0 5.247354984283447
0.0 5.254590034484863
0.0 5.998390197753906
0.0 6.2572784423828125
0.0 6.3352484703063965
0.0 6.4170241355896
0.0 6.434902667999268
0.0 6.624533653259277
0.0 6.757852554321289
0.0 6.918593883514404
0.0 6.968690395355225
0.0 7.011253833770752
0.0 7.052792072296143
0.0 7.053832054138184
0.0 7.316295623779297
0.0 7.386544704437256
0.0 7.445486545562744
0.0 7.463462829589844
0.0 7.6219563484191895
0.0 7.70128059387207
0.0 8.222240447998047
0.0 8.270893096923828
0.0 8.408425331115723
0.0 8.435160636901855
0.0 8.458991050720215
0.0 8.46102523803711
0.0 8.492328643798828
0.0 8.4998779296875
0.0 8.550052642822266
0.0 8.57986068725586
0.0 8.712717056274414
0.0 8.915886878967285
0.0 9.058676719665527
0.0 9.16217041015625
0.0 9.31757640838623
0.0 9.369786262512207
0.0 9.398335456848145
0.0 9.425349235534668
0.0 9.806048393249512
0.0 10.149185180664062
0.0 10.218796730041504
0.0 10.539358139038086
0.0 10.635942459106445
0.0 10.819686889648438
0.0 10.87531852722168
0.0 11.252127647399902
0.0 11.341998100280762
0.0 11.548635482788086
0.0 11.735599517822266
0.0 11.973613739013672
0.0 12.19896125793457
0.0 12.762550354003906
0.0 13.163759231567383
0.0 13.376789093017578
0.0 13.840577125549316
0.0 14.076930046081543
0.0 14.42514419555664
0.0 15.43211841583252
0.0 16.0213623046875
0.0 16.033655166625977
0.0 16.85432243347168
0.0 17.518985748291016
0.0 19.663959503173828
0.0 19.779481887817383
0.0 20.563230514526367
0.0 23.018768310546875
0.0 23.513648986816406
0.0 24.39870262145996
0.0 25.501419067382812
0.0 26.415821075439453
0.0 26.693191528320312
0.0 29.247943878173828
0.0 29.726844787597656
0.0 30.121829986572266
0.0 30.606491088867188
0.0 inf
41.25370788574219 61.439979553222656
36.731441497802734 61.56081771850586
19.486421585083008 23.62356948852539
17.720273971557617 20.831727981567383
17.607284545898438 24.286697387695312
17.329736709594727 18.69464683532715
15.635232925415039 17.601669311523438
15.436108589172363 18.57750129699707
15.415484428405762 17.548721313476562
15.026580810546875 15.179166793823242
14.737709999084473 18.448633193969727
14.60241985321045 16.940340042114258
14.135868072509766 15.199844360351562
13.827281951904297 13.916620254516602
13.442635536193848 13.65835952758789
13.15976619720459 14.076285362243652
13.087268829345703 13.873797416687012
12.00149154663086 13.60518741607666
10.1320161819458 10.805438041687012
10.12280559539795 10.64344596862793
9.885643005371094 10.818115234375
9.506552696228027 11.411100387573242
9.467476844787598 9.871084213256836
9.320890426635742 9.994959831237793
8.439078330993652 9.827333450317383
7.971346855163574 10.377137184143066
