0.0 4.2061448097229
0.0 4.3548407554626465
0.0 4.45656156539917
0.0 4.514044284820557
0.0 4.56484842300415
0.0 5.236764430999756
0.0 5.259984493255615
0.0 5.400357723236084
0.0 5.989156723022461
0.0 6.256298065185547
0.0 6.283824920654297
0.0 6.346827030181885
0.0 6.428067684173584
0.0 6.454775810241699
0.0 6.644964694976807
0.0 6.90866231918335
0.0 6.966857433319092
0.0 7.002355098724365
0.0 7.075788497924805
0.0 7.095688819885254
0.0 7.342345714569092
0.0 7.364017963409424
0.0 7.389305591583252
0.0 7.44059419631958
0.0 7.613555908203125
0.0 7.677374362945557
0.0 8.152789115905762
0.0 8.200557708740234
0.0 8.245826721191406
0.0 8.35554027557373
0.0 8.475693702697754
0.0 8.482311248779297
0.0 8.48317813873291
0.0 8.525691986083984
0.0 8.538552284240723
0.0 8.586576461791992
0.0 8.706915855407715
0.0 8.858752250671387
0.0 8.919319152832031
0.0 9.182075500488281
0.0 9.237855911254883
0.0 9.314468383789062
0.0 9.374271392822266
0.0 9.426042556762695
0.0 9.769814491271973
0.0 9.998022079467773
0.0 10.264179229736328
0.0 10.528465270996094
0.0 10.610705375671387
0.0 10.802042007446289
0.0 10.872171401977539
0.0 10.906978607177734
0.0 11.415359497070312
0.0 11.5573091506958
0.0 12.019149780273438
0.0 12.194639205932617
0.0 12.464446067810059
0.0 12.822891235351562
0.0 13.15494155883789
0.0 13.331360816955566
0.0 13.860766410827637
0.0 14.026957511901855
0.0 14.42247200012207
0.0 15.508288383483887
0.0 16.051973342895508
0.0 16.060312271118164
0.0 16.727981567382812
0.0 17.725955963134766
0.0 18.446514129638672
0.0 19.820144653320312
0.0 20.447860717773438
0.0 22.80663299560547
0.0 23.502912521362305
0.0 23.89611053466797
0.0 25.597610473632812
0.0 25.782791137695312
0.0 26.49639892578125
0.0 29.8892879486084
0.0 29.89861297607422
0.0 31.650924682617188
0.0 31.770545959472656
0.0 inf
41.27970886230469 62.4616584777832
37.03218460083008 62.673553466796875
19.49485206604004 23.53807830810547
17.786252975463867 20.901559829711914
17.615713119506836 24.302480697631836
17.356487274169922 18.586416244506836
15.443249702453613 16.47603988647461
15.201369285583496 17.46519660949707
15.022699356079102 15.138191223144531
14.743353843688965 18.594514846801758
14.682234764099121 18.399194717407227
14.648395538330078 14.943592071533203
14.533893585205078 16.853116989135742
13.997451782226562 14.128989219665527
13.428086280822754 13.626287460327148
13.134602546691895 13.930852890014648
13.020669937133789 13.795890808105469
11.726221084594727 13.604289054870605
10.152800559997559 10.796284675598145
10.118803024291992 10.63763427734375
9.860250473022461 10.756877899169922
9.485432624816895 11.416926383972168
9.397908210754395 9.876236915588379
9.335838317871094 9.973384857177734
8.4566068649292 9.793456077575684
7.975032329559326 10.381898880004883
