0.0 1.1778922080993652
0.0 1.2383596897125244
0.0 1.24428391456604
0.0 3.660806655883789
0.0 4.20135498046875
0.0 4.64073371887207
0.0 4.959957122802734
0.0 4.999573707580566
0.0 5.252387523651123
0.0 5.334001064300537
0.0 5.414417743682861
0.0 5.704039573669434
0.0 5.865149974822998
0.0 5.88008975982666
0.0 6.037813186645508
0.0 6.233982086181641
0.0 6.302382469177246
0.0 6.306546211242676
0.0 6.4386210441589355
0.0 6.493437767028809
0.0 6.645725727081299
0.0 6.767460823059082
0.0 6.913978576660156
0.0 7.137499809265137
0.0 7.259806156158447
0.0 7.278170585632324
0.0 7.332726001739502
0.0 7.518916130065918
0.0 7.689403057098389
0.0 7.811283111572266
0.0 7.9323811531066895
0.0 7.938446044921875
0.0 8.120327949523926
0.0 8.16077709197998
0.0 8.164068222045898
0.0 8.315130233764648
0.0 8.315168380737305
0.0 8.597294807434082
0.0 8.604022979736328
0.0 8.624653816223145
0.0 8.66855525970459
0.0 8.677047729492188
0.0 8.72355842590332
0.0 8.754027366638184
0.0 8.986806869506836
0.0 9.046307563781738
0.0 9.280445098876953
0.0 9.28298282623291
0.0 10.103418350219727
0.0 10.222003936767578
0.0 10.242079734802246
0.0 10.289770126342773
0.0 10.75617504119873
0.0 10.895622253417969
0.0 10.952900886535645
0.0 11.631638526916504
0.0 12.468811988830566
0.0 12.860769271850586
0.0 13.070769309997559
0.0 13.235885620117188
0.0 13.292740821838379
0.0 13.437396049499512
0.0 13.61286449432373
0.0 13.995173454284668
0.0 14.916770935058594
0.0 16.24675178527832
0.0 16.40461540222168
0.0 17.833120346069336
0.0 19.764806747436523
0.0 21.46871566772461
0.0 22.850059509277344
0.0 22.912002563476562
0.0 23.78360366821289
0.0 23.914085388183594
0.0 24.226041793823242
0.0 25.204383850097656
0.0 26.55845069885254
0.0 27.057292938232422
0.0 28.031681060791016
0.0 28.75391960144043
0.0 35.89496612548828
0.0 inf
47.66244125366211 48.157196044921875
46.12374496459961 63.76903533935547
38.21665954589844 64.7604751586914
37.51309585571289 39.60078811645508
33.686275482177734 37.04323196411133
21.286272048950195 21.559526443481445
19.033891677856445 26.912450790405273
18.50387954711914 21.6033935546875
17.45144271850586 20.68824577331543
16.810802459716797 18.372343063354492
15.271711349487305 16.218509674072266
12.751925468444824 13.997834205627441
11.712867736816406 12.582189559936523
11.507513999938965 12.041817665100098
11.49012279510498 13.261804580688477
11.374225616455078 13.005203247070312
10.475578308105469 13.392242431640625
10.449252128601074 10.810073852539062
10.231548309326172 11.381525993347168
9.974733352661133 10.47109317779541
9.778175354003906 11.837464332580566
9.516166687011719 9.818608283996582
9.305055618286133 13.967281341552734
8.361344337463379 9.042555809020996
7.882521629333496 8.774524688720703
7.762927532196045 9.437115669250488
