0.0 1.182369351387024
0.0 1.2271478176116943
0.0 2.4884438514709473
0.0 3.4367306232452393
0.0 3.5163979530334473
0.0 4.48784875869751
0.0 4.951741695404053
0.0 4.993411540985107
0.0 5.009058475494385
0.0 5.185131549835205
0.0 5.27630615234375
0.0 5.6596245765686035
0.0 5.720905303955078
0.0 5.8422017097473145
0.0 5.858245849609375
0.0 6.496199607849121
0.0 6.57750129699707
0.0 6.646178722381592
0.0 6.75926399230957
0.0 6.793761253356934
0.0 6.899136066436768
0.0 7.026226997375488
0.0 7.030948162078857
0.0 7.04966402053833
0.0 7.074779510498047
0.0 7.08941125869751
0.0 7.360573768615723
0.0 7.406683444976807
0.0 7.461398601531982
0.0 7.492153644561768
0.0 7.578428745269775
0.0 7.60847282409668
0.0 7.658485412597656
0.0 7.6725358963012695
0.0 7.681759357452393
0.0 8.12243366241455
0.0 8.343626976013184
0.0 8.384183883666992
0.0 8.510683059692383
0.0 8.570764541625977
0.0 8.584309577941895
0.0 8.685410499572754
0.0 8.707408905029297
0.0 8.793164253234863
0.0 8.842312812805176
0.0 8.945666313171387
0.0 9.049375534057617
0.0 9.41357707977295
0.0 9.513816833496094
0.0 9.662310600280762
0.0 10.178759574890137
0.0 10.30933952331543
0.0 10.346256256103516
0.0 10.465072631835938
0.0 10.769415855407715
0.0 11.630223274230957
0.0 12.680209159851074
0.0 12.992868423461914
0.0 13.211740493774414
0.0 13.399247169494629
0.0 13.61893081665039
0.0 14.658300399780273
0.0 14.765134811401367
0.0 14.77768611907959
0.0 15.101179122924805
0.0 15.21579360961914
0.0 15.39747142791748
0.0 16.462568283081055
0.0 18.78023338317871
0.0 19.51698875427246
0.0 20.051410675048828
0.0 20.369159698486328
0.0 23.730207443237305
0.0 24.446714401245117
0.0 25.033466339111328
0.0 29.375532150268555
0.0 29.49442481994629
0.0 32.49571228027344
0.0 33.40885925292969
0.0 33.78982162475586
0.0 40.39192581176758
0.0 inf
48.01799011230469 82.1673355102539
42.589324951171875 73.7748031616211
23.247112274169922 23.765758514404297
17.6594295501709 20.923219680786133
17.535377502441406 26.504892349243164
16.3509521484375 17.258541107177734
16.138010025024414 17.558671951293945
14.85046672821045 18.12589454650879
10.633073806762695 11.35624885559082
9.879055976867676 11.373176574707031
9.747662544250488 12.433167457580566
9.717866897583008 13.03818130493164
9.651803970336914 9.766181945800781
9.523749351501465 9.52950668334961
9.481466293334961 12.102782249450684
9.357656478881836 13.402070999145508
9.042530059814453 9.4847993850708
8.890877723693848 10.247997283935547
7.384859561920166 8.479682922363281
