0.0 2.56186842918396
0.0 3.512044906616211
0.0 3.8965280055999756
0.0 4.370669364929199
0.0 4.6048407554626465
0.0 4.712090015411377
0.0 4.7994842529296875
0.0 5.443187713623047
0.0 5.603121280670166
0.0 6.022609233856201
0.0 6.273692607879639
0.0 6.289940357208252
0.0 6.452565670013428
0.0 6.460318088531494
0.0 6.483523368835449
0.0 6.529625415802002
0.0 6.636115550994873
0.0 6.648381233215332
0.0 6.858502388000488
0.0 7.085159778594971
0.0 7.315944671630859
0.0 7.3706135749816895
0.0 7.371126651763916
0.0 7.3870368003845215
0.0 7.403487205505371
0.0 7.446335315704346
0.0 7.739340782165527
0.0 7.787036418914795
0.0 7.986082077026367
0.0 8.116185188293457
0.0 8.137383460998535
0.0 8.323806762695312
0.0 8.380352973937988
0.0 8.385534286499023
0.0 8.394099235534668
0.0 8.41337776184082
0.0 8.437885284423828
0.0 8.441986083984375
0.0 8.4913330078125
0.0 8.51471996307373
0.0 8.606884002685547
0.0 8.94890022277832
0.0 9.258835792541504
0.0 9.323211669921875
0.0 9.510991096496582
0.0 9.531384468078613
0.0 9.65343952178955
0.0 9.742890357971191
0.0 10.11939811706543
0.0 10.397157669067383
0.0 10.652129173278809
0.0 10.76021671295166
0.0 10.831086158752441
0.0 10.917579650878906
0.0 11.088309288024902
0.0 11.206988334655762
0.0 11.345069885253906
0.0 11.352657318115234
0.0 11.382588386535645
0.0 12.619962692260742
0.0 12.911199569702148
0.0 14.495150566101074
0.0 14.75161075592041
0.0 15.376226425170898
0.0 17.141576766967773
0.0 19.39020347595215
0.0 19.676454544067383
0.0 19.718727111816406
0.0 20.063724517822266
0.0 21.2315673828125
0.0 21.565359115600586
0.0 21.573238372802734
0.0 21.5967960357666
0.0 22.2958984375
0.0 26.19071388244629
0.0 26.916296005249023
0.0 27.615415573120117
0.0 28.11458396911621
0.0 29.880287170410156
0.0 30.22844123840332
0.0 34.00851821899414
0.0 inf
47.163082122802734 48.46036148071289
45.944698333740234 47.99138259887695
41.83091735839844 60.2907829284668
41.610103607177734 60.04193878173828
38.670589447021484 40.40962600708008
36.76557540893555 40.56233215332031
22.126598358154297 28.109643936157227
22.114822387695312 23.67179298400879
16.482633590698242 20.116836547851562
15.743903160095215 19.62860107421875
12.875143051147461 13.698446273803711
12.483688354492188 13.112374305725098
12.435791015625 14.2054443359375
10.935001373291016 10.994041442871094
10.778820991516113 13.477874755859375
10.579710006713867 11.383201599121094
9.966181755065918 11.981986999511719
9.916145324707031 12.202878952026367
9.883040428161621 10.30147933959961
9.563868522644043 9.577347755432129
9.473986625671387 11.803912162780762
9.38564395904541 9.967889785766602
9.270272254943848 10.24251937866211
8.941352844238281 10.572027206420898
8.755542755126953 10.49010944366455
8.437132835388184 11.085165977478027
7.568053245544434 9.003889083862305
7.561840057373047 9.191174507141113
