0.0 1.3221089839935303
0.0 1.3346338272094727
0.0 1.404880404472351
0.0 4.062561988830566
0.0 4.509371280670166
0.0 4.626452922821045
0.0 4.915590763092041
0.0 5.1230340003967285
0.0 5.291177749633789
0.0 5.518731594085693
0.0 5.61129903793335
0.0 5.667391300201416
0.0 5.74682092666626
0.0 6.1743268966674805
0.0 6.395788192749023
0.0 6.662651538848877
0.0 6.849151134490967
0.0 6.896211624145508
0.0 7.214686393737793
0.0 7.357510566711426
0.0 7.3829874992370605
0.0 7.438741207122803
0.0 7.47126579284668
0.0 7.558631420135498
0.0 7.649499893188477
0.0 7.803042411804199
0.0 7.863066673278809
0.0 7.911416053771973
0.0 7.914076805114746
0.0 7.9233808517456055
0.0 8.0110445022583
0.0 8.048023223876953
0.0 8.240586280822754
0.0 8.385835647583008
0.0 8.41975212097168
0.0 8.427661895751953
0.0 8.427947998046875
0.0 8.42851734161377
0.0 8.429201126098633
0.0 8.51219367980957
0.0 8.545395851135254
0.0 8.57198715209961
0.0 8.714365005493164
0.0 8.869068145751953
0.0 8.982712745666504
0.0 9.023177146911621
0.0 9.155776977539062
0.0 9.219987869262695
0.0 9.325106620788574
0.0 9.735294342041016
0.0 10.08871841430664
0.0 10.491461753845215
0.0 10.571151733398438
0.0 10.592700958251953
0.0 11.27813720703125
0.0 11.4475679397583
0.0 11.763279914855957
0.0 11.911191940307617
0.0 12.167821884155273
0.0 13.01706600189209
0.0 13.520474433898926
0.0 14.128732681274414
0.0 14.2557954788208
0.0 14.346100807189941
0.0 15.476910591125488
0.0 15.762280464172363
0.0 16.216402053833008
0.0 16.376380920410156
0.0 16.380699157714844
0.0 17.20452880859375
0.0 18.202890396118164
0.0 20.10883903503418
0.0 20.443126678466797
0.0 24.596145629882812
0.0 26.254100799560547
0.0 27.012285232543945
0.0 28.834749221801758
0.0 29.962034225463867
0.0 30.714630126953125
0.0 31.265512466430664
0.0 34.04362106323242
0.0 inf
44.11528778076172 68.44745635986328
40.585792541503906 42.2509765625
35.083396911621094 60.29831314086914
34.64033889770508 35.20208740234375
20.301908493041992 22.355180740356445
17.57689094543457 21.135446548461914
17.534244537353516 23.8121280670166
15.779218673706055 17.994483947753906
14.451963424682617 16.17885971069336
12.841010093688965 16.327680587768555
12.099669456481934 13.244303703308105
11.76639461517334 11.851513862609863
11.664162635803223 12.518808364868164
10.57875919342041 12.115675926208496
10.504555702209473 12.835115432739258
10.388520240783691 12.146008491516113
10.29857349395752 10.326683044433594
10.043431282043457 12.599719047546387
9.736958503723145 9.889394760131836
9.617061614990234 11.995506286621094
9.470383644104004 11.744359970092773
9.013345718383789 9.685372352600098
8.892555236816406 9.542634963989258
8.53425407409668 10.405719757080078
7.526742458343506 8.984811782836914
