0.0 1.146828055381775
0.0 1.1956861019134521
0.0 3.67704176902771
0.0 4.522893905639648
0.0 4.9636335372924805
0.0 5.340400695800781
0.0 5.486473560333252
0.0 5.672896385192871
0.0 5.74882173538208
0.0 5.780636310577393
0.0 5.94303035736084
0.0 6.274379730224609
0.0 6.38376522064209
0.0 6.41428804397583
0.0 6.4317216873168945
0.0 6.463960647583008
0.0 6.480485439300537
0.0 6.559932708740234
0.0 6.867397785186768
0.0 7.050715923309326
0.0 7.063523769378662
0.0 7.124922275543213
0.0 7.141132831573486
0.0 7.216876983642578
0.0 7.217083930969238
0.0 7.324449062347412
0.0 7.382083892822266
0.0 7.453368663787842
0.0 7.518186092376709
0.0 7.612096786499023
0.0 7.643447399139404
0.0 7.7345428466796875
0.0 7.852071762084961
0.0 7.903947830200195
0.0 7.981171131134033
0.0 8.051596641540527
0.0 8.119897842407227
0.0 8.189637184143066
0.0 8.215985298156738
0.0 8.222467422485352
0.0 8.529502868652344
0.0 8.5970458984375
0.0 8.600761413574219
0.0 8.652909278869629
0.0 8.657060623168945
0.0 9.227709770202637
0.0 9.401719093322754
0.0 9.432219505310059
0.0 9.506587028503418
0.0 9.578936576843262
0.0 10.20695972442627
0.0 10.325515747070312
0.0 11.323822975158691
0.0 11.94415283203125
0.0 12.490907669067383
0.0 12.943208694458008
0.0 13.019332885742188
0.0 13.177225112915039
0.0 13.218832969665527
0.0 13.275593757629395
0.0 13.562630653381348
0.0 13.911779403686523
0.0 14.37508487701416
0.0 14.595338821411133
0.0 16.638832092285156
0.0 17.135225296020508
0.0 17.20423126220703
0.0 18.41617202758789
0.0 19.38469696044922
0.0 20.673507690429688
0.0 21.31334686279297
0.0 23.91448402404785
0.0 26.0604248046875
0.0 27.38082504272461
0.0 28.134157180786133
0.0 30.138784408569336
0.0 32.61235046386719
0.0 33.72941207885742
0.0 39.87449264526367
0.0 42.66267013549805
0.0 inf
55.07566833496094 59.074275970458984
47.00994110107422 72.86489868164062
44.19145202636719 69.31973266601562
19.884597778320312 20.568592071533203
17.103641510009766 24.435747146606445
16.75980567932129 20.10919761657715
14.282083511352539 15.59326457977295
13.313960075378418 14.502655029296875
10.688847541809082 12.914067268371582
10.466593742370605 10.720675468444824
10.41259479522705 11.20348834991455
10.224607467651367 12.440564155578613
10.131302833557129 10.967646598815918
9.784524917602539 12.53255558013916
9.667259216308594 9.907719612121582
9.656222343444824 9.69722843170166
9.638260841369629 9.94189167022705
9.48342227935791 10.787942886352539
9.469003677368164 10.595211029052734
9.388167381286621 9.392254829406738
9.352946281433105 9.805895805358887
9.213640213012695 10.548648834228516
8.803608894348145 10.636052131652832
8.736833572387695 10.60219669342041
8.007740020751953 9.235494613647461
7.417558193206787 7.4432477951049805
