0.0 1.289939284324646
0.0 1.4031767845153809
0.0 2.4443087577819824
0.0 4.571040153503418
0.0 5.043547630310059
0.0 5.087204933166504
0.0 5.207147121429443
0.0 5.3575439453125
0.0 5.423827171325684
0.0 5.647373199462891
0.0 5.651875972747803
0.0 5.695806980133057
0.0 5.896421432495117
0.0 5.987148284912109
0.0 6.036445140838623
0.0 6.3368048667907715
0.0 6.353137493133545
0.0 6.384118556976318
0.0 6.471346378326416
0.0 6.55712890625
0.0 6.595748424530029
0.0 6.713877201080322
0.0 6.867643356323242
0.0 7.200634002685547
0.0 7.231312274932861
0.0 7.455785751342773
0.0 7.499299049377441
0.0 7.5416669845581055
0.0 7.586040019989014
0.0 7.594447612762451
0.0 7.631975173950195
0.0 7.697837829589844
0.0 8.0393648147583
0.0 8.057378768920898
0.0 8.333474159240723
0.0 8.385849952697754
0.0 8.434971809387207
0.0 8.476151466369629
0.0 8.55549430847168
0.0 8.639626502990723
0.0 8.834799766540527
0.0 8.928318977355957
0.0 8.9563570022583
0.0 8.984003067016602
0.0 9.043790817260742
0.0 9.30160903930664
0.0 9.439692497253418
0.0 9.448431968688965
0.0 9.487728118896484
0.0 9.832551002502441
0.0 10.242528915405273
0.0 10.384856224060059
0.0 10.412135124206543
0.0 11.059601783752441
0.0 11.091550827026367
0.0 11.318167686462402
0.0 11.342525482177734
0.0 12.008605003356934
0.0 13.227917671203613
0.0 13.51683235168457
0.0 13.544290542602539
0.0 14.057798385620117
0.0 14.17927360534668
0.0 14.469197273254395
0.0 14.555526733398438
0.0 16.37427520751953
0.0 17.0815372467041
0.0 18.997844696044922
0.0 20.67716407775879
0.0 20.742019653320312
0.0 22.076278686523438
0.0 22.849567413330078
0.0 23.50014305114746
0.0 23.99163055419922
0.0 24.550363540649414
0.0 24.95623779296875
0.0 25.118547439575195
0.0 26.988590240478516
0.0 27.161510467529297
0.0 27.449256896972656
0.0 33.12166976928711
0.0 inf
43.4271354675293 44.38300704956055
42.72615432739258 62.49452590942383
41.92604064941406 42.988948822021484
38.24320983886719 62.20512390136719
30.761472702026367 34.86685562133789
19.43209457397461 25.310558319091797
18.51470184326172 22.508296966552734
18.404632568359375 21.85454750061035
15.307974815368652 18.09659194946289
13.438539505004883 14.725908279418945
13.332616806030273 13.95278263092041
12.886056900024414 13.875471115112305
11.78877067565918 11.790400505065918
11.652948379516602 11.796151161193848
11.592283248901367 13.45246410369873
10.520946502685547 10.543922424316406
10.050806045532227 10.70517349243164
9.698460578918457 11.843106269836426
9.426901817321777 10.373008728027344
9.403128623962402 11.795665740966797
9.364251136779785 11.91782283782959
8.26929759979248 9.248297691345215
8.097978591918945 9.572798728942871
8.040982246398926 9.532622337341309
