0.0 3.6186938285827637
0.0 3.734490394592285
0.0 3.792929172515869
0.0 4.221795082092285
0.0 4.272664546966553
0.0 4.354526519775391
0.0 4.4406280517578125
0.0 4.464437484741211
0.0 4.5300750732421875
0.0 4.799030303955078
0.0 5.095404624938965
0.0 5.1943769454956055
0.0 5.337878227233887
0.0 5.432075023651123
0.0 5.4555983543396
0.0 5.544166088104248
0.0 5.638834476470947
0.0 5.713156223297119
0.0 5.723095417022705
0.0 6.29449462890625
0.0 6.366861820220947
0.0 6.422327041625977
0.0 6.462316513061523
0.0 6.690313816070557
0.0 6.717621803283691
0.0 6.766473770141602
0.0 6.848057746887207
0.0 7.332091331481934
0.0 7.339707851409912
0.0 7.382997989654541
0.0 7.49455451965332
0.0 7.507300853729248
0.0 7.6499223709106445
0.0 7.677874565124512
0.0 7.719520092010498
0.0 7.7514967918396
0.0 7.813999176025391
0.0 7.891194820404053
0.0 7.952822208404541
0.0 8.043931007385254
0.0 8.500065803527832
0.0 8.521954536437988
0.0 8.722760200500488
0.0 8.746989250183105
0.0 8.81635856628418
0.0 8.976201057434082
0.0 9.014211654663086
0.0 9.144879341125488
0.0 9.153406143188477
0.0 9.176379203796387
0.0 9.289786338806152
0.0 9.820024490356445
0.0 9.863831520080566
0.0 10.121431350708008
0.0 10.312854766845703
0.0 10.41758918762207
0.0 10.916767120361328
0.0 11.560746192932129
0.0 13.037274360656738
0.0 13.246722221374512
0.0 14.13365650177002
0.0 14.208409309387207
0.0 15.142797470092773
0.0 15.571547508239746
0.0 15.795601844787598
0.0 16.20224380493164
0.0 17.191913604736328
0.0 17.518701553344727
0.0 18.206260681152344
0.0 18.690526962280273
0.0 18.960968017578125
0.0 21.35657501220703
0.0 21.978357315063477
0.0 22.778827667236328
0.0 23.101470947265625
0.0 24.995296478271484
0.0 28.589962005615234
0.0 29.201677322387695
0.0 30.97942543029785
0.0 32.24701690673828
0.0 32.37908172607422
0.0 inf
57.45500946044922 58.5654296875
50.08442687988281 69.78368377685547
49.57466125488281 61.0614128112793
39.15274429321289 41.21744918823242
22.166587829589844 23.807580947875977
22.034605026245117 25.883071899414062
18.260845184326172 22.070322036743164
14.553709030151367 14.596177101135254
12.890386581420898 14.183475494384766
11.960272789001465 12.587357521057129
11.180398941040039 12.870604515075684
10.816058158874512 13.242440223693848
10.57692813873291 11.05530834197998
10.52367877960205 10.848730087280273
9.599782943725586 10.633398056030273
9.293086051940918 9.60869026184082
9.202259063720703 9.972325325012207
8.902044296264648 10.920443534851074
8.852200508117676 9.801977157592773
8.52334213256836 9.052336692810059
8.395560264587402 8.585338592529297
7.971804141998291 8.719624519348145
7.606573104858398 8.60745620727539
7.493105888366699 9.132739067077637
7.41079568862915 8.464648246765137
7.116621494293213 9.238194465637207
