0.0 2.4547009468078613
0.0 3.13724684715271
0.0 4.346087455749512
0.0 5.38930606842041
0.0 5.604198932647705
0.0 5.605081558227539
0.0 5.768206596374512
0.0 5.957772731781006
0.0 5.962660312652588
0.0 6.284939289093018
0.0 6.335968494415283
0.0 6.372517108917236
0.0 6.719847202301025
0.0 6.995053291320801
0.0 7.187656402587891
0.0 7.471240997314453
0.0 7.559186935424805
0.0 7.584502220153809
0.0 7.596287727355957
0.0 7.613168716430664
0.0 7.666481018066406
0.0 7.742539405822754
0.0 7.8293137550354
0.0 7.862111568450928
0.0 8.049818992614746
0.0 8.144108772277832
0.0 8.166199684143066
0.0 8.269294738769531
0.0 8.347631454467773
0.0 8.404569625854492
0.0 8.487528800964355
0.0 8.537524223327637
0.0 8.550337791442871
0.0 8.582188606262207
0.0 8.802229881286621
0.0 8.85368824005127
0.0 8.87501049041748
0.0 8.992792129516602
0.0 9.144712448120117
0.0 9.211246490478516
0.0 9.395770072937012
0.0 9.4488525390625
0.0 9.584784507751465
0.0 9.877357482910156
0.0 10.116205215454102
0.0 10.139288902282715
0.0 10.248260498046875
0.0 10.252218246459961
0.0 10.51168441772461
0.0 10.799225807189941
0.0 10.851271629333496
0.0 10.932147979736328
0.0 10.990500450134277
0.0 11.214807510375977
0.0 11.823832511901855
0.0 12.14873218536377
0.0 12.621306419372559
0.0 12.649181365966797
0.0 12.704401969909668
0.0 12.709431648254395
0.0 13.240532875061035
0.0 13.825034141540527
0.0 14.551048278808594
0.0 15.433873176574707
0.0 16.725265502929688
0.0 17.62909507751465
0.0 18.49330711364746
0.0 18.983943939208984
0.0 19.636486053466797
0.0 20.54307746887207
0.0 21.25091552734375
0.0 21.997352600097656
0.0 22.55462646484375
0.0 23.872861862182617
0.0 24.014923095703125
0.0 24.36276626586914
0.0 27.367931365966797
0.0 27.464269638061523
0.0 28.51786994934082
0.0 29.43699836730957
0.0 30.780548095703125
0.0 inf
38.86025619506836 60.73221969604492
37.068199157714844 57.98991775512695
30.79463005065918 37.6314582824707
21.665231704711914 27.542375564575195
17.60759162902832 18.214763641357422
16.637935638427734 19.974544525146484
15.468026161193848 19.880891799926758
15.38991928100586 17.003904342651367
14.979290008544922 15.858682632446289
14.81106185913086 16.59606170654297
13.291569709777832 16.925729751586914
12.542891502380371 12.642295837402344
11.298189163208008 13.482467651367188
10.584579467773438 13.014525413513184
10.377158164978027 11.963342666625977
9.41368293762207 13.420295715332031
8.402734756469727 10.252618789672852
8.239324569702148 9.999176979064941
7.757541179656982 9.350042343139648
