0.0 1.2369837760925293
0.0 1.3589158058166504
0.0 2.3836090564727783
0.0 3.2777857780456543
0.0 3.70080304145813
0.0 4.247877597808838
0.0 4.371438503265381
0.0 4.602003574371338
0.0 4.902333736419678
0.0 5.352268218994141
0.0 5.402266979217529
0.0 5.414726257324219
0.0 5.71491813659668
0.0 6.216712951660156
0.0 6.288021564483643
0.0 6.292328834533691
0.0 6.325517654418945
0.0 6.407444953918457
0.0 6.508426189422607
0.0 6.586485862731934
0.0 6.710476398468018
0.0 6.790523529052734
0.0 6.937854766845703
0.0 7.152462482452393
0.0 7.301310062408447
0.0 7.3958353996276855
0.0 7.525885105133057
0.0 7.564463138580322
0.0 7.772114276885986
0.0 8.000812530517578
0.0 8.002134323120117
0.0 8.059892654418945
0.0 8.108827590942383
0.0 8.272005081176758
0.0 8.277112007141113
0.0 8.344003677368164
0.0 8.365629196166992
0.0 8.428040504455566
0.0 8.467270851135254
0.0 8.471426963806152
0.0 8.492921829223633
0.0 8.532083511352539
0.0 8.553881645202637
0.0 8.578018188476562
0.0 9.03784465789795
0.0 9.222448348999023
0.0 9.589171409606934
0.0 9.632568359375
0.0 9.922656059265137
0.0 9.95869255065918
0.0 10.055132865905762
0.0 10.515239715576172
0.0 10.683009147644043
0.0 10.793550491333008
0.0 11.164121627807617
0.0 11.555420875549316
0.0 12.050792694091797
0.0 12.244709014892578
0.0 12.6073579788208
0.0 12.663580894470215
0.0 12.951482772827148
0.0 14.35232162475586
0.0 14.497161865234375
0.0 14.617147445678711
0.0 17.514484405517578
0.0 18.179067611694336
0.0 18.547611236572266
0.0 19.715288162231445
0.0 20.352096557617188
0.0 20.730594635009766
0.0 20.873882293701172
0.0 21.497568130493164
0.0 21.967283248901367
0.0 22.01633071899414
0.0 26.35245132446289
0.0 26.64885139465332
0.0 27.059738159179688
0.0 27.893442153930664
0.0 30.010778427124023
0.0 30.155826568603516
0.0 32.97475051879883
0.0 inf
45.97340774536133 46.792728424072266
44.301841735839844 47.003536224365234
41.90215301513672 63.78273010253906
41.692726135253906 61.76509475708008
36.17195510864258 40.27048110961914
33.02522659301758 37.04837417602539
22.225765228271484 28.070472717285156
16.482955932617188 19.814987182617188
15.806437492370605 19.69710922241211
15.440603256225586 15.848592758178711
15.233678817749023 15.498712539672852
12.68198013305664 14.122673034667969
12.271350860595703 13.657259941101074
11.538261413574219 13.01549243927002
11.531569480895996 11.620278358459473
10.41034984588623 12.53079605102539
10.068685531616211 10.14270305633545
9.618698120117188 10.840780258178711
9.41356372833252 10.9475679397583
9.294453620910645 9.997777938842773
9.107275009155273 13.01866340637207
9.05905818939209 10.361917495727539
8.52071762084961 9.685873031616211
8.495978355407715 9.307235717773438
7.9417619705200195 9.801373481750488
7.576534748077393 10.136246681213379
7.576356887817383 9.805278778076172
