0.0 3.1429741382598877
0.0 3.4722864627838135
0.0 4.480050563812256
0.0 5.369410514831543
0.0 5.501000881195068
0.0 5.609996795654297
0.0 5.627506732940674
0.0 5.68426513671875
0.0 5.95924711227417
0.0 6.279873847961426
0.0 6.286026477813721
0.0 6.329453468322754
0.0 6.346744060516357
0.0 6.3640313148498535
0.0 6.485562801361084
0.0 6.548187732696533
0.0 6.716845512390137
0.0 6.74473762512207
0.0 6.756648540496826
0.0 6.974299907684326
0.0 6.9760637283325195
0.0 7.290879726409912
0.0 7.374845504760742
0.0 7.450484752655029
0.0 7.491065979003906
0.0 7.609939098358154
0.0 7.852054595947266
0.0 7.852426052093506
0.0 8.146624565124512
0.0 8.16681957244873
0.0 8.270398139953613
0.0 8.404459953308105
0.0 8.438617706298828
0.0 8.453502655029297
0.0 8.506027221679688
0.0 8.701866149902344
0.0 8.914421081542969
0.0 8.965276718139648
0.0 9.021944046020508
0.0 9.140934944152832
0.0 9.205158233642578
0.0 9.215432167053223
0.0 9.39081859588623
0.0 9.401569366455078
0.0 9.583756446838379
0.0 9.707898139953613
0.0 9.911299705505371
0.0 10.055268287658691
0.0 10.322647094726562
0.0 10.471758842468262
0.0 10.826674461364746
0.0 10.950512886047363
0.0 10.959711074829102
0.0 11.632648468017578
0.0 11.746197700500488
0.0 11.845450401306152
0.0 12.65134048461914
0.0 12.808265686035156
0.0 12.895997047424316
0.0 13.651052474975586
0.0 14.155899047851562
0.0 14.811190605163574
0.0 15.190091133117676
0.0 15.757637023925781
0.0 16.794387817382812
0.0 17.47015953063965
0.0 19.629621505737305
0.0 19.720867156982422
0.0 19.81549644470215
0.0 19.862449645996094
0.0 21.19786262512207
0.0 22.090656280517578
0.0 22.79128646850586
0.0 24.321714401245117
0.0 24.758241653442383
0.0 25.02666664123535
0.0 26.063838958740234
0.0 26.600849151611328
0.0 28.743144989013672
0.0 30.249927520751953
0.0 31.262720108032227
0.0 inf
37.411720275878906 60.245845794677734
35.73606872558594 57.82463073730469
32.81917953491211 39.158409118652344
20.891481399536133 28.10020637512207
19.625017166137695 20.41646957397461
18.592220306396484 18.651702880859375
17.590402603149414 17.748790740966797
17.552419662475586 20.37099838256836
16.691143035888672 19.830068588256836
15.711187362670898 16.859249114990234
14.242000579833984 16.380430221557617
13.42827033996582 17.477523803710938
10.954195976257324 13.30042552947998
10.587128639221191 10.698853492736816
10.43947982788086 12.085186958312988
10.172955513000488 10.182852745056152
9.269672393798828 10.535745620727539
8.717584609985352 11.17696762084961
8.663188934326172 8.989006042480469
8.473128318786621 11.062344551086426
8.382247924804688 10.256505966186523
7.705841541290283 9.014135360717773
7.521909713745117 9.7433443069458
