0.0 4.652915954589844
0.0 4.93787145614624
0.0 5.2715888023376465
0.0 5.40971040725708
0.0 5.419973373413086
0.0 5.786399841308594
0.0 6.133656024932861
0.0 6.2862138748168945
0.0 6.5463128089904785
0.0 6.578843593597412
0.0 6.662231922149658
0.0 6.870506763458252
0.0 6.911581039428711
0.0 6.946839332580566
0.0 6.9826340675354
0.0 7.16123104095459
0.0 7.316767692565918
0.0 7.3901286125183105
0.0 7.4298295974731445
0.0 7.55695915222168
0.0 7.585384368896484
0.0 7.598602294921875
0.0 8.066019058227539
0.0 8.078376770019531
0.0 8.121332168579102
0.0 8.303193092346191
0.0 8.308367729187012
0.0 8.383816719055176
0.0 8.400832176208496
0.0 8.4124116897583
0.0 8.540069580078125
0.0 8.650718688964844
0.0 8.763077735900879
0.0 8.899219512939453
0.0 8.948163986206055
0.0 9.173599243164062
0.0 9.26013469696045
0.0 9.271688461303711
0.0 9.40199089050293
0.0 9.40243911743164
0.0 9.414901733398438
0.0 9.537785530090332
0.0 9.593084335327148
0.0 9.676633834838867
0.0 9.691131591796875
0.0 9.864270210266113
0.0 10.08435344696045
0.0 10.16409683227539
0.0 10.168216705322266
0.0 10.26227855682373
0.0 10.488718032836914
0.0 10.524087905883789
0.0 11.095635414123535
0.0 11.178752899169922
0.0 11.654311180114746
0.0 11.71362018585205
0.0 12.113704681396484
0.0 13.841961860656738
0.0 13.862175941467285
0.0 14.151597023010254
0.0 14.351985931396484
0.0 14.761636734008789
0.0 15.152530670166016
0.0 16.01457405090332
0.0 16.34223175048828
0.0 16.371305465698242
0.0 17.382394790649414
0.0 18.19359588623047
0.0 18.256383895874023
0.0 18.342153549194336
0.0 18.45878791809082
0.0 18.573101043701172
0.0 23.7133846282959
0.0 25.203275680541992
0.0 25.697484970092773
0.0 26.329017639160156
0.0 27.38304901123047
0.0 27.51013946533203
0.0 28.707881927490234
0.0 32.18212890625
0.0 33.80320358276367
0.0 inf
39.6043815612793 64.14297485351562
34.8368034362793 65.55528259277344
19.427045822143555 23.227502822875977
18.299802780151367 22.54297637939453
16.935935974121094 17.605602264404297
16.433162689208984 21.828540802001953
14.322047233581543 14.950465202331543
13.556135177612305 14.259456634521484
13.01777172088623 13.461962699890137
12.587384223937988 13.137604713439941
11.563454627990723 13.261362075805664
11.049205780029297 12.593921661376953
10.935118675231934 13.674206733703613
10.899590492248535 12.823659896850586
10.805259704589844 14.676970481872559
10.723624229431152 11.901688575744629
10.2393798828125 15.333449363708496
9.947504043579102 10.653554916381836
9.520720481872559 10.548161506652832
9.372832298278809 11.052977561950684
8.401857376098633 9.48757553100586
8.208036422729492 10.330465316772461
8.034090995788574 9.239007949829102
