0.0 1.304360270500183
0.0 1.4266858100891113
0.0 2.4501583576202393
0.0 4.551091194152832
0.0 5.068329334259033
0.0 5.077395439147949
0.0 5.204043865203857
0.0 5.371199131011963
0.0 5.420798301696777
0.0 5.620710849761963
0.0 5.6573710441589355
0.0 5.679927825927734
0.0 5.916219711303711
0.0 5.992804527282715
0.0 6.047573566436768
0.0 6.349493503570557
0.0 6.3540358543396
0.0 6.3839216232299805
0.0 6.479142665863037
0.0 6.501134395599365
0.0 6.59760046005249
0.0 6.741633415222168
0.0 6.868741035461426
0.0 7.200887203216553
0.0 7.22977876663208
0.0 7.5090508460998535
0.0 7.509138107299805
0.0 7.545032501220703
0.0 7.5922722816467285
0.0 7.601095199584961
0.0 7.637628555297852
0.0 7.708053112030029
0.0 8.048273086547852
0.0 8.087576866149902
0.0 8.344125747680664
0.0 8.37419605255127
0.0 8.414220809936523
0.0 8.485023498535156
0.0 8.537557601928711
0.0 8.640425682067871
0.0 8.81056022644043
0.0 8.926778793334961
0.0 8.94020938873291
0.0 8.989266395568848
0.0 9.040766716003418
0.0 9.302735328674316
0.0 9.448307991027832
0.0 9.466368675231934
0.0 9.553903579711914
0.0 9.767603874206543
0.0 10.251484870910645
0.0 10.440665245056152
0.0 10.451486587524414
0.0 11.039831161499023
0.0 11.097877502441406
0.0 11.25320816040039
0.0 11.360079765319824
0.0 11.9975004196167
0.0 13.224125862121582
0.0 13.451470375061035
0.0 13.58067798614502
0.0 14.044591903686523
0.0 14.245244979858398
0.0 14.46773910522461
0.0 14.499217987060547
0.0 16.373050689697266
0.0 17.103649139404297
0.0 19.046894073486328
0.0 20.629837036132812
0.0 20.99055290222168
0.0 21.740875244140625
0.0 23.07259750366211
0.0 23.459091186523438
0.0 23.929506301879883
0.0 24.521167755126953
0.0 24.990873336791992
0.0 25.1133975982666
0.0 26.699113845825195
0.0 26.945018768310547
0.0 27.770915985107422
0.0 33.12873077392578
0.0 inf
43.93977355957031 44.383914947509766
43.16618728637695 62.503475189208984
41.962745666503906 42.99228286743164
38.267005920410156 60.92341995239258
30.76296615600586 34.80314254760742
19.437179565429688 25.32266616821289
18.523849487304688 22.441158294677734
18.438068389892578 21.95094108581543
15.302996635437012 18.144031524658203
13.443679809570312 14.721210479736328
13.359889030456543 13.953588485717773
12.83675765991211 13.840580940246582
11.791642189025879 11.792709350585938
11.662823677062988 11.797364234924316
11.624669075012207 13.466404914855957
10.522789001464844 10.547796249389648
10.090168952941895 10.77025032043457
9.71074390411377 11.845823287963867
9.48891830444336 10.404194831848145
9.419831275939941 11.835705757141113
9.361178398132324 11.926393508911133
8.278823852539062 9.260139465332031
8.1045503616333 9.567819595336914
8.04932689666748 9.53288745880127
