0.0 1.2923592329025269
0.0 1.4603071212768555
0.0 2.8823678493499756
0.0 3.36858868598938
0.0 4.164425849914551
0.0 4.200689792633057
0.0 4.611352443695068
0.0 4.685674667358398
0.0 4.925214767456055
0.0 5.1896867752075195
0.0 5.472026348114014
0.0 5.540279388427734
0.0 5.990224838256836
0.0 6.394551753997803
0.0 6.497311592102051
0.0 6.60373592376709
0.0 6.685701847076416
0.0 6.826834678649902
0.0 6.844009876251221
0.0 6.905055046081543
0.0 7.080610752105713
0.0 7.293108940124512
0.0 7.3886637687683105
0.0 7.421460151672363
0.0 7.461655139923096
0.0 7.508302211761475
0.0 7.656725883483887
0.0 7.6982011795043945
0.0 7.745166301727295
0.0 7.797451019287109
0.0 7.842146396636963
0.0 7.880262851715088
0.0 7.949712753295898
0.0 8.128360748291016
0.0 8.157649040222168
0.0 8.350807189941406
0.0 8.419132232666016
0.0 8.496366500854492
0.0 8.528907775878906
0.0 8.550841331481934
0.0 8.59793472290039
0.0 8.625080108642578
0.0 8.844964981079102
0.0 8.92691421508789
0.0 9.147171974182129
0.0 9.212055206298828
0.0 9.357064247131348
0.0 9.58176040649414
0.0 9.679328918457031
0.0 10.257786750793457
0.0 10.349079132080078
0.0 10.474773406982422
0.0 10.596880912780762
0.0 10.603716850280762
0.0 10.89840316772461
0.0 11.162256240844727
0.0 11.207529067993164
0.0 11.813637733459473
0.0 12.174811363220215
0.0 12.581218719482422
0.0 13.762414932250977
0.0 14.059866905212402
0.0 14.139737129211426
0.0 14.403946876525879
0.0 14.897226333618164
0.0 15.216877937316895
0.0 16.812297821044922
0.0 17.44578742980957
0.0 18.6572265625
0.0 19.126720428466797
0.0 19.574390411376953
0.0 19.703128814697266
0.0 22.586668014526367
0.0 22.767919540405273
0.0 25.532930374145508
0.0 26.083770751953125
0.0 27.623985290527344
0.0 27.770782470703125
0.0 29.70198631286621
0.0 31.861589431762695
0.0 35.62123489379883
0.0 inf
40.10399627685547 41.338958740234375
38.63065719604492 63.07024002075195
36.61494827270508 38.108524322509766
36.095726013183594 61.51790237426758
33.141292572021484 35.149139404296875
19.33203887939453 21.48674774169922
17.482511520385742 24.7097110748291
17.433366775512695 22.103715896606445
15.689794540405273 16.81744384765625
14.821949005126953 17.324411392211914
12.712909698486328 16.04078483581543
11.695499420166016 11.915633201599121
11.461673736572266 11.9335355758667
11.296747207641602 13.27761173248291
10.974979400634766 11.481709480285645
10.352256774902344 13.079471588134766
9.661688804626465 11.672646522521973
9.542149543762207 12.644286155700684
9.532828330993652 10.313821792602539
9.397260665893555 11.693536758422852
9.286689758300781 9.367647171020508
9.257636070251465 9.679110527038574
8.45221996307373 9.787507057189941
7.54691743850708 8.823935508728027
