0.0 1.172223448753357
0.0 1.237414002418518
0.0 1.3005955219268799
0.0 3.484997510910034
0.0 3.9838755130767822
0.0 4.675234317779541
0.0 5.129818916320801
0.0 5.268226146697998
0.0 5.350118637084961
0.0 5.51453161239624
0.0 5.789782524108887
0.0 5.794965744018555
0.0 5.880353927612305
0.0 5.9632248878479
0.0 6.327620506286621
0.0 6.522507667541504
0.0 7.085453033447266
0.0 7.125934600830078
0.0 7.349181652069092
0.0 7.361044406890869
0.0 7.413700103759766
0.0 7.460083484649658
0.0 7.5883026123046875
0.0 7.603187561035156
0.0 7.7446088790893555
0.0 7.766354560852051
0.0 7.7693681716918945
0.0 7.77772331237793
0.0 7.782511234283447
0.0 7.822000026702881
0.0 8.010139465332031
0.0 8.12533950805664
0.0 8.310681343078613
0.0 8.390865325927734
0.0 8.395612716674805
0.0 8.466486930847168
0.0 8.469107627868652
0.0 8.481966018676758
0.0 8.550222396850586
0.0 8.558767318725586
0.0 8.566929817199707
0.0 9.095376014709473
0.0 9.264028549194336
0.0 9.310876846313477
0.0 9.313308715820312
0.0 9.352140426635742
0.0 9.658622741699219
0.0 9.82237434387207
0.0 10.063216209411621
0.0 10.22706413269043
0.0 10.588859558105469
0.0 10.808006286621094
0.0 10.983447074890137
0.0 10.98989200592041
0.0 11.208626747131348
0.0 11.470711708068848
0.0 11.882761001586914
0.0 12.157270431518555
0.0 12.159330368041992
0.0 13.260658264160156
0.0 13.748356819152832
0.0 14.14780330657959
0.0 14.365659713745117
0.0 15.413330078125
0.0 16.115793228149414
0.0 16.26592254638672
0.0 16.325605392456055
0.0 16.850587844848633
0.0 17.124727249145508
0.0 17.668352127075195
0.0 17.965124130249023
0.0 19.059316635131836
0.0 20.645824432373047
0.0 26.04528045654297
0.0 26.585861206054688
0.0 26.706026077270508
0.0 27.60967445373535
0.0 28.569223403930664
0.0 28.98992347717285
0.0 29.977140426635742
0.0 35.693172454833984
0.0 inf
52.447757720947266 55.1450309753418
49.719974517822266 54.62413024902344
42.48731994628906 64.5385513305664
42.18820571899414 60.724300384521484
36.68999099731445 39.436798095703125
35.73836898803711 35.94660568237305
18.55044937133789 22.990253448486328
17.431520462036133 22.025150299072266
16.997018814086914 18.73740005493164
16.44902801513672 19.53384780883789
15.630759239196777 16.96554946899414
15.250936508178711 15.311511993408203
13.157392501831055 14.196246147155762
12.019564628601074 14.048699378967285
10.940736770629883 12.359491348266602
10.659285545349121 11.110657691955566
10.174003601074219 12.687795639038086
9.901418685913086 11.009824752807617
9.624994277954102 11.132058143615723
9.60683822631836 12.566436767578125
9.518926620483398 9.688791275024414
9.490339279174805 10.369683265686035
9.318723678588867 13.181591033935547
8.910421371459961 10.08211612701416
8.778298377990723 10.731243133544922
8.685476303100586 11.229572296142578
8.341582298278809 9.713242530822754
8.333386421203613 8.590730667114258
7.819367408752441 9.92055606842041
