0.0 3.122821807861328
0.0 4.296843528747559
0.0 5.592342853546143
0.0 5.600539684295654
0.0 5.685522079467773
0.0 5.967634677886963
0.0 6.1662516593933105
0.0 6.248688220977783
0.0 6.2913689613342285
0.0 6.3039774894714355
0.0 6.586695194244385
0.0 6.5884552001953125
0.0 6.594379901885986
0.0 6.594712734222412
0.0 7.037026882171631
0.0 7.190293312072754
0.0 7.348743915557861
0.0 7.362054347991943
0.0 7.473699569702148
0.0 7.475184440612793
0.0 7.568699359893799
0.0 7.598362445831299
0.0 7.601109981536865
0.0 7.694602966308594
0.0 7.869524002075195
0.0 8.00371265411377
0.0 8.153217315673828
0.0 8.414878845214844
0.0 8.436224937438965
0.0 8.525459289550781
0.0 8.529335975646973
0.0 8.53157901763916
0.0 8.538055419921875
0.0 8.647331237792969
0.0 9.056511878967285
0.0 9.104279518127441
0.0 9.36336612701416
0.0 9.399476051330566
0.0 9.470287322998047
0.0 9.481815338134766
0.0 9.550521850585938
0.0 9.566285133361816
0.0 9.612445831298828
0.0 9.79804801940918
0.0 9.849770545959473
0.0 10.118304252624512
0.0 10.12985610961914
0.0 10.180788040161133
0.0 10.512825012207031
0.0 10.59842300415039
0.0 10.638843536376953
0.0 10.659740447998047
0.0 10.959705352783203
0.0 11.034525871276855
0.0 11.050227165222168
0.0 11.656877517700195
0.0 12.44329833984375
0.0 12.611987113952637
0.0 13.084019660949707
0.0 13.209900856018066
0.0 13.210049629211426
0.0 13.491556167602539
0.0 15.158513069152832
0.0 15.891307830810547
0.0 17.649324417114258
0.0 18.367080688476562
0.0 19.4091796875
0.0 20.315887451171875
0.0 20.679929733276367
0.0 20.734098434448242
0.0 21.487634658813477
0.0 22.101566314697266
0.0 22.79929542541504
0.0 23.001605987548828
0.0 24.502117156982422
0.0 25.50429916381836
0.0 25.51807403564453
0.0 26.20366668701172
0.0 28.437210083007812
0.0 29.56723403930664
0.0 30.07912254333496
0.0 inf
42.286842346191406 57.83633804321289
37.29220199584961 38.07830810546875
37.22146987915039 62.68033981323242
34.917274475097656 39.92082214355469
22.490659713745117 28.070302963256836
20.97112464904785 21.76436424255371
20.772804260253906 21.326387405395508
16.675722122192383 19.449541091918945
16.615312576293945 19.94603729248047
15.27812671661377 15.721652030944824
13.805996894836426 15.286210060119629
13.70793628692627 14.253337860107422
13.396556854248047 15.407286643981934
11.66010570526123 11.784419059753418
11.582079887390137 11.974748611450195
11.53212833404541 11.84705638885498
11.318615913391113 12.923124313354492
10.990242958068848 13.724613189697266
10.533015251159668 13.378018379211426
10.42933464050293 11.654304504394531
10.40177059173584 15.868050575256348
10.160992622375488 13.517876625061035
8.606846809387207 8.984832763671875
8.591546058654785 10.611665725708008
7.666118621826172 9.017244338989258
