0.0 2.4379968643188477
0.0 3.1398675441741943
0.0 4.437296390533447
0.0 5.270341396331787
0.0 5.564807891845703
0.0 6.057914733886719
0.0 6.218449115753174
0.0 6.295204162597656
0.0 6.35678768157959
0.0 6.588839530944824
0.0 6.6029462814331055
0.0 6.686020374298096
0.0 6.9953083992004395
0.0 7.1311516761779785
0.0 7.155028820037842
0.0 7.328787326812744
0.0 7.4818925857543945
0.0 7.52321195602417
0.0 7.559141159057617
0.0 7.5891523361206055
0.0 7.620997428894043
0.0 7.711848735809326
0.0 7.718972682952881
0.0 7.805920600891113
0.0 7.867417812347412
0.0 8.040836334228516
0.0 8.145339965820312
0.0 8.26740837097168
0.0 8.304161071777344
0.0 8.384778022766113
0.0 8.438616752624512
0.0 8.513282775878906
0.0 8.575071334838867
0.0 8.579668998718262
0.0 8.612231254577637
0.0 8.793567657470703
0.0 8.84730339050293
0.0 8.87334156036377
0.0 9.029522895812988
0.0 9.217670440673828
0.0 9.444561004638672
0.0 9.481700897216797
0.0 9.668301582336426
0.0 9.870641708374023
0.0 9.902798652648926
0.0 9.965272903442383
0.0 10.15971565246582
0.0 10.254814147949219
0.0 10.257596969604492
0.0 10.613748550415039
0.0 10.783411979675293
0.0 10.890966415405273
0.0 10.92369270324707
0.0 10.984424591064453
0.0 11.323347091674805
0.0 11.60057544708252
0.0 12.602612495422363
0.0 12.688638687133789
0.0 12.6897611618042
0.0 12.844926834106445
0.0 13.367910385131836
0.0 13.916424751281738
0.0 14.332109451293945
0.0 15.406013488769531
0.0 16.63347625732422
0.0 16.861616134643555
0.0 17.67159652709961
0.0 18.522512435913086
0.0 20.385072708129883
0.0 20.676305770874023
0.0 22.20329475402832
0.0 22.26284408569336
0.0 22.37038803100586
0.0 23.93120002746582
0.0 24.04759979248047
0.0 25.310956954956055
0.0 26.247026443481445
0.0 28.390363693237305
0.0 28.47612953186035
0.0 29.4414119720459
0.0 31.32846450805664
0.0 inf
37.9482307434082 60.76472473144531
36.33746337890625 58.80617141723633
30.36545753479004 37.71906661987305
21.26165008544922 27.58720588684082
17.618518829345703 18.351913452148438
16.761173248291016 19.65317726135254
15.69185733795166 15.695842742919922
15.457498550415039 19.9787654876709
15.392865180969238 16.901168823242188
14.973833084106445 15.79289436340332
14.552102088928223 16.53252410888672
12.953790664672852 16.791385650634766
11.998213768005371 12.036006927490234
11.49897575378418 11.893820762634277
11.456132888793945 11.504351615905762
11.152989387512207 13.411555290222168
10.371146202087402 11.917102813720703
9.998323440551758 10.041691780090332
9.570230484008789 13.00674057006836
9.12928581237793 12.634958267211914
8.667865753173828 10.830154418945312
8.313854217529297 10.228261947631836
7.830451965332031 9.383513450622559
