0.0 1.261895775794983
0.0 1.290668249130249
0.0 2.767418622970581
0.0 3.46026611328125
0.0 3.488039970397949
0.0 3.9489071369171143
0.0 4.300479412078857
0.0 4.515861511230469
0.0 4.618640422821045
0.0 4.81722354888916
0.0 5.571776866912842
0.0 5.649688243865967
0.0 6.074023246765137
0.0 6.313023567199707
0.0 6.386548042297363
0.0 6.398828506469727
0.0 6.562540531158447
0.0 6.847823143005371
0.0 7.046533107757568
0.0 7.2073564529418945
0.0 7.270266532897949
0.0 7.34644079208374
0.0 7.3683295249938965
0.0 7.586258888244629
0.0 7.593864917755127
0.0 7.609827041625977
0.0 7.631523132324219
0.0 7.637937545776367
0.0 7.649484157562256
0.0 7.741952896118164
0.0 7.8822736740112305
0.0 7.916920185089111
0.0 8.081583976745605
0.0 8.250409126281738
0.0 8.26546859741211
0.0 8.316981315612793
0.0 8.37318229675293
0.0 8.537397384643555
0.0 8.546500205993652
0.0 8.56998062133789
0.0 8.592209815979004
0.0 8.632841110229492
0.0 8.686177253723145
0.0 8.780170440673828
0.0 8.78834342956543
0.0 8.94727611541748
0.0 9.138900756835938
0.0 9.163317680358887
0.0 9.367006301879883
0.0 9.943781852722168
0.0 10.250242233276367
0.0 10.267585754394531
0.0 10.518096923828125
0.0 10.75269603729248
0.0 10.986757278442383
0.0 11.423019409179688
0.0 11.671829223632812
0.0 11.83121109008789
0.0 12.678155899047852
0.0 13.063092231750488
0.0 13.692536354064941
0.0 14.0503511428833
0.0 14.197242736816406
0.0 15.31801700592041
0.0 16.61509132385254
0.0 17.607622146606445
0.0 18.510692596435547
0.0 19.052722930908203
0.0 20.667253494262695
0.0 20.887449264526367
0.0 21.724212646484375
0.0 21.872779846191406
0.0 23.119714736938477
0.0 23.85828971862793
0.0 25.37095069885254
0.0 25.53960418701172
0.0 27.140419006347656
0.0 28.46347999572754
0.0 30.215850830078125
0.0 31.139963150024414
0.0 31.716529846191406
0.0 inf
49.27151870727539 67.12034606933594
43.213829040527344 44.19992446899414
41.27003860473633 43.11204528808594
39.818416595458984 60.194889068603516
33.4344482421875 37.684715270996094
19.703113555908203 26.0779972076416
17.510826110839844 20.712345123291016
16.84402084350586 18.47222328186035
16.653581619262695 20.04326820373535
16.48480987548828 16.637571334838867
15.519796371459961 17.264820098876953
12.722508430480957 12.805498123168945
11.774309158325195 11.7898588180542
11.352313041687012 11.429681777954102
11.215776443481445 11.889058113098145
11.070318222045898 11.758094787597656
10.701899528503418 11.500703811645508
10.59815788269043 11.752913475036621
10.398909568786621 12.656272888183594
10.009134292602539 10.198661804199219
9.794905662536621 13.359515190124512
9.720151901245117 12.726093292236328
9.257736206054688 12.728949546813965
8.076284408569336 8.941468238830566
