0.0 3.422430992126465
0.0 4.223803520202637
0.0 4.426044940948486
0.0 4.8571977615356445
0.0 5.188370704650879
0.0 5.221052169799805
0.0 5.394649028778076
0.0 5.676605701446533
0.0 5.727427005767822
0.0 5.958950042724609
0.0 6.328907012939453
0.0 6.380166053771973
0.0 6.535195827484131
0.0 6.6353607177734375
0.0 6.86207389831543
0.0 6.901620388031006
0.0 7.197994709014893
0.0 7.362245082855225
0.0 7.403730392456055
0.0 7.4312639236450195
0.0 7.434635162353516
0.0 7.4939751625061035
0.0 7.513006687164307
0.0 7.524850368499756
0.0 7.526822090148926
0.0 7.537673473358154
0.0 7.625214099884033
0.0 7.675545692443848
0.0 8.243019104003906
0.0 8.262462615966797
0.0 8.28603744506836
0.0 8.394962310791016
0.0 8.418374061584473
0.0 8.528268814086914
0.0 8.539426803588867
0.0 8.568204879760742
0.0 8.648375511169434
0.0 8.701211929321289
0.0 8.759121894836426
0.0 8.929679870605469
0.0 9.02078914642334
0.0 9.025951385498047
0.0 9.340082168579102
0.0 9.461128234863281
0.0 9.465898513793945
0.0 9.606612205505371
0.0 9.642297744750977
0.0 9.662727355957031
0.0 9.732172966003418
0.0 9.929096221923828
0.0 9.951211929321289
0.0 10.245025634765625
0.0 10.38550090789795
0.0 11.40799617767334
0.0 11.49551773071289
0.0 11.753579139709473
0.0 12.389603614807129
0.0 12.779067993164062
0.0 12.961697578430176
0.0 13.173118591308594
0.0 13.308135986328125
0.0 13.575894355773926
0.0 15.129213333129883
0.0 15.784749984741211
0.0 16.194847106933594
0.0 17.399473190307617
0.0 17.535526275634766
0.0 17.554697036743164
0.0 18.301380157470703
0.0 19.908109664916992
0.0 20.595361709594727
0.0 21.440608978271484
0.0 23.28304100036621
0.0 24.10674476623535
0.0 24.797889709472656
0.0 26.175336837768555
0.0 26.227174758911133
0.0 26.59575843811035
0.0 28.08868408203125
0.0 30.701631546020508
0.0 32.03139877319336
0.0 inf
56.0086784362793 57.00027847290039
49.375423431396484 63.5751953125
36.19150924682617 57.760101318359375
19.731149673461914 20.972110748291016
19.614831924438477 23.010583877563477
17.502592086791992 24.3232364654541
17.351642608642578 18.969541549682617
15.811887741088867 17.0336856842041
15.451953887939453 15.946324348449707
14.683869361877441 16.951583862304688
13.97934341430664 15.721380233764648
13.934550285339355 14.886914253234863
12.047996520996094 12.685506820678711
11.593998908996582 13.036163330078125
11.287774085998535 11.93504810333252
10.909833908081055 13.977577209472656
10.676287651062012 12.800288200378418
10.52951717376709 11.85676097869873
10.166738510131836 10.533537864685059
9.546507835388184 11.214388847351074
9.41316032409668 10.87817096710205
8.70992374420166 9.954499244689941
8.645779609680176 10.386130332946777
8.530890464782715 10.424158096313477
8.32845401763916 9.393539428710938
7.822473526000977 10.561447143554688
