0.0 1.0825376510620117
0.0 1.1086169481277466
0.0 1.6299996376037598
0.0 2.1416397094726562
0.0 2.165729284286499
0.0 2.2228024005889893
0.0 4.781242847442627
0.0 4.996326446533203
0.0 5.526428699493408
0.0 5.603544235229492
0.0 5.737033367156982
0.0 5.807741641998291
0.0 6.190029621124268
0.0 6.208544731140137
0.0 6.300349712371826
0.0 6.338580131530762
0.0 6.362339973449707
0.0 6.374285697937012
0.0 6.422380447387695
0.0 6.4952287673950195
0.0 6.603764057159424
0.0 6.692475318908691
0.0 6.708653926849365
0.0 6.802694320678711
0.0 7.347935199737549
0.0 7.353419303894043
0.0 7.445250034332275
0.0 7.4542694091796875
0.0 7.521270275115967
0.0 7.578577518463135
0.0 8.002988815307617
0.0 8.022923469543457
0.0 8.186423301696777
0.0 8.418291091918945
0.0 8.420320510864258
0.0 8.514301300048828
0.0 8.736879348754883
0.0 8.794392585754395
0.0 8.838305473327637
0.0 8.932229042053223
0.0 9.435586929321289
0.0 9.502580642700195
0.0 9.520246505737305
0.0 9.757469177246094
0.0 9.76425838470459
0.0 9.770893096923828
0.0 9.789220809936523
0.0 9.843725204467773
0.0 9.88440990447998
0.0 10.481687545776367
0.0 10.619782447814941
0.0 10.729538917541504
0.0 10.994782447814941
0.0 11.137840270996094
0.0 11.272850036621094
0.0 11.64918041229248
0.0 12.81577205657959
0.0 12.872732162475586
0.0 13.511876106262207
0.0 13.61197566986084
0.0 13.612794876098633
0.0 13.703207015991211
0.0 14.775298118591309
0.0 15.518184661865234
0.0 15.96856689453125
0.0 16.507766723632812
0.0 16.620559692382812
0.0 17.685482025146484
0.0 18.279186248779297
0.0 18.9086856842041
0.0 19.135095596313477
0.0 21.299915313720703
0.0 23.99430274963379
0.0 25.114486694335938
0.0 27.245067596435547
0.0 28.11676597595215
0.0 29.00396728515625
0.0 29.319076538085938
0.0 30.818117141723633
0.0 31.47318458557129
0.0 35.779319763183594
0.0 inf
51.28532791137695 73.47412872314453
46.74248123168945 64.51133728027344
20.665132522583008 22.33993148803711
17.823740005493164 22.122739791870117
17.70216941833496 20.85542869567871
17.065460205078125 23.21195411682129
14.419662475585938 16.284934997558594
13.661966323852539 15.651875495910645
12.520868301391602 13.202228546142578
11.682597160339355 12.629366874694824
11.553178787231445 12.057211875915527
11.549164772033691 12.255393981933594
11.376790046691895 13.637198448181152
10.967446327209473 13.345688819885254
10.648184776306152 11.14975643157959
10.28294563293457 11.490578651428223
9.000617980957031 9.464388847351074
8.679976463317871 8.840086936950684
8.070389747619629 8.822431564331055
7.547374248504639 8.003406524658203
7.3577880859375 7.6367034912109375
