0.0 1.2772600650787354
0.0 1.2952123880386353
0.0 1.4001039266586304
0.0 3.224094867706299
0.0 3.3099541664123535
0.0 3.4113357067108154
0.0 4.536346912384033
0.0 4.677609443664551
0.0 4.944660663604736
0.0 5.42384147644043
0.0 5.607580661773682
0.0 5.672844409942627
0.0 5.7944769859313965
0.0 5.954808712005615
0.0 5.961801528930664
0.0 6.030206680297852
0.0 6.139540672302246
0.0 6.32798433303833
0.0 6.339010715484619
0.0 6.342495441436768
0.0 6.421089172363281
0.0 6.430492877960205
0.0 6.595480918884277
0.0 6.779151439666748
0.0 6.884576320648193
0.0 7.08324670791626
0.0 7.1247687339782715
0.0 7.3433661460876465
0.0 7.409739971160889
0.0 7.436959743499756
0.0 7.509045124053955
0.0 7.644222736358643
0.0 7.766030311584473
0.0 7.951272964477539
0.0 8.026772499084473
0.0 8.030474662780762
0.0 8.210640907287598
0.0 8.370763778686523
0.0 8.545896530151367
0.0 8.618305206298828
0.0 8.713873863220215
0.0 8.741065979003906
0.0 8.891051292419434
0.0 8.900906562805176
0.0 8.930892944335938
0.0 9.234358787536621
0.0 9.395885467529297
0.0 9.49594497680664
0.0 9.566407203674316
0.0 9.889562606811523
0.0 10.14523696899414
0.0 10.319095611572266
0.0 10.67912769317627
0.0 10.86744213104248
0.0 12.28674030303955
0.0 12.585436820983887
0.0 12.711580276489258
0.0 13.025946617126465
0.0 13.037590026855469
0.0 13.675240516662598
0.0 14.024897575378418
0.0 14.251509666442871
0.0 14.686809539794922
0.0 14.872830390930176
0.0 15.225190162658691
0.0 15.260303497314453
0.0 17.111103057861328
0.0 17.51251983642578
0.0 17.790504455566406
0.0 18.36332893371582
0.0 18.999107360839844
0.0 21.203205108642578
0.0 26.4733829498291
0.0 26.643644332885742
0.0 28.029827117919922
0.0 29.149160385131836
0.0 29.640512466430664
0.0 30.09788703918457
0.0 33.081298828125
0.0 34.349571228027344
0.0 39.611934661865234
0.0 inf
50.527015686035156 76.63695526123047
46.38334274291992 66.94613647460938
21.006290435791016 21.69277000427246
17.68283462524414 21.746065139770508
16.623674392700195 23.765735626220703
15.75960636138916 16.07378387451172
15.378801345825195 17.9742431640625
13.115645408630371 13.277715682983398
12.45096492767334 15.157509803771973
11.59913158416748 13.890534400939941
10.90964126586914 11.503445625305176
10.90618896484375 12.236117362976074
10.609909057617188 11.287399291992188
10.497719764709473 11.39638900756836
10.344244003295898 14.194734573364258
9.690567016601562 10.144728660583496
9.462833404541016 10.267908096313477
9.34400749206543 10.38570499420166
9.130240440368652 9.352190971374512
8.716408729553223 8.972999572753906
8.17275619506836 9.556265830993652
7.669677257537842 9.577136993408203
7.462087154388428 8.038559913635254
7.356246471405029 8.05735969543457
