0.0 3.5826148986816406
0.0 4.208767890930176
0.0 4.331648826599121
0.0 4.496533393859863
0.0 4.538428783416748
0.0 4.891049385070801
0.0 5.229048728942871
0.0 5.715481758117676
0.0 5.978344917297363
0.0 6.2546281814575195
0.0 6.342287540435791
0.0 6.425038814544678
0.0 6.612663269042969
0.0 6.616225242614746
0.0 6.858252048492432
0.0 6.975343704223633
0.0 7.26981782913208
0.0 7.361169338226318
0.0 7.445663928985596
0.0 7.495882987976074
0.0 7.601789474487305
0.0 7.6121344566345215
0.0 7.6771931648254395
0.0 7.697669506072998
0.0 7.755931854248047
0.0 7.7666473388671875
0.0 7.958148956298828
0.0 8.279695510864258
0.0 8.298958778381348
0.0 8.39146900177002
0.0 8.396170616149902
0.0 8.398978233337402
0.0 8.45891284942627
0.0 8.469536781311035
0.0 8.542072296142578
0.0 8.545209884643555
0.0 8.585136413574219
0.0 8.676871299743652
0.0 8.678637504577637
0.0 9.072665214538574
0.0 9.092223167419434
0.0 9.186256408691406
0.0 9.33289909362793
0.0 9.355968475341797
0.0 9.57706069946289
0.0 9.593074798583984
0.0 10.126298904418945
0.0 10.54330825805664
0.0 10.739899635314941
0.0 10.822172164916992
0.0 10.862763404846191
0.0 10.943201065063477
0.0 11.403297424316406
0.0 12.167618751525879
0.0 12.182470321655273
0.0 12.293956756591797
0.0 12.839228630065918
0.0 12.860918998718262
0.0 13.11801528930664
0.0 13.17109489440918
0.0 14.07344913482666
0.0 14.4345064163208
0.0 15.479270935058594
0.0 16.135723114013672
0.0 16.244491577148438
0.0 16.547163009643555
0.0 17.329057693481445
0.0 17.481861114501953
0.0 18.29303741455078
0.0 20.318941116333008
0.0 21.59816551208496
0.0 21.945837020874023
0.0 23.399120330810547
0.0 24.093730926513672
0.0 25.396697998046875
0.0 25.46296501159668
0.0 26.6219539642334
0.0 29.32380485534668
0.0 29.482725143432617
0.0 29.629497528076172
0.0 31.59389305114746
0.0 inf
47.86274337768555 52.59055709838867
45.1094970703125 58.13497543334961
35.709163665771484 60.664512634277344
19.48588752746582 23.5981388092041
17.80109977722168 20.941650390625
17.60813331604004 24.31598663330078
17.35615348815918 18.52416229248047
17.307369232177734 18.81380271911621
14.737224578857422 17.515684127807617
14.450467109680176 16.697912216186523
14.266223907470703 18.86358642578125
14.123337745666504 18.017921447753906
14.006693840026855 15.336116790771484
13.44782829284668 13.577476501464844
12.983567237854004 13.884831428527832
12.253190040588379 12.833012580871582
11.689516067504883 13.617964744567871
11.293373107910156 11.723012924194336
10.610007286071777 11.315218925476074
10.102083206176758 10.692831039428711
10.081840515136719 10.89071273803711
9.539697647094727 9.696556091308594
9.491583824157715 10.38415241241455
9.462774276733398 11.379372596740723
8.582863807678223 11.225785255432129
8.449469566345215 11.257994651794434
