0.0 1.1451442241668701
0.0 1.1666593551635742
0.0 1.3522263765335083
0.0 3.573340654373169
0.0 4.139559745788574
0.0 4.197676658630371
0.0 4.795660972595215
0.0 5.146608829498291
0.0 5.274384498596191
0.0 5.298519611358643
0.0 5.309537410736084
0.0 5.342214107513428
0.0 5.466877460479736
0.0 5.636904716491699
0.0 5.671504497528076
0.0 5.857741832733154
0.0 5.903775215148926
0.0 6.354847431182861
0.0 6.5108208656311035
0.0 6.516953945159912
0.0 6.54304838180542
0.0 6.58568000793457
0.0 6.807143211364746
0.0 7.127260684967041
0.0 7.3084516525268555
0.0 7.466582298278809
0.0 7.538609981536865
0.0 7.562535285949707
0.0 7.591097354888916
0.0 7.632830619812012
0.0 7.768765926361084
0.0 7.865428447723389
0.0 7.975321292877197
0.0 8.10006046295166
0.0 8.227014541625977
0.0 8.264912605285645
0.0 8.275275230407715
0.0 8.277878761291504
0.0 8.327740669250488
0.0 8.362302780151367
0.0 8.630767822265625
0.0 8.711496353149414
0.0 8.737920761108398
0.0 8.989594459533691
0.0 9.282482147216797
0.0 9.3531494140625
0.0 9.403334617614746
0.0 9.704874992370605
0.0 9.719324111938477
0.0 10.033724784851074
0.0 10.332772254943848
0.0 10.571499824523926
0.0 11.063437461853027
0.0 11.077047348022461
0.0 11.515408515930176
0.0 12.67071533203125
0.0 12.714012145996094
0.0 12.820167541503906
0.0 13.000711441040039
0.0 13.153115272521973
0.0 13.215775489807129
0.0 13.274417877197266
0.0 13.46269702911377
0.0 13.581685066223145
0.0 14.587601661682129
0.0 16.45301055908203
0.0 16.81060218811035
0.0 17.143856048583984
0.0 20.002531051635742
0.0 21.722070693969727
0.0 21.76938247680664
0.0 22.729707717895508
0.0 23.021705627441406
0.0 23.817707061767578
0.0 24.667827606201172
0.0 25.14243507385254
0.0 26.237136840820312
0.0 26.625173568725586
0.0 28.43934440612793
0.0 28.49846839904785
0.0 34.14768981933594
0.0 inf
45.7657585144043 46.11411666870117
44.49528121948242 62.5384521484375
39.30409240722656 61.76584243774414
36.97844314575195 39.18797302246094
34.528282165527344 37.474517822265625
19.18519401550293 26.29471206665039
18.344573974609375 21.104867935180664
17.459741592407227 20.563596725463867
16.062820434570312 18.19093132019043
14.504552841186523 14.69819450378418
14.14704418182373 16.367549896240234
13.695477485656738 15.712322235107422
11.390320777893066 13.626693725585938
11.032939910888672 11.557732582092285
10.252423286437988 11.700592994689941
10.250518798828125 10.306514739990234
10.011284828186035 12.615894317626953
9.90776252746582 13.97291374206543
9.4573392868042 11.277974128723145
8.768592834472656 10.318597793579102
8.34294319152832 10.509821891784668
8.270061492919922 8.580860137939453
7.901057243347168 8.774847030639648
7.568153381347656 8.74394702911377
