0.0 3.8817856311798096
0.0 3.966663360595703
0.0 4.245964527130127
0.0 4.343612194061279
0.0 4.348687648773193
0.0 4.393814563751221
0.0 4.961605548858643
0.0 5.018893241882324
0.0 5.07462215423584
0.0 5.258386135101318
0.0 5.350765228271484
0.0 5.618765830993652
0.0 6.077452659606934
0.0 6.180816173553467
0.0 6.285790920257568
0.0 6.302292346954346
0.0 6.327157974243164
0.0 6.331974506378174
0.0 6.352493762969971
0.0 6.419767379760742
0.0 6.441674709320068
0.0 6.4853129386901855
0.0 6.6450347900390625
0.0 6.689388751983643
0.0 7.271482467651367
0.0 7.294831275939941
0.0 7.3104071617126465
0.0 7.3617939949035645
0.0 7.375093460083008
0.0 7.379255771636963
0.0 7.397449493408203
0.0 7.416635036468506
0.0 8.008289337158203
0.0 8.207446098327637
0.0 8.293639183044434
0.0 8.358845710754395
0.0 8.429570198059082
0.0 8.431483268737793
0.0 8.509957313537598
0.0 8.546974182128906
0.0 8.680096626281738
0.0 8.686363220214844
0.0 8.812670707702637
0.0 9.12392520904541
0.0 9.14563274383545
0.0 9.445966720581055
0.0 9.456233978271484
0.0 9.50951862335205
0.0 9.762389183044434
0.0 10.135136604309082
0.0 10.277194023132324
0.0 10.299355506896973
0.0 11.267495155334473
0.0 11.428297996520996
0.0 11.619585037231445
0.0 11.78933048248291
0.0 12.395730972290039
0.0 12.849020004272461
0.0 13.059273719787598
0.0 13.388843536376953
0.0 13.892585754394531
0.0 15.354901313781738
0.0 16.03399085998535
0.0 16.114084243774414
0.0 16.497974395751953
0.0 17.423933029174805
0.0 17.60054588317871
0.0 18.63198471069336
0.0 18.684005737304688
0.0 19.75041389465332
0.0 20.12942886352539
0.0 20.411392211914062
0.0 22.31284523010254
0.0 24.599164962768555
0.0 24.80777931213379
0.0 24.84627342224121
0.0 25.071365356445312
0.0 26.07305335998535
0.0 29.053485870361328
0.0 30.923734664916992
0.0 33.847129821777344
0.0 inf
53.38142395019531 60.5709342956543
50.582096099853516 63.24650573730469
36.18028259277344 61.18453598022461
19.65758514404297 20.993261337280273
19.4852237701416 23.288576126098633
19.3690185546875 20.595441818237305
19.338464736938477 20.725807189941406
18.107852935791016 24.926136016845703
14.933491706848145 15.7277193069458
14.700675964355469 18.23988914489746
14.470035552978516 17.305770874023438
14.446791648864746 16.051902770996094
14.34223461151123 14.55524730682373
13.105616569519043 13.856135368347168
11.676261901855469 12.851943016052246
10.199226379394531 10.447591781616211
10.13602352142334 10.671072006225586
10.020675659179688 10.274110794067383
9.635769844055176 11.197759628295898
9.616706848144531 10.628181457519531
9.505818367004395 9.996545791625977
9.35266399383545 11.27243709564209
8.439520835876465 10.448927879333496
8.362107276916504 9.173466682434082
7.579357624053955 9.679059028625488
7.300187110900879 9.662252426147461
