0.0 1.0406790971755981
0.0 1.0461565256118774
0.0 1.0511482954025269
0.0 1.062406063079834
0.0 1.0757806301116943
0.0 1.0989091396331787
0.0 2.0902090072631836
0.0 2.135984420776367
0.0 2.632554292678833
0.0 4.280097484588623
0.0 4.285151481628418
0.0 5.055295944213867
0.0 5.360309600830078
0.0 5.60373592376709
0.0 5.67123556137085
0.0 5.679124355316162
0.0 5.868694305419922
0.0 6.080777168273926
0.0 6.323199272155762
0.0 6.354812145233154
0.0 6.4764275550842285
0.0 6.4883222579956055
0.0 6.489037990570068
0.0 6.636359214782715
0.0 6.636512756347656
0.0 6.638148784637451
0.0 6.954606056213379
0.0 6.957247257232666
0.0 7.018051624298096
0.0 7.036511421203613
0.0 7.227349281311035
0.0 7.249587059020996
0.0 7.250654697418213
0.0 7.288164138793945
0.0 7.328530788421631
0.0 7.513829708099365
0.0 7.5182390213012695
0.0 8.175318717956543
0.0 8.302338600158691
0.0 8.318501472473145
0.0 8.3408784866333
0.0 8.377301216125488
0.0 8.391302108764648
0.0 8.50749683380127
0.0 8.75605297088623
0.0 8.773714065551758
0.0 9.708633422851562
0.0 9.815537452697754
0.0 10.34493350982666
0.0 10.54694652557373
0.0 10.71234130859375
0.0 11.283052444458008
0.0 11.393816947937012
0.0 11.581130981445312
0.0 12.4983491897583
0.0 12.881335258483887
0.0 13.160804748535156
0.0 13.909028053283691
0.0 13.967952728271484
0.0 14.078272819519043
0.0 14.99626350402832
0.0 15.171814918518066
0.0 15.979070663452148
0.0 16.499895095825195
0.0 17.107301712036133
0.0 17.431970596313477
0.0 17.960208892822266
0.0 19.895387649536133
0.0 20.6832275390625
0.0 20.906482696533203
0.0 22.985605239868164
0.0 23.06728172302246
0.0 23.848909378051758
0.0 24.068838119506836
0.0 24.956174850463867
0.0 25.06570816040039
0.0 26.157495498657227
0.0 26.297956466674805
0.0 28.71539878845215
0.0 28.864891052246094
0.0 30.32826805114746
0.0 inf
42.219417572021484 42.22956848144531
41.84200668334961 69.84527587890625
38.7316780090332 62.856929779052734
38.44001770019531 39.34862518310547
30.448436737060547 37.329505920410156
20.016359329223633 26.06571388244629
19.137542724609375 19.538572311401367
18.745080947875977 20.70121955871582
18.736223220825195 18.869853973388672
18.733787536621094 21.466421127319336
18.586904525756836 21.55537986755371
18.555421829223633 22.130483627319336
17.8514347076416 20.274330139160156
17.322187423706055 18.379846572875977
12.073932647705078 12.699399948120117
10.86644458770752 10.97982120513916
9.74177074432373 11.244288444519043
9.290136337280273 10.9322509765625
9.005143165588379 10.615675926208496
8.560394287109375 11.811202049255371
8.456914901733398 9.255775451660156
8.43058967590332 8.496066093444824
8.380343437194824 8.979134559631348
8.346025466918945 8.428215980529785
7.732439041137695 9.341886520385742
