0.0 4.410839080810547
0.0 4.848542213439941
0.0 5.269322872161865
0.0 5.427005290985107
0.0 5.729907035827637
0.0 5.735164165496826
0.0 5.744001865386963
0.0 5.7568511962890625
0.0 5.907801628112793
0.0 6.02566385269165
0.0 6.275423049926758
0.0 6.402900695800781
0.0 6.445843696594238
0.0 6.60939884185791
0.0 6.656228542327881
0.0 6.6863908767700195
0.0 6.791099548339844
0.0 6.8723626136779785
0.0 6.962391376495361
0.0 6.975368499755859
0.0 6.992774486541748
0.0 7.095332622528076
0.0 7.189416408538818
0.0 7.29128885269165
0.0 7.308874130249023
0.0 7.351608753204346
0.0 7.387320041656494
0.0 7.4312005043029785
0.0 7.458240509033203
0.0 7.484523773193359
0.0 7.549500465393066
0.0 7.7711663246154785
0.0 7.81462287902832
0.0 7.944835186004639
0.0 7.97987699508667
0.0 7.982614517211914
0.0 8.206449508666992
0.0 8.214427947998047
0.0 8.260068893432617
0.0 8.348063468933105
0.0 8.37309455871582
0.0 8.383992195129395
0.0 8.417173385620117
0.0 8.452179908752441
0.0 8.457213401794434
0.0 8.459582328796387
0.0 8.467190742492676
0.0 8.494404792785645
0.0 8.503519058227539
0.0 8.504292488098145
0.0 8.61130142211914
0.0 8.727583885192871
0.0 9.280531883239746
0.0 9.84228229522705
0.0 10.504606246948242
0.0 10.705904006958008
0.0 11.219161033630371
0.0 11.519620895385742
0.0 11.527130126953125
0.0 12.262722969055176
0.0 12.458240509033203
0.0 12.83780574798584
0.0 14.452713012695312
0.0 14.71241283416748
0.0 15.93558120727539
0.0 17.75517463684082
0.0 18.386152267456055
0.0 18.623231887817383
0.0 20.237598419189453
0.0 20.977365493774414
0.0 21.14285659790039
0.0 21.82423973083496
0.0 22.10871124267578
0.0 26.614486694335938
0.0 27.793001174926758
0.0 28.047672271728516
0.0 29.402803421020508
0.0 30.863645553588867
0.0 30.97542953491211
0.0 31.263811111450195
0.0 35.252925872802734
0.0 inf
50.21367645263672 71.29961395263672
47.405555725097656 77.7626953125
19.583372116088867 22.651546478271484
18.196453094482422 27.124671936035156
17.914405822753906 21.20193862915039
14.640642166137695 14.962362289428711
14.191333770751953 14.91563892364502
13.139460563659668 14.378273010253906
13.072050094604492 14.422636032104492
10.458111763000488 12.550450325012207
10.443069458007812 11.897459030151367
10.271492958068848 11.628418922424316
9.813973426818848 11.98604965209961
9.605966567993164 12.576117515563965
9.556499481201172 10.322609901428223
9.514849662780762 10.601085662841797
9.251620292663574 10.16187858581543
9.124327659606934 10.458436965942383
9.071070671081543 10.339008331298828
9.02099609375 9.910682678222656
9.011309623718262 9.210350036621094
8.834909439086914 9.665752410888672
8.745779037475586 10.525357246398926
8.723718643188477 11.456771850585938
8.403814315795898 10.086837768554688
8.397560119628906 10.294926643371582
8.358290672302246 9.649016380310059
8.006280899047852 8.602035522460938
