0.0 1.1798099279403687
0.0 1.2412550449371338
0.0 1.2962843179702759
0.0 3.5464792251586914
0.0 3.97904372215271
0.0 4.229206562042236
0.0 4.610464572906494
0.0 4.901869773864746
0.0 5.3805108070373535
0.0 5.404523849487305
0.0 5.726021766662598
0.0 5.900333881378174
0.0 5.922987937927246
0.0 6.221044540405273
0.0 6.2354865074157715
0.0 6.601377010345459
0.0 7.159566402435303
0.0 7.16801643371582
0.0 7.360172748565674
0.0 7.366311550140381
0.0 7.438480854034424
0.0 7.452699184417725
0.0 7.492403507232666
0.0 7.617602348327637
0.0 7.656322002410889
0.0 7.656583309173584
0.0 7.656856536865234
0.0 7.661291122436523
0.0 7.779808521270752
0.0 7.792362689971924
0.0 7.881321430206299
0.0 7.994167804718018
0.0 8.043533325195312
0.0 8.311453819274902
0.0 8.375025749206543
0.0 8.394811630249023
0.0 8.407326698303223
0.0 8.40797233581543
0.0 8.489189147949219
0.0 8.496874809265137
0.0 8.561548233032227
0.0 8.574908256530762
0.0 9.27103042602539
0.0 9.327276229858398
0.0 9.34443473815918
0.0 9.432449340820312
0.0 9.675798416137695
0.0 9.808965682983398
0.0 10.20300579071045
0.0 10.232699394226074
0.0 10.497604370117188
0.0 10.683967590332031
0.0 10.777332305908203
0.0 10.786104202270508
0.0 11.396060943603516
0.0 11.514389038085938
0.0 11.99747085571289
0.0 12.333648681640625
0.0 12.40373706817627
0.0 13.120940208435059
0.0 13.276239395141602
0.0 13.937029838562012
0.0 14.512442588806152
0.0 15.401910781860352
0.0 16.113554000854492
0.0 16.672435760498047
0.0 16.899019241333008
0.0 17.288652420043945
0.0 17.55402374267578
0.0 17.98561668395996
0.0 18.127281188964844
0.0 18.255306243896484
0.0 19.07221794128418
0.0 24.917482376098633
0.0 24.922922134399414
0.0 26.73102378845215
0.0 27.952733993530273
0.0 28.67172622680664
0.0 29.92352867126465
0.0 30.899885177612305
0.0 36.09248352050781
0.0 inf
51.50571060180664 56.133544921875
50.528804779052734 53.88003921508789
43.16788864135742 59.5140495300293
41.465641021728516 63.02086639404297
37.207420349121094 40.182350158691406
33.13477325439453 36.86707305908203
18.558147430419922 22.96794319152832
17.71442222595215 21.1690616607666
17.011478424072266 19.153881072998047
16.485939025878906 19.636756896972656
16.29207992553711 16.813493728637695
15.13991928100586 16.036684036254883
14.154316902160645 14.907038688659668
12.99960994720459 14.773636817932129
10.569587707519531 11.87356185913086
10.14033031463623 12.680621147155762
9.892247200012207 10.979741096496582
9.806865692138672 10.36388874053955
9.622906684875488 10.337058067321777
9.577922821044922 10.347779273986816
9.520316123962402 9.686649322509766
9.409790992736816 12.100229263305664
9.33246898651123 13.181432723999023
8.896843910217285 10.144942283630371
8.767845153808594 10.777679443359375
8.341033935546875 9.711078643798828
8.318713188171387 8.605883598327637
8.2391996383667 11.305591583251953
7.8100080490112305 10.052793502807617
