0.0 4.346621513366699
0.0 4.513557434082031
0.0 4.832638740539551
0.0 4.841125011444092
0.0 5.281991004943848
0.0 5.626807689666748
0.0 5.651094436645508
0.0 5.789602756500244
0.0 5.836486339569092
0.0 5.932097434997559
0.0 6.131133556365967
0.0 6.17254638671875
0.0 6.368885040283203
0.0 6.422885417938232
0.0 6.432502269744873
0.0 6.497018814086914
0.0 6.535473823547363
0.0 6.5577874183654785
0.0 6.574278354644775
0.0 6.633727550506592
0.0 6.772657871246338
0.0 6.863681793212891
0.0 6.877580642700195
0.0 6.891322612762451
0.0 7.171363830566406
0.0 7.532395362854004
0.0 7.540602684020996
0.0 7.650370121002197
0.0 7.652730941772461
0.0 7.753998279571533
0.0 7.81712532043457
0.0 7.8870086669921875
0.0 8.022627830505371
0.0 8.239429473876953
0.0 8.343286514282227
0.0 8.354548454284668
0.0 8.420147895812988
0.0 8.456461906433105
0.0 8.456493377685547
0.0 8.669589042663574
0.0 8.708333015441895
0.0 8.800135612487793
0.0 8.871611595153809
0.0 8.935158729553223
0.0 8.981711387634277
0.0 9.024691581726074
0.0 9.032501220703125
0.0 9.096924781799316
0.0 9.25141429901123
0.0 9.452292442321777
0.0 9.459981918334961
0.0 9.532167434692383
0.0 10.041878700256348
0.0 10.113804817199707
0.0 10.276623725891113
0.0 10.434569358825684
0.0 12.757425308227539
0.0 12.765972137451172
0.0 13.108867645263672
0.0 13.111791610717773
0.0 13.178339004516602
0.0 13.240071296691895
0.0 13.979175567626953
0.0 14.015106201171875
0.0 14.752376556396484
0.0 16.19070053100586
0.0 17.610485076904297
0.0 18.03117561340332
0.0 18.337642669677734
0.0 19.21979522705078
0.0 19.725069046020508
0.0 20.804473876953125
0.0 23.80460548400879
0.0 26.41249656677246
0.0 28.47931671142578
0.0 28.702173233032227
0.0 29.467483520507812
0.0 29.646289825439453
0.0 30.114999771118164
0.0 32.60026931762695
0.0 36.573551177978516
0.0 inf
59.144081115722656 64.37440490722656
57.702049255371094 65.26935577392578
49.50191116333008 70.26211547851562
18.836971282958984 20.210248947143555
18.224557876586914 25.955045700073242
15.745759010314941 18.563074111938477
15.002921104431152 16.322195053100586
13.346237182617188 14.933897972106934
11.849931716918945 13.19982624053955
11.61839485168457 11.827258110046387
11.577754020690918 12.69876766204834
11.237743377685547 11.4182710647583
11.018769264221191 11.292755126953125
10.559338569641113 12.679502487182617
10.455710411071777 12.606298446655273
9.589207649230957 9.704534530639648
9.503581047058105 10.542250633239746
9.261211395263672 11.400671005249023
9.192414283752441 9.926420211791992
9.040778160095215 11.806276321411133
9.037318229675293 11.725502014160156
8.989917755126953 10.217352867126465
8.655318260192871 9.382036209106445
8.47006607055664 10.049402236938477
8.314035415649414 9.518046379089355
7.984118461608887 8.322283744812012
7.481900215148926 8.132381439208984
6.983782768249512 8.295897483825684
