0.0 1.2275402545928955
0.0 1.3461577892303467
0.0 1.4133312702178955
0.0 4.56177282333374
0.0 4.796954154968262
0.0 5.293828964233398
0.0 5.296705722808838
0.0 5.4076104164123535
0.0 5.448060512542725
0.0 5.5506792068481445
0.0 5.625033855438232
0.0 5.7855119705200195
0.0 6.34161376953125
0.0 6.353429794311523
0.0 6.385362148284912
0.0 6.443565845489502
0.0 6.482545375823975
0.0 6.546045303344727
0.0 6.585145473480225
0.0 6.5911030769348145
0.0 6.750140190124512
0.0 6.796853065490723
0.0 6.825160026550293
0.0 7.187839031219482
0.0 7.439210414886475
0.0 7.48583459854126
0.0 7.54665470123291
0.0 7.63854455947876
0.0 7.717594623565674
0.0 7.800031661987305
0.0 7.964417934417725
0.0 8.061868667602539
0.0 8.218059539794922
0.0 8.285935401916504
0.0 8.339239120483398
0.0 8.50834846496582
0.0 8.555065155029297
0.0 8.630908012390137
0.0 8.647485733032227
0.0 8.652297973632812
0.0 8.658195495605469
0.0 8.870290756225586
0.0 8.952068328857422
0.0 9.003886222839355
0.0 9.068639755249023
0.0 9.408050537109375
0.0 9.4469633102417
0.0 9.725579261779785
0.0 10.31721305847168
0.0 10.329813003540039
0.0 10.526849746704102
0.0 10.5379638671875
0.0 10.658331871032715
0.0 11.344748497009277
0.0 11.41452407836914
0.0 12.025341033935547
0.0 12.057185173034668
0.0 12.35144329071045
0.0 13.168607711791992
0.0 13.545445442199707
0.0 14.414511680603027
0.0 14.617855072021484
0.0 14.66769790649414
0.0 14.725287437438965
0.0 14.7974271774292
0.0 16.380796432495117
0.0 17.06527328491211
0.0 19.37051010131836
0.0 21.726999282836914
0.0 21.79677963256836
0.0 22.072376251220703
0.0 22.72759246826172
0.0 22.8406925201416
0.0 23.672475814819336
0.0 24.720394134521484
0.0 25.054981231689453
0.0 26.133634567260742
0.0 26.28512954711914
0.0 27.247333526611328
0.0 27.65363883972168
0.0 32.908172607421875
0.0 inf
43.19367599487305 44.30943298339844
42.7582893371582 62.52018737792969
41.206844329833984 42.841819763183594
38.063961029052734 61.09381866455078
34.38693618774414 35.13089370727539
19.665584564208984 25.310903549194336
18.530405044555664 21.846920013427734
18.42002296447754 22.6557674407959
16.30517578125 17.99281883239746
14.505529403686523 15.503876686096191
13.307221412658691 13.963540077209473
12.796154975891113 14.77652359008789
11.757597923278809 13.500412940979004
11.730976104736328 11.770719528198242
11.587992668151855 11.787027359008789
11.135185241699219 11.142350196838379
10.676032066345215 10.733461380004883
10.368595123291016 10.451157569885254
10.030744552612305 11.015233993530273
9.812929153442383 10.200157165527344
9.478404998779297 11.81071662902832
9.302721977233887 11.815434455871582
9.143783569335938 9.426115036010742
8.726516723632812 11.395642280578613
8.551496505737305 9.633100509643555
8.426945686340332 8.847518920898438
8.04945182800293 9.684024810791016
