0.0 3.9067277908325195
0.0 4.3812456130981445
0.0 4.4060235023498535
0.0 4.950065612792969
0.0 4.985670566558838
0.0 5.593653202056885
0.0 5.60411262512207
0.0 5.877669334411621
0.0 5.966794490814209
0.0 6.09359073638916
0.0 6.217751502990723
0.0 6.244653701782227
0.0 6.29236364364624
0.0 6.3109307289123535
0.0 6.38169527053833
0.0 6.474857330322266
0.0 6.541371822357178
0.0 6.54797887802124
0.0 6.607053279876709
0.0 6.953860282897949
0.0 7.080368518829346
0.0 7.261210918426514
0.0 7.374632358551025
0.0 7.377460479736328
0.0 7.390023231506348
0.0 7.391139984130859
0.0 7.509527683258057
0.0 7.595170497894287
0.0 7.620700836181641
0.0 7.656421661376953
0.0 7.858392238616943
0.0 8.003835678100586
0.0 8.108266830444336
0.0 8.16879940032959
0.0 8.23487663269043
0.0 8.280146598815918
0.0 8.39249324798584
0.0 8.451160430908203
0.0 8.492225646972656
0.0 8.50953197479248
0.0 8.598766326904297
0.0 8.833385467529297
0.0 9.217351913452148
0.0 9.286643028259277
0.0 9.318621635437012
0.0 9.507022857666016
0.0 9.52015209197998
0.0 9.569643020629883
0.0 9.948526382446289
0.0 10.448225975036621
0.0 10.761897087097168
0.0 10.835265159606934
0.0 10.862452507019043
0.0 10.950586318969727
0.0 11.066080093383789
0.0 11.152813911437988
0.0 11.712870597839355
0.0 11.976885795593262
0.0 12.288800239562988
0.0 12.817100524902344
0.0 12.828754425048828
0.0 14.459315299987793
0.0 14.89810562133789
0.0 15.503236770629883
0.0 17.403547286987305
0.0 19.38180923461914
0.0 19.72441864013672
0.0 19.897932052612305
0.0 20.042675018310547
0.0 20.10187530517578
0.0 21.839570999145508
0.0 22.82378387451172
0.0 23.16634178161621
0.0 23.8632755279541
0.0 25.180662155151367
0.0 25.609464645385742
0.0 26.267902374267578
0.0 26.588624954223633
0.0 31.042943954467773
0.0 32.10613250732422
0.0 36.189849853515625
0.0 inf
47.746395111083984 47.872398376464844
40.89162826538086 65.2330551147461
40.38209533691406 64.41788482666016
38.036922454833984 40.27904510498047
22.050987243652344 28.129743576049805
18.46268653869629 19.97836685180664
16.565399169921875 20.206815719604492
15.542731285095215 19.901683807373047
14.78354263305664 15.16179370880127
13.308372497558594 14.927756309509277
11.882245063781738 12.726179122924805
11.787086486816406 13.392809867858887
11.621438026428223 12.27249526977539
10.768678665161133 12.24339485168457
10.354506492614746 11.528595924377441
10.339607238769531 12.40894603729248
9.749536514282227 12.776187896728516
9.40931510925293 11.188578605651855
9.332133293151855 9.885655403137207
8.748810768127441 11.857269287109375
8.372091293334961 12.090757369995117
8.358963966369629 12.298209190368652
7.6149773597717285 9.055225372314453
7.404298782348633 8.14814567565918
