0.0 4.34597635269165
0.0 4.555410385131836
0.0 4.754230976104736
0.0 4.869212627410889
0.0 5.287737846374512
0.0 5.573240280151367
0.0 5.590819835662842
0.0 5.602363109588623
0.0 5.834150314331055
0.0 5.83929443359375
0.0 5.883988380432129
0.0 6.037405014038086
0.0 6.145641803741455
0.0 6.3527069091796875
0.0 6.413564205169678
0.0 6.452387809753418
0.0 6.5693583488464355
0.0 6.586791038513184
0.0 6.7423200607299805
0.0 6.744322776794434
0.0 6.801844596862793
0.0 6.8596038818359375
0.0 7.023632526397705
0.0 7.098702430725098
0.0 7.258089542388916
0.0 7.547170162200928
0.0 7.5628509521484375
0.0 7.64102840423584
0.0 7.77632999420166
0.0 7.8090105056762695
0.0 8.005799293518066
0.0 8.007414817810059
0.0 8.119866371154785
0.0 8.144906997680664
0.0 8.304036140441895
0.0 8.345468521118164
0.0 8.391833305358887
0.0 8.418252944946289
0.0 8.475584030151367
0.0 8.559317588806152
0.0 8.695211410522461
0.0 8.814702033996582
0.0 8.914688110351562
0.0 9.00417709350586
0.0 9.074023246765137
0.0 9.192831039428711
0.0 9.288267135620117
0.0 9.311156272888184
0.0 9.425487518310547
0.0 9.436088562011719
0.0 9.438413619995117
0.0 9.492409706115723
0.0 9.588741302490234
0.0 10.279054641723633
0.0 10.485815048217773
0.0 10.569677352905273
0.0 12.022974967956543
0.0 12.348088264465332
0.0 12.6962890625
0.0 13.093125343322754
0.0 13.1489896774292
0.0 13.202400207519531
0.0 13.752593040466309
0.0 14.02669906616211
0.0 15.053540229797363
0.0 15.872714042663574
0.0 16.064125061035156
0.0 16.32786750793457
0.0 17.914697647094727
0.0 19.3062686920166
0.0 20.1384220123291
0.0 21.629436492919922
0.0 23.733577728271484
0.0 26.315101623535156
0.0 27.290124893188477
0.0 28.840238571166992
0.0 29.305768966674805
0.0 30.26865005493164
0.0 30.84679412841797
0.0 32.49311828613281
0.0 36.412933349609375
0.0 inf
59.0902099609375 62.85266876220703
57.37051010131836 66.28535461425781
48.30794143676758 68.8689193725586
19.93813705444336 20.526525497436523
17.340801239013672 27.03913116455078
16.748579025268555 19.396663665771484
13.367759704589844 15.069281578063965
12.922080039978027 14.462411880493164
11.600061416625977 11.813758850097656
11.578423500061035 12.028402328491211
11.400833129882812 13.031988143920898
11.312870979309082 11.42776870727539
10.967939376831055 11.9027738571167
9.935409545898438 11.913345336914062
9.570594787597656 11.909834861755371
9.555662155151367 9.689265251159668
9.493443489074707 10.59524154663086
9.221522331237793 9.964912414550781
9.171252250671387 12.085942268371582
9.069506645202637 10.727864265441895
9.028576850891113 10.253546714782715
8.990842819213867 11.709842681884766
8.718257904052734 9.479015350341797
8.328437805175781 9.914448738098145
8.211338996887207 9.51923656463623
7.975954055786133 8.346219062805176
6.983816623687744 8.321173667907715
