0.0 1.0657674074172974
0.0 1.0823700428009033
0.0 1.0823713541030884
0.0 3.2711870670318604
0.0 3.895148754119873
0.0 4.320557594299316
0.0 5.212504863739014
0.0 5.254056453704834
0.0 5.793107986450195
0.0 5.8258771896362305
0.0 6.0468292236328125
0.0 6.052141189575195
0.0 6.128791809082031
0.0 6.283165454864502
0.0 6.3027753829956055
0.0 6.312462329864502
0.0 6.360090732574463
0.0 6.4014434814453125
0.0 6.575896739959717
0.0 6.6967573165893555
0.0 6.770709037780762
0.0 6.840182781219482
0.0 7.255035400390625
0.0 7.414490222930908
0.0 7.458570957183838
0.0 7.503237247467041
0.0 7.524670124053955
0.0 7.552478790283203
0.0 7.554281234741211
0.0 7.681563377380371
0.0 7.825536727905273
0.0 7.87457799911499
0.0 7.984564781188965
0.0 8.173367500305176
0.0 8.174532890319824
0.0 8.283145904541016
0.0 8.320484161376953
0.0 8.3510160446167
0.0 8.430947303771973
0.0 8.443894386291504
0.0 8.639762878417969
0.0 8.643369674682617
0.0 8.697330474853516
0.0 8.708907127380371
0.0 8.806005477905273
0.0 8.848810195922852
0.0 8.97531509399414
0.0 10.233055114746094
0.0 10.505748748779297
0.0 10.58066177368164
0.0 10.661089897155762
0.0 10.934986114501953
0.0 11.83784008026123
0.0 11.995353698730469
0.0 12.004404067993164
0.0 12.447822570800781
0.0 12.457276344299316
0.0 12.565386772155762
0.0 13.012285232543945
0.0 13.321656227111816
0.0 13.41461181640625
0.0 14.32274341583252
0.0 14.416150093078613
0.0 14.596083641052246
0.0 16.484216690063477
0.0 16.97199249267578
0.0 17.434917449951172
0.0 17.846721649169922
0.0 20.4007568359375
0.0 21.8026123046875
0.0 21.856481552124023
0.0 23.00826644897461
0.0 23.460063934326172
0.0 23.476680755615234
0.0 23.90531349182129
0.0 25.402231216430664
0.0 25.625398635864258
0.0 26.949949264526367
0.0 27.80712890625
0.0 29.73312759399414
0.0 36.81620788574219
0.0 inf
45.197322845458984 67.10179901123047
39.27314376831055 62.653018951416016
38.71703338623047 39.57090759277344
34.74665451049805 37.1917610168457
20.439868927001953 20.803483963012695
19.635019302368164 20.686397552490234
18.64620018005371 22.29352378845215
18.579042434692383 25.816450119018555
18.457246780395508 21.412050247192383
17.948543548583984 21.043739318847656
16.046871185302734 18.6295166015625
13.966757774353027 14.851356506347656
10.736330032348633 12.771821975708008
10.72077751159668 11.049117088317871
10.641010284423828 12.852548599243164
10.540105819702148 12.077383041381836
10.291611671447754 12.750033378601074
10.140955924987793 11.398104667663574
9.704903602600098 12.506619453430176
9.33036994934082 13.737832069396973
8.545370101928711 9.945609092712402
8.397862434387207 8.938324928283691
7.678647994995117 9.351602554321289
