0.0 2.7413275241851807
0.0 3.499037504196167
0.0 3.529876708984375
0.0 3.5904040336608887
0.0 4.3115129470825195
0.0 4.853592872619629
0.0 4.8874921798706055
0.0 5.353239059448242
0.0 5.598809719085693
0.0 5.622900485992432
0.0 6.273444652557373
0.0 6.291131019592285
0.0 6.318634510040283
0.0 6.355734825134277
0.0 6.529370307922363
0.0 6.622711181640625
0.0 6.6227288246154785
0.0 6.832630634307861
0.0 6.870506286621094
0.0 7.001029014587402
0.0 7.174502372741699
0.0 7.322352886199951
0.0 7.386641502380371
0.0 7.395174503326416
0.0 7.398934841156006
0.0 7.767204284667969
0.0 7.781073093414307
0.0 7.815437316894531
0.0 7.897787570953369
0.0 8.016140937805176
0.0 8.179747581481934
0.0 8.330230712890625
0.0 8.368882179260254
0.0 8.377739906311035
0.0 8.387001991271973
0.0 8.394987106323242
0.0 8.429888725280762
0.0 8.451194763183594
0.0 8.45242977142334
0.0 8.485701560974121
0.0 8.664976119995117
0.0 8.717784881591797
0.0 9.281726837158203
0.0 9.338312149047852
0.0 9.527481079101562
0.0 9.814706802368164
0.0 9.830224990844727
0.0 9.890105247497559
0.0 10.441243171691895
0.0 10.476420402526855
0.0 10.818887710571289
0.0 10.911346435546875
0.0 10.950987815856934
0.0 10.992109298706055
0.0 10.999807357788086
0.0 11.175187110900879
0.0 11.241571426391602
0.0 12.247749328613281
0.0 12.664399147033691
0.0 12.723540306091309
0.0 13.014457702636719
0.0 14.34285831451416
0.0 14.493938446044922
0.0 15.4041748046875
0.0 17.19303321838379
0.0 19.423330307006836
0.0 19.6761417388916
0.0 19.756376266479492
0.0 20.084890365600586
0.0 20.507265090942383
0.0 21.01849365234375
0.0 21.583492279052734
0.0 22.271114349365234
0.0 22.313873291015625
0.0 26.11167335510254
0.0 26.511451721191406
0.0 26.786781311035156
0.0 27.3820743560791
0.0 30.125503540039062
0.0 30.695890426635742
0.0 34.331939697265625
0.0 inf
46.12552261352539 47.53989791870117
45.67034912109375 46.77263641357422
41.2023811340332 59.734107971191406
41.06914138793945 61.78644561767578
38.68655014038086 40.129600524902344
33.93498992919922 38.7602424621582
22.554550170898438 23.668243408203125
22.224838256835938 28.109172821044922
18.03717803955078 18.47100067138672
16.48188018798828 20.02549171447754
15.673078536987305 19.710735321044922
13.878205299377441 14.498396873474121
12.671932220458984 14.431095123291016
12.485034942626953 15.132979393005371
11.866135597229004 11.896514892578125
11.272711753845215 12.099202156066895
10.713727951049805 13.392487525939941
10.576550483703613 11.380841255187988
10.044234275817871 12.135114669799805
10.027591705322266 12.384882926940918
9.92186164855957 10.297201156616211
9.542878150939941 9.683168411254883
9.40477466583252 10.47956657409668
9.3899507522583 11.796112060546875
9.268800735473633 10.471256256103516
9.165732383728027 10.049969673156738
8.740642547607422 10.487861633300781
8.455631256103516 11.097250938415527
7.580694198608398 8.99378490447998
7.572037220001221 9.104896545410156
