0.0 1.1554725170135498
0.0 1.2367244958877563
0.0 1.3024423122406006
0.0 5.167673587799072
0.0 5.408585548400879
0.0 5.41710901260376
0.0 5.621309757232666
0.0 5.622384071350098
0.0 6.04134464263916
0.0 6.166233062744141
0.0 6.318577766418457
0.0 6.348232746124268
0.0 6.3932204246521
0.0 6.409425258636475
0.0 6.438172340393066
0.0 6.46012544631958
0.0 6.470980644226074
0.0 6.481571197509766
0.0 6.488918304443359
0.0 6.607710361480713
0.0 6.659696102142334
0.0 6.874332427978516
0.0 7.223634243011475
0.0 7.370424270629883
0.0 7.375576972961426
0.0 7.441298961639404
0.0 7.486067295074463
0.0 7.499763488769531
0.0 7.522952079772949
0.0 7.528103351593018
0.0 7.587207794189453
0.0 7.723997592926025
0.0 7.847273349761963
0.0 7.854540824890137
0.0 7.968698501586914
0.0 8.038633346557617
0.0 8.07337760925293
0.0 8.176362037658691
0.0 8.285975456237793
0.0 8.46461009979248
0.0 8.511249542236328
0.0 8.60323715209961
0.0 8.650629997253418
0.0 8.651061058044434
0.0 8.71363639831543
0.0 8.935928344726562
0.0 8.964564323425293
0.0 9.201982498168945
0.0 9.312288284301758
0.0 9.384851455688477
0.0 9.396506309509277
0.0 10.106907844543457
0.0 10.25018310546875
0.0 10.934285163879395
0.0 11.549156188964844
0.0 13.032310485839844
0.0 13.115605354309082
0.0 13.226841926574707
0.0 13.52950668334961
0.0 13.785897254943848
0.0 14.252775192260742
0.0 14.422476768493652
0.0 14.455180168151855
0.0 14.5784912109375
0.0 15.258638381958008
0.0 16.079355239868164
0.0 17.000341415405273
0.0 17.76463508605957
0.0 18.416725158691406
0.0 18.564661026000977
0.0 19.394229888916016
0.0 21.119205474853516
0.0 21.525390625
0.0 24.65460777282715
0.0 27.16529083251953
0.0 29.33694839477539
0.0 29.51561164855957
0.0 29.963394165039062
0.0 34.37083053588867
0.0 34.74898147583008
0.0 36.86246109008789
0.0 inf
50.20935821533203 69.38198852539062
45.88516616821289 67.1070785522461
41.761253356933594 43.4278678894043
19.74981689453125 20.397079467773438
17.518661499023438 24.400371551513672
16.75240707397461 19.941936492919922
16.5869140625 17.07154083251953
15.760013580322266 16.340036392211914
15.5816011428833 16.495943069458008
10.923357009887695 11.985719680786133
10.813956260681152 11.507624626159668
10.676904678344727 12.923020362854004
10.341511726379395 10.767090797424316
10.25408935546875 11.657917976379395
10.250425338745117 11.8231840133667
9.887178421020508 9.985949516296387
9.835225105285645 10.481025695800781
9.625018119812012 9.889693260192871
9.613256454467773 13.480859756469727
9.600275993347168 10.63939380645752
9.400416374206543 9.660261154174805
9.239290237426758 10.037063598632812
9.21339225769043 10.329503059387207
9.200215339660645 10.518302917480469
9.139657974243164 9.740013122558594
8.745217323303223 10.545262336730957
7.407784938812256 8.02294921875
