0.0 1.0945801734924316
0.0 1.1051547527313232
0.0 1.18343186378479
0.0 3.217644214630127
0.0 3.4489758014678955
0.0 4.393880844116211
0.0 4.917319297790527
0.0 5.270693302154541
0.0 5.298778533935547
0.0 5.972606658935547
0.0 6.138206481933594
0.0 6.182206630706787
0.0 6.296252250671387
0.0 6.305207252502441
0.0 6.405144691467285
0.0 6.407652378082275
0.0 6.41825532913208
0.0 6.451388835906982
0.0 6.550370693206787
0.0 6.753994941711426
0.0 6.761524677276611
0.0 7.002487659454346
0.0 7.2460246086120605
0.0 7.392356872558594
0.0 7.401011943817139
0.0 7.455427169799805
0.0 7.552235126495361
0.0 7.698826313018799
0.0 7.853591442108154
0.0 7.8570427894592285
0.0 7.865488052368164
0.0 7.885225772857666
0.0 7.947475433349609
0.0 8.052087783813477
0.0 8.099963188171387
0.0 8.312644004821777
0.0 8.348899841308594
0.0 8.523438453674316
0.0 8.570104598999023
0.0 8.574501037597656
0.0 8.58456802368164
0.0 8.625921249389648
0.0 8.632723808288574
0.0 8.716224670410156
0.0 8.996296882629395
0.0 9.112051963806152
0.0 9.211005210876465
0.0 9.701011657714844
0.0 10.005739212036133
0.0 10.29139518737793
0.0 10.524949073791504
0.0 10.568750381469727
0.0 10.916872024536133
0.0 11.01158618927002
0.0 11.037519454956055
0.0 11.792054176330566
0.0 12.431950569152832
0.0 12.722164154052734
0.0 13.04437255859375
0.0 13.31709098815918
0.0 13.317605018615723
0.0 13.435218811035156
0.0 13.591842651367188
0.0 14.864067077636719
0.0 14.965607643127441
0.0 16.340269088745117
0.0 16.433826446533203
0.0 18.493032455444336
0.0 20.791223526000977
0.0 22.055126190185547
0.0 22.85272216796875
0.0 23.020092010498047
0.0 23.09418487548828
0.0 23.66107177734375
0.0 24.004791259765625
0.0 24.029102325439453
0.0 26.589908599853516
0.0 26.622678756713867
0.0 27.97110939025879
0.0 28.836301803588867
0.0 37.130943298339844
0.0 inf
45.86540985107422 64.09857940673828
38.758975982666016 39.45384979248047
38.357051849365234 64.66633605957031
34.018394470214844 37.1325569152832
20.865461349487305 21.440872192382812
19.08344078063965 27.011133193969727
18.598316192626953 21.568086624145508
17.45333480834961 20.677303314208984
16.558570861816406 18.036422729492188
15.402071952819824 17.116851806640625
12.891837120056152 14.02050495147705
11.75658130645752 13.421207427978516
11.657587051391602 12.577045440673828
11.520251274108887 11.871782302856445
11.057981491088867 14.014719009399414
10.758763313293457 10.890678405761719
10.698463439941406 11.643599510192871
10.617137908935547 11.043634414672852
10.504501342773438 13.449328422546387
9.7243070602417 12.54569149017334
9.522676467895508 9.577484130859375
9.314653396606445 14.300174713134766
9.035368919372559 9.953083038330078
8.364873886108398 9.010232925415039
7.9807891845703125 9.507006645202637
7.714554309844971 9.492212295532227
