0.0 1.1691850423812866
0.0 1.2336260080337524
0.0 1.9467871189117432
0.0 4.6409687995910645
0.0 4.643709182739258
0.0 4.759786605834961
0.0 4.978814601898193
0.0 5.377847671508789
0.0 5.788834571838379
0.0 5.886965751647949
0.0 6.054859638214111
0.0 6.158461570739746
0.0 6.214416980743408
0.0 6.333664417266846
0.0 6.385383129119873
0.0 6.429351806640625
0.0 6.4692277908325195
0.0 6.658227920532227
0.0 6.9135823249816895
0.0 6.985968589782715
0.0 7.010081768035889
0.0 7.036761283874512
0.0 7.270420074462891
0.0 7.303949356079102
0.0 7.479612350463867
0.0 7.5388264656066895
0.0 7.541079044342041
0.0 7.639164924621582
0.0 7.661749362945557
0.0 7.66215181350708
0.0 7.765272617340088
0.0 7.803327560424805
0.0 7.978410720825195
0.0 8.01266098022461
0.0 8.294981956481934
0.0 8.522098541259766
0.0 8.539654731750488
0.0 8.543689727783203
0.0 8.545713424682617
0.0 8.618115425109863
0.0 8.628483772277832
0.0 8.648032188415527
0.0 8.80385971069336
0.0 8.887980461120605
0.0 9.003388404846191
0.0 9.025010108947754
0.0 9.137706756591797
0.0 9.170270919799805
0.0 9.526506423950195
0.0 9.603900909423828
0.0 9.644330978393555
0.0 9.733661651611328
0.0 9.866228103637695
0.0 10.286162376403809
0.0 10.423949241638184
0.0 10.992581367492676
0.0 11.49402141571045
0.0 11.916502952575684
0.0 12.123834609985352
0.0 12.92830753326416
0.0 13.024311065673828
0.0 13.299708366394043
0.0 14.033929824829102
0.0 15.484753608703613
0.0 15.872068405151367
0.0 17.636394500732422
0.0 17.908449172973633
0.0 18.707677841186523
0.0 20.670265197753906
0.0 22.00429344177246
0.0 23.483659744262695
0.0 23.905994415283203
0.0 25.18099594116211
0.0 25.516504287719727
0.0 29.72701072692871
0.0 29.753572463989258
0.0 30.105649948120117
0.0 30.53672218322754
0.0 30.862646102905273
0.0 31.25657081604004
0.0 31.708526611328125
0.0 inf
49.62307357788086 75.87324523925781
42.02174758911133 42.12234878540039
41.55255126953125 69.3062744140625
38.60783386230469 39.14431381225586
21.37901496887207 24.923736572265625
19.09894371032715 22.78178596496582
17.76681900024414 21.147724151611328
16.579479217529297 17.704133987426758
13.086523056030273 14.590256690979004
12.116202354431152 12.464957237243652
12.103534698486328 13.374727249145508
11.876853942871094 12.066385269165039
10.77763557434082 11.225878715515137
10.3262357711792 10.355976104736328
10.128424644470215 10.15587329864502
10.122685432434082 12.700057029724121
10.021032333374023 11.786728858947754
10.002287864685059 11.315189361572266
9.914204597473145 12.070138931274414
9.785380363464355 10.218565940856934
9.411761283874512 11.360363006591797
9.397810935974121 12.429954528808594
9.020298957824707 11.946858406066895
8.449088096618652 9.739075660705566
8.384137153625488 9.791264533996582
