0.0 1.1312038898468018
0.0 1.2151755094528198
0.0 2.278810739517212
0.0 3.184797525405884
0.0 3.690695285797119
0.0 4.548271179199219
0.0 4.8469557762146
0.0 5.055423259735107
0.0 5.116954326629639
0.0 5.386061668395996
0.0 5.8601861000061035
0.0 5.899011611938477
0.0 6.0769147872924805
0.0 6.147611141204834
0.0 6.305778503417969
0.0 6.426087856292725
0.0 6.473414897918701
0.0 6.521223545074463
0.0 6.5243940353393555
0.0 6.593310832977295
0.0 6.6138200759887695
0.0 6.6670613288879395
0.0 7.082187175750732
0.0 7.159315586090088
0.0 7.250173568725586
0.0 7.355900764465332
0.0 7.391010761260986
0.0 7.5537614822387695
0.0 7.856952667236328
0.0 7.933446407318115
0.0 7.960098743438721
0.0 8.05762004852295
0.0 8.079633712768555
0.0 8.204604148864746
0.0 8.22558307647705
0.0 8.278213500976562
0.0 8.306422233581543
0.0 8.33580493927002
0.0 8.60103988647461
0.0 8.617748260498047
0.0 8.634157180786133
0.0 8.655607223510742
0.0 8.737126350402832
0.0 8.752016067504883
0.0 8.806463241577148
0.0 8.974799156188965
0.0 9.04452133178711
0.0 10.143245697021484
0.0 10.190370559692383
0.0 10.308545112609863
0.0 10.422239303588867
0.0 10.458974838256836
0.0 10.63033390045166
0.0 10.79529094696045
0.0 10.865557670593262
0.0 11.752923965454102
0.0 12.466764450073242
0.0 12.995597839355469
0.0 12.995988845825195
0.0 13.263754844665527
0.0 13.271583557128906
0.0 13.43610954284668
0.0 13.59872817993164
0.0 13.990239143371582
0.0 14.868042945861816
0.0 16.265445709228516
0.0 16.396095275878906
0.0 18.060775756835938
0.0 19.652114868164062
0.0 22.09256935119629
0.0 22.842117309570312
0.0 22.95610809326172
0.0 23.01451301574707
0.0 23.94219398498535
0.0 24.085481643676758
0.0 25.144508361816406
0.0 26.59559440612793
0.0 26.989877700805664
0.0 28.423080444335938
0.0 28.711891174316406
0.0 36.59739303588867
0.0 inf
48.00614547729492 48.42809295654297
45.6454963684082 63.5406379699707
38.53813552856445 39.46163558959961
38.07612609863281 64.77643585205078
33.97358703613281 37.1515998840332
21.266441345214844 21.55149269104004
19.181100845336914 26.945823669433594
18.530372619628906 21.61841583251953
17.449928283691406 20.670429229736328
16.673765182495117 19.086772918701172
15.295080184936523 16.252288818359375
12.873550415039062 14.027787208557129
11.851902961730957 11.893051147460938
11.657641410827637 12.945869445800781
11.41877269744873 11.852365493774414
11.245189666748047 14.134268760681152
10.581094741821289 10.809937477111816
10.461896896362305 13.372085571289062
10.460174560546875 13.431855201721191
10.228156089782715 11.172944068908691
9.773741722106934 12.504124641418457
9.635103225708008 10.303020477294922
9.49776554107666 9.730778694152832
9.31495189666748 14.369178771972656
8.899863243103027 8.995359420776367
8.365299224853516 9.035989761352539
7.945638179779053 9.506248474121094
7.75333833694458 9.450461387634277
