0.0 1.2459231615066528
0.0 1.2680248022079468
0.0 1.406741976737976
0.0 3.7125332355499268
0.0 4.10502290725708
0.0 4.770256042480469
0.0 4.955480098724365
0.0 5.073288917541504
0.0 5.318763732910156
0.0 5.376599311828613
0.0 5.414957046508789
0.0 5.665873050689697
0.0 5.706650257110596
0.0 5.950096607208252
0.0 6.085932731628418
0.0 6.358592510223389
0.0 6.524901390075684
0.0 6.5360107421875
0.0 6.716792106628418
0.0 6.764245986938477
0.0 6.844540119171143
0.0 6.935849666595459
0.0 7.192678451538086
0.0 7.271598815917969
0.0 7.44100284576416
0.0 7.482983112335205
0.0 7.539705276489258
0.0 7.547323703765869
0.0 7.652483940124512
0.0 7.721875190734863
0.0 7.787664413452148
0.0 7.898705959320068
0.0 7.953276634216309
0.0 8.075193405151367
0.0 8.12501335144043
0.0 8.131815910339355
0.0 8.21346664428711
0.0 8.312110900878906
0.0 8.366596221923828
0.0 8.563121795654297
0.0 8.563339233398438
0.0 8.645785331726074
0.0 8.65253734588623
0.0 8.678531646728516
0.0 8.681116104125977
0.0 8.98195743560791
0.0 9.165753364562988
0.0 9.265128135681152
0.0 9.608770370483398
0.0 9.702784538269043
0.0 9.855385780334473
0.0 10.002118110656738
0.0 10.57718276977539
0.0 10.821846961975098
0.0 11.125126838684082
0.0 11.824485778808594
0.0 12.043499946594238
0.0 13.169252395629883
0.0 13.265007019042969
0.0 13.419007301330566
0.0 13.632261276245117
0.0 13.683882713317871
0.0 14.065767288208008
0.0 14.328670501708984
0.0 15.02082633972168
0.0 17.427139282226562
0.0 18.188541412353516
0.0 19.86777687072754
0.0 20.670976638793945
0.0 22.234363555908203
0.0 22.798856735229492
0.0 22.949058532714844
0.0 22.966455459594727
0.0 22.97265625
0.0 23.706626892089844
0.0 24.40443992614746
0.0 24.759355545043945
0.0 26.52439308166504
0.0 27.419517517089844
0.0 29.44207000732422
0.0 33.81237030029297
0.0 inf
43.689659118652344 63.681922912597656
39.65263748168945 43.49684143066406
39.132476806640625 61.43181610107422
35.77191162109375 39.03599548339844
32.200828552246094 35.88253402709961
18.790449142456055 25.60550880432129
18.534500122070312 21.89995574951172
18.461185455322266 22.035863876342773
15.360785484313965 17.09933090209961
14.59110164642334 16.57036590576172
12.687172889709473 14.068341255187988
12.535544395446777 13.255905151367188
11.72398853302002 12.638045310974121
10.777687072753906 11.207098960876465
10.1782808303833 13.300607681274414
9.994682312011719 11.887493133544922
9.86966323852539 10.52934741973877
9.808513641357422 10.05201530456543
9.707869529724121 11.702266693115234
9.329548835754395 12.533981323242188
8.338531494140625 8.832523345947266
8.171280860900879 9.198063850402832
8.03050422668457 8.982538223266602
7.980597019195557 9.524833679199219
