0.0 1.1525719165802002
0.0 2.340782880783081
0.0 2.515965700149536
0.0 4.188894748687744
0.0 4.247241973876953
0.0 4.505583763122559
0.0 4.806596279144287
0.0 5.045215606689453
0.0 5.2719221115112305
0.0 5.283197402954102
0.0 5.343031883239746
0.0 5.739464282989502
0.0 6.060460090637207
0.0 6.104598522186279
0.0 6.247457981109619
0.0 6.3009772300720215
0.0 6.338518142700195
0.0 6.374770641326904
0.0 6.469483852386475
0.0 6.495828628540039
0.0 6.5529656410217285
0.0 6.676876544952393
0.0 6.901065349578857
0.0 6.9590959548950195
0.0 7.063497066497803
0.0 7.287619113922119
0.0 7.4344072341918945
0.0 7.4418182373046875
0.0 7.465147972106934
0.0 7.532542705535889
0.0 7.571868419647217
0.0 7.629396438598633
0.0 7.648852825164795
0.0 7.800863742828369
0.0 8.004216194152832
0.0 8.5310697555542
0.0 8.54487419128418
0.0 8.601141929626465
0.0 8.61584186553955
0.0 8.641271591186523
0.0 8.684345245361328
0.0 8.757711410522461
0.0 8.792388916015625
0.0 8.963733673095703
0.0 9.009212493896484
0.0 9.284513473510742
0.0 9.309406280517578
0.0 9.593313217163086
0.0 9.69045352935791
0.0 9.797927856445312
0.0 10.299057960510254
0.0 10.334070205688477
0.0 10.857573509216309
0.0 11.21288013458252
0.0 11.898632049560547
0.0 11.93144702911377
0.0 11.973097801208496
0.0 12.03720760345459
0.0 12.480693817138672
0.0 12.52871322631836
0.0 12.839717864990234
0.0 12.957772254943848
0.0 13.05473804473877
0.0 15.78832721710205
0.0 16.436878204345703
0.0 16.745569229125977
0.0 16.870405197143555
0.0 18.39573860168457
0.0 19.642044067382812
0.0 19.663198471069336
0.0 20.752941131591797
0.0 20.864900588989258
0.0 21.781097412109375
0.0 22.065597534179688
0.0 23.867944717407227
0.0 24.5360050201416
0.0 24.927947998046875
0.0 26.059858322143555
0.0 27.56305694580078
0.0 28.323801040649414
0.0 36.353519439697266
0.0 inf
51.12238311767578 54.81293487548828
46.86408996582031 61.43791580200195
37.050785064697266 60.56797409057617
19.470081329345703 21.51614761352539
17.61241912841797 21.531179428100586
17.529550552368164 27.250829696655273
16.14278793334961 18.517770767211914
16.091211318969727 17.8203182220459
15.2621488571167 17.142257690429688
12.030795097351074 12.806718826293945
10.752287864685059 11.164969444274902
10.699581146240234 11.083571434020996
10.619235038757324 10.640963554382324
10.257281303405762 11.046167373657227
10.224959373474121 11.752642631530762
10.139497756958008 10.535978317260742
9.567545890808105 10.374859809875488
9.419857025146484 9.483076095581055
9.364789009094238 9.557770729064941
9.34342098236084 11.221952438354492
9.314379692077637 9.894594192504883
9.161186218261719 11.820100784301758
8.852797508239746 11.894831657409668
8.642291069030762 9.55862808227539
8.222293853759766 10.072132110595703
