0.0 1.297798752784729
0.0 1.433943510055542
0.0 2.7324585914611816
0.0 4.631730556488037
0.0 4.813946723937988
0.0 4.9708027839660645
0.0 5.237816333770752
0.0 5.265096664428711
0.0 5.669134140014648
0.0 6.0422234535217285
0.0 6.1587934494018555
0.0 6.167864799499512
0.0 6.211100101470947
0.0 6.3127360343933105
0.0 6.444719314575195
0.0 6.51715087890625
0.0 6.534210205078125
0.0 6.717745780944824
0.0 6.757000923156738
0.0 6.843172073364258
0.0 6.902629375457764
0.0 7.102198600769043
0.0 7.124330520629883
0.0 7.225557804107666
0.0 7.355187892913818
0.0 7.381153106689453
0.0 7.489231109619141
0.0 7.505026817321777
0.0 7.547636985778809
0.0 7.564363956451416
0.0 7.654830455780029
0.0 7.701174736022949
0.0 7.733938694000244
0.0 7.780173301696777
0.0 7.796088695526123
0.0 7.832489967346191
0.0 8.08848762512207
0.0 8.093609809875488
0.0 8.095438003540039
0.0 8.13493824005127
0.0 8.16999626159668
0.0 8.590717315673828
0.0 8.594456672668457
0.0 8.598702430725098
0.0 8.677336692810059
0.0 8.728063583374023
0.0 8.920784950256348
0.0 8.984259605407715
0.0 9.116472244262695
0.0 9.280099868774414
0.0 9.415900230407715
0.0 9.70108413696289
0.0 10.312718391418457
0.0 10.581311225891113
0.0 10.860904693603516
0.0 11.689323425292969
0.0 11.922024726867676
0.0 13.191547393798828
0.0 13.569223403930664
0.0 13.967166900634766
0.0 14.04829216003418
0.0 14.515567779541016
0.0 14.689478874206543
0.0 14.724384307861328
0.0 14.762852668762207
0.0 14.803903579711914
0.0 16.438413619995117
0.0 16.77019500732422
0.0 18.783262252807617
0.0 19.765649795532227
0.0 19.909639358520508
0.0 20.716638565063477
0.0 24.05051612854004
0.0 24.17448616027832
0.0 25.932472229003906
0.0 27.665178298950195
0.0 30.724456787109375
0.0 32.163761138916016
0.0 32.87748718261719
0.0 33.0758056640625
0.0 40.36333084106445
0.0 inf
48.85527801513672 81.8330078125
42.0982551574707 72.52055358886719
23.330322265625 23.800067901611328
17.791976928710938 21.49749755859375
17.66828155517578 25.634746551513672
16.965612411499023 17.156673431396484
14.898768424987793 16.043624877929688
14.701379776000977 16.521657943725586
11.747111320495605 11.88974666595459
11.091646194458008 11.258832931518555
10.927986145019531 11.302068710327148
10.452432632446289 12.713979721069336
9.882031440734863 10.2035493850708
9.615920066833496 12.635566711425781
9.5580472946167 11.96668815612793
9.490489959716797 12.0859956741333
8.956953048706055 11.133405685424805
8.880505561828613 8.9304838180542
8.712085723876953 9.838227272033691
8.705132484436035 9.475761413574219
7.502756595611572 7.6768670082092285
