0.0 2.2794911861419678
0.0 2.5559215545654297
0.0 3.6573405265808105
0.0 3.719510078430176
0.0 4.306633949279785
0.0 4.610420227050781
0.0 4.711837291717529
0.0 5.303348064422607
0.0 5.352551460266113
0.0 5.392123699188232
0.0 5.534245491027832
0.0 5.54636287689209
0.0 5.740785121917725
0.0 5.883899211883545
0.0 5.955353260040283
0.0 5.9678778648376465
0.0 5.987241268157959
0.0 6.249240398406982
0.0 6.430264949798584
0.0 6.484561920166016
0.0 6.793318271636963
0.0 6.799848556518555
0.0 6.867838382720947
0.0 6.978931903839111
0.0 7.271949768066406
0.0 7.331589698791504
0.0 7.419444561004639
0.0 7.613420009613037
0.0 7.637969970703125
0.0 7.7420244216918945
0.0 7.749773025512695
0.0 7.92214298248291
0.0 8.101408958435059
0.0 8.26013469696045
0.0 8.369359016418457
0.0 8.442153930664062
0.0 8.451841354370117
0.0 8.624509811401367
0.0 8.701119422912598
0.0 8.723928451538086
0.0 8.796804428100586
0.0 8.904449462890625
0.0 8.947160720825195
0.0 9.057306289672852
0.0 9.159627914428711
0.0 9.200895309448242
0.0 9.843067169189453
0.0 9.998977661132812
0.0 10.388278007507324
0.0 10.404730796813965
0.0 10.543952941894531
0.0 10.58053207397461
0.0 10.868878364562988
0.0 11.015336990356445
0.0 11.182790756225586
0.0 11.684300422668457
0.0 12.237306594848633
0.0 12.552525520324707
0.0 12.846035957336426
0.0 12.93807601928711
0.0 13.539225578308105
0.0 13.568419456481934
0.0 14.35378646850586
0.0 14.869429588317871
0.0 14.961404800415039
0.0 16.08070945739746
0.0 18.437585830688477
0.0 20.631404876708984
0.0 21.507349014282227
0.0 22.48895835876465
0.0 22.96556854248047
0.0 23.033647537231445
0.0 24.14102554321289
0.0 24.485755920410156
0.0 26.889070510864258
0.0 27.766136169433594
0.0 27.770111083984375
0.0 28.369930267333984
0.0 29.872411727905273
0.0 30.953279495239258
0.0 32.58938980102539
0.0 inf
47.3253173828125 52.86785888671875
46.51679229736328 73.8836669921875
40.484901428222656 40.81733703613281
36.10828399658203 70.72333526611328
19.440631866455078 20.866235733032227
18.937633514404297 21.4949951171875
16.502670288085938 28.1138916015625
16.030048370361328 18.61448860168457
15.683625221252441 16.390966415405273
15.362987518310547 15.421704292297363
15.115551948547363 17.45613670349121
14.059022903442383 16.427013397216797
13.051620483398438 14.032423973083496
12.719771385192871 12.943368911743164
11.442094802856445 13.177967071533203
10.903746604919434 11.28115463256836
10.614635467529297 11.24356460571289
10.354854583740234 11.047450065612793
9.859848022460938 10.316204071044922
9.847418785095215 10.479256629943848
9.822999954223633 10.797014236450195
9.502936363220215 11.260114669799805
9.287925720214844 9.837783813476562
9.094608306884766 11.833639144897461
8.473054885864258 10.64937686920166
7.888514995574951 9.56521987915039
7.423398017883301 8.800522804260254
