0.0 1.4418059587478638
0.0 2.99973726272583
0.0 3.139967918395996
0.0 3.3517110347747803
0.0 3.3806276321411133
0.0 4.299867630004883
0.0 4.7917609214782715
0.0 4.856227874755859
0.0 5.228686809539795
0.0 5.26455545425415
0.0 5.787290096282959
0.0 5.980525016784668
0.0 5.981806755065918
0.0 6.05778169631958
0.0 6.459619522094727
0.0 6.853581428527832
0.0 6.938262939453125
0.0 6.955484390258789
0.0 7.0127153396606445
0.0 7.29491662979126
0.0 7.394461631774902
0.0 7.423575401306152
0.0 7.456944942474365
0.0 7.5487751960754395
0.0 7.6508331298828125
0.0 7.67326545715332
0.0 7.776705265045166
0.0 7.7971720695495605
0.0 7.869918346405029
0.0 7.871371746063232
0.0 8.129170417785645
0.0 8.152547836303711
0.0 8.338974952697754
0.0 8.387022972106934
0.0 8.477171897888184
0.0 8.535834312438965
0.0 8.599092483520508
0.0 8.613591194152832
0.0 8.616104125976562
0.0 8.659174919128418
0.0 8.83150577545166
0.0 8.835041999816895
0.0 8.90197467803955
0.0 8.932901382446289
0.0 9.28721809387207
0.0 9.30910587310791
0.0 9.572094917297363
0.0 9.858537673950195
0.0 10.131617546081543
0.0 10.151873588562012
0.0 10.26471996307373
0.0 10.327481269836426
0.0 10.331991195678711
0.0 10.445639610290527
0.0 11.156562805175781
0.0 11.233433723449707
0.0 11.86500358581543
0.0 12.035933494567871
0.0 12.282312393188477
0.0 12.507172584533691
0.0 13.488780975341797
0.0 14.01852035522461
0.0 14.0842866897583
0.0 14.446943283081055
0.0 15.658320426940918
0.0 16.27068519592285
0.0 16.98563003540039
0.0 17.3841609954834
0.0 17.429340362548828
0.0 19.196840286254883
0.0 19.405378341674805
0.0 19.590810775756836
0.0 21.66543960571289
0.0 24.875154495239258
0.0 25.107141494750977
0.0 25.29622459411621
0.0 27.53582191467285
0.0 27.65740966796875
0.0 28.8217830657959
0.0 33.17437744140625
0.0 35.74195861816406
0.0 inf
37.08439254760742 64.20341491699219
36.427085876464844 61.991905212402344
19.32136344909668 21.39565658569336
17.64714813232422 24.746084213256836
17.64577293395996 17.872119903564453
17.451969146728516 22.234371185302734
16.086179733276367 17.332237243652344
14.0603666305542 14.790369987487793
13.41921329498291 13.5267972946167
12.620464324951172 16.026588439941406
12.608360290527344 12.958877563476562
11.517542839050293 12.319503784179688
10.823654174804688 13.967058181762695
10.587985038757324 12.756108283996582
10.490674018859863 10.858197212219238
10.455174446105957 12.29481029510498
10.355794906616211 13.545360565185547
10.312275886535645 12.44849681854248
10.07852840423584 11.020652770996094
9.506524085998535 10.985658645629883
9.266454696655273 9.631793975830078
9.191112518310547 9.8665771484375
8.052774429321289 9.387439727783203
7.585528373718262 8.785113334655762
