0.0 4.27498197555542
0.0 4.283438205718994
0.0 4.625489234924316
0.0 5.287790775299072
0.0 5.324777126312256
0.0 5.823256492614746
0.0 6.266559600830078
0.0 6.290103435516357
0.0 6.297144889831543
0.0 6.387498378753662
0.0 6.493277549743652
0.0 6.64079475402832
0.0 6.953166484832764
0.0 7.1932597160339355
0.0 7.555588245391846
0.0 7.645331859588623
0.0 7.824748992919922
0.0 8.091150283813477
0.0 8.141029357910156
0.0 8.233259201049805
0.0 8.32384204864502
0.0 8.380912780761719
0.0 8.439724922180176
0.0 8.449485778808594
0.0 8.492450714111328
0.0 8.529196739196777
0.0 8.537187576293945
0.0 8.565871238708496
0.0 8.607766151428223
0.0 8.639371871948242
0.0 8.688423156738281
0.0 8.757505416870117
0.0 8.836627006530762
0.0 8.919295310974121
0.0 9.159814834594727
0.0 9.186636924743652
0.0 9.262884140014648
0.0 9.311145782470703
0.0 9.360856056213379
0.0 9.520076751708984
0.0 9.594805717468262
0.0 9.769874572753906
0.0 9.894560813903809
0.0 9.959158897399902
0.0 10.062646865844727
0.0 10.113537788391113
0.0 10.505152702331543
0.0 10.58694839477539
0.0 11.296700477600098
0.0 11.448592185974121
0.0 11.508160591125488
0.0 11.562544822692871
0.0 11.84424877166748
0.0 11.954465866088867
0.0 12.0194673538208
0.0 12.104195594787598
0.0 12.461368560791016
0.0 12.89466667175293
0.0 13.301465034484863
0.0 14.50808048248291
0.0 14.644468307495117
0.0 15.068881034851074
0.0 15.129647254943848
0.0 15.199049949645996
0.0 15.203718185424805
0.0 15.382081985473633
0.0 16.33473777770996
0.0 17.187211990356445
0.0 17.535709381103516
0.0 17.96461296081543
0.0 19.995100021362305
0.0 20.94785499572754
0.0 22.54480743408203
0.0 26.33088493347168
0.0 26.49404525756836
0.0 27.8731632232666
0.0 29.034523010253906
0.0 29.956636428833008
0.0 30.19672966003418
0.0 31.38086700439453
0.0 34.498069763183594
0.0 inf
56.60427474975586 60.04391860961914
54.740386962890625 59.46861267089844
50.08373260498047 66.88943481445312
46.35422134399414 64.7599868774414
19.84046745300293 23.076936721801758
18.44343376159668 19.25048065185547
17.686323165893555 22.311532974243164
17.301284790039062 22.183788299560547
15.95097541809082 16.759416580200195
14.506181716918945 15.855330467224121
14.080703735351562 15.5609130859375
14.03581428527832 16.538619995117188
13.890033721923828 16.18467140197754
13.6119384765625 14.231574058532715
12.818582534790039 13.006497383117676
12.704627990722656 13.26183795928955
11.619104385375977 13.818183898925781
11.258819580078125 12.732086181640625
10.844592094421387 14.745487213134766
10.02060604095459 10.627999305725098
9.651704788208008 11.19239330291748
9.621334075927734 10.236186027526855
9.372055053710938 11.738519668579102
8.258065223693848 10.328974723815918
8.254861831665039 10.011186599731445
8.042245864868164 9.114681243896484
