0.0 3.805314302444458
0.0 4.251663684844971
0.0 4.268164157867432
0.0 4.328996658325195
0.0 4.6831955909729
0.0 5.0311665534973145
0.0 5.756690979003906
0.0 6.111854076385498
0.0 6.264666557312012
0.0 6.3425188064575195
0.0 6.347782135009766
0.0 6.376125335693359
0.0 6.505582809448242
0.0 6.693970203399658
0.0 6.721012115478516
0.0 7.353671550750732
0.0 7.58668851852417
0.0 7.635725021362305
0.0 7.9305901527404785
0.0 7.959628105163574
0.0 7.975009918212891
0.0 8.011926651000977
0.0 8.020689964294434
0.0 8.049731254577637
0.0 8.053304672241211
0.0 8.180891036987305
0.0 8.254023551940918
0.0 8.30789566040039
0.0 8.308808326721191
0.0 8.403162002563477
0.0 8.416723251342773
0.0 8.451057434082031
0.0 8.546276092529297
0.0 8.548802375793457
0.0 8.582901000976562
0.0 8.958599090576172
0.0 9.067325592041016
0.0 9.163686752319336
0.0 9.347113609313965
0.0 9.618632316589355
0.0 9.6859130859375
0.0 9.741572380065918
0.0 9.764737129211426
0.0 9.825818061828613
0.0 10.244477272033691
0.0 10.393475532531738
0.0 10.639152526855469
0.0 10.653605461120605
0.0 10.842551231384277
0.0 11.277888298034668
0.0 11.563806533813477
0.0 11.65727424621582
0.0 11.814262390136719
0.0 12.26254940032959
0.0 12.81583023071289
0.0 13.040522575378418
0.0 13.266674041748047
0.0 13.526971817016602
0.0 13.67226791381836
0.0 14.200687408447266
0.0 14.247238159179688
0.0 14.728140830993652
0.0 15.206315994262695
0.0 15.43038558959961
0.0 15.589776992797852
0.0 16.424571990966797
0.0 16.832006454467773
0.0 16.9797306060791
0.0 17.48318099975586
0.0 18.096948623657227
0.0 18.136486053466797
0.0 19.28870391845703
0.0 22.56598472595215
0.0 26.278409957885742
0.0 27.206424713134766
0.0 27.720787048339844
0.0 29.045774459838867
0.0 29.095502853393555
0.0 29.857820510864258
0.0 30.62942886352539
0.0 34.606815338134766
0.0 inf
52.605838775634766 57.95724868774414
46.659088134765625 67.81309509277344
46.05413055419922 61.3698844909668
21.048933029174805 22.4800968170166
19.102872848510742 19.23975372314453
19.06690788269043 22.515512466430664
18.54277801513672 23.890527725219727
17.845699310302734 20.331504821777344
17.36937713623047 17.80730438232422
16.803401947021484 21.04483413696289
15.287620544433594 15.508797645568848
14.66623306274414 16.019695281982422
14.576980590820312 15.46947193145752
14.239358901977539 16.802263259887695
14.116249084472656 15.49295425415039
13.799662590026855 15.056060791015625
10.637750625610352 12.575117111206055
10.555996894836426 12.501601219177246
10.470024108886719 11.66600513458252
10.172033309936523 10.560038566589355
9.596909523010254 11.137802124023438
9.467873573303223 11.14684772491455
9.457856178283691 12.485824584960938
9.438949584960938 10.202706336975098
9.263795852661133 9.334848403930664
8.607149124145508 11.472207069396973
8.596327781677246 10.479008674621582
8.017645835876465 9.194482803344727
