0.0 1.1686636209487915
0.0 1.2401410341262817
0.0 1.300147294998169
0.0 3.4974663257598877
0.0 3.989631414413452
0.0 4.658743858337402
0.0 5.088954448699951
0.0 5.265851020812988
0.0 5.358263969421387
0.0 5.467689514160156
0.0 5.782995700836182
0.0 5.812547206878662
0.0 5.86510705947876
0.0 6.032221794128418
0.0 6.280248641967773
0.0 6.539340972900391
0.0 7.089651107788086
0.0 7.146940231323242
0.0 7.351105690002441
0.0 7.36079740524292
0.0 7.441604137420654
0.0 7.4638800621032715
0.0 7.587673187255859
0.0 7.606813907623291
0.0 7.7103800773620605
0.0 7.736532211303711
0.0 7.778548240661621
0.0 7.784823894500732
0.0 7.792634010314941
0.0 7.807197093963623
0.0 8.01356029510498
0.0 8.120121002197266
0.0 8.312108039855957
0.0 8.390168190002441
0.0 8.395261764526367
0.0 8.431632041931152
0.0 8.453983306884766
0.0 8.477726936340332
0.0 8.490468978881836
0.0 8.558382987976074
0.0 8.559736251831055
0.0 9.074088096618652
0.0 9.26193618774414
0.0 9.273540496826172
0.0 9.308743476867676
0.0 9.43053150177002
0.0 9.644527435302734
0.0 9.699162483215332
0.0 10.03115463256836
0.0 10.213150024414062
0.0 10.543850898742676
0.0 10.792634963989258
0.0 10.815177917480469
0.0 10.950862884521484
0.0 11.246883392333984
0.0 11.458930015563965
0.0 11.914754867553711
0.0 12.232032775878906
0.0 12.55842113494873
0.0 13.057978630065918
0.0 13.270870208740234
0.0 13.891921043395996
0.0 14.404718399047852
0.0 15.413199424743652
0.0 15.960484504699707
0.0 16.08504295349121
0.0 16.863962173461914
0.0 17.051563262939453
0.0 17.29949378967285
0.0 17.919763565063477
0.0 17.972803115844727
0.0 19.047704696655273
0.0 20.62383270263672
0.0 24.957178115844727
0.0 25.929866790771484
0.0 26.75216293334961
0.0 27.684282302856445
0.0 28.507526397705078
0.0 28.94093132019043
0.0 30.21049690246582
0.0 35.89117431640625
0.0 inf
52.00261306762695 55.425071716308594
50.39897537231445 54.771453857421875
42.36929702758789 59.49521255493164
42.32257843017578 64.30451965332031
36.63525390625 39.5552978515625
32.7347526550293 36.2215461730957
18.558048248291016 22.989164352416992
17.554668426513672 21.372802734375
16.998764038085938 18.83087158203125
16.479724884033203 19.547727584838867
16.244050979614258 16.973270416259766
15.22154712677002 15.367980003356934
13.147791862487793 14.14774227142334
12.0103120803833 14.055696487426758
10.921677589416504 12.317718505859375
10.668896675109863 11.106541633605957
10.15563678741455 12.680933952331543
9.872995376586914 10.994251251220703
9.639575004577637 11.129326820373535
9.609099388122559 12.569558143615723
9.529221534729004 10.290130615234375
9.507063865661621 9.688873291015625
9.321528434753418 13.183804512023926
8.914495468139648 10.108033180236816
8.785396575927734 10.74919605255127
8.691058158874512 11.233935356140137
8.340019226074219 9.713369369506836
8.33377742767334 8.607393264770508
7.824774265289307 9.949338912963867
