0.0 3.3055508136749268
0.0 3.959697723388672
0.0 4.250675678253174
0.0 4.29220724105835
0.0 4.353066444396973
0.0 4.394451141357422
0.0 4.9571452140808105
0.0 5.007239818572998
0.0 5.249727725982666
0.0 5.376574993133545
0.0 5.5934038162231445
0.0 6.067198753356934
0.0 6.077403545379639
0.0 6.1753010749816895
0.0 6.30006742477417
0.0 6.337009429931641
0.0 6.346350193023682
0.0 6.347302436828613
0.0 6.422956943511963
0.0 6.436365127563477
0.0 6.658717155456543
0.0 6.728028297424316
0.0 7.003390312194824
0.0 7.214676380157471
0.0 7.300381183624268
0.0 7.3584771156311035
0.0 7.372945308685303
0.0 7.378061294555664
0.0 7.384105205535889
0.0 7.39993953704834
0.0 7.400120258331299
0.0 7.4131317138671875
0.0 7.47470235824585
0.0 7.600354194641113
0.0 7.9990034103393555
0.0 8.205368041992188
0.0 8.296089172363281
0.0 8.431636810302734
0.0 8.480961799621582
0.0 8.492236137390137
0.0 8.509506225585938
0.0 8.548813819885254
0.0 8.813688278198242
0.0 8.839136123657227
0.0 9.134273529052734
0.0 9.231266021728516
0.0 9.292223930358887
0.0 9.43826961517334
0.0 9.501965522766113
0.0 10.136975288391113
0.0 10.22532844543457
0.0 10.28121566772461
0.0 11.430824279785156
0.0 11.529677391052246
0.0 11.666555404663086
0.0 11.707310676574707
0.0 11.75057601928711
0.0 11.99721622467041
0.0 13.11542797088623
0.0 13.262972831726074
0.0 13.875885009765625
0.0 15.30909538269043
0.0 16.0599308013916
0.0 16.18670654296875
0.0 16.44411849975586
0.0 17.439285278320312
0.0 17.52641487121582
0.0 17.636816024780273
0.0 18.646272659301758
0.0 19.746479034423828
0.0 20.203004837036133
0.0 20.766010284423828
0.0 22.387447357177734
0.0 24.65394401550293
0.0 24.852388381958008
0.0 25.081222534179688
0.0 26.067119598388672
0.0 26.61565399169922
0.0 28.947959899902344
0.0 31.828174591064453
0.0 34.131996154785156
0.0 inf
53.5948486328125 60.55808639526367
50.7555046081543 64.21453094482422
35.97134780883789 61.170692443847656
19.650941848754883 21.031721115112305
19.487714767456055 23.279203414916992
19.364072799682617 20.651782989501953
19.35552215576172 20.660381317138672
17.983875274658203 25.03334617614746
14.982828140258789 14.995306015014648
14.69371223449707 18.176477432250977
14.466324806213379 15.58363151550293
14.396134376525879 14.665904998779297
14.363626480102539 17.34568977355957
12.45598316192627 12.9176607131958
11.632864952087402 12.860107421875
10.188995361328125 10.440604209899902
10.181426048278809 10.655303955078125
10.002141952514648 10.084195137023926
9.753097534179688 10.682332992553711
9.6387939453125 11.18854808807373
9.59694766998291 10.485404968261719
9.35361385345459 11.299670219421387
8.51756763458252 10.461092948913574
8.364871978759766 9.10827350616455
7.627869129180908 9.6958646774292
7.427517890930176 9.660005569458008
