0.0 1.1415605545043945
0.0 1.2515289783477783
0.0 2.4730303287506104
0.0 4.4982194900512695
0.0 4.812163352966309
0.0 4.825707912445068
0.0 5.275819301605225
0.0 5.278015613555908
0.0 5.702024936676025
0.0 6.0835795402526855
0.0 6.120486736297607
0.0 6.171075344085693
0.0 6.202579975128174
0.0 6.367228984832764
0.0 6.422669410705566
0.0 6.576745986938477
0.0 6.5906548500061035
0.0 6.761558532714844
0.0 6.788409233093262
0.0 7.365527153015137
0.0 7.431930065155029
0.0 7.524786472320557
0.0 7.670997142791748
0.0 7.6912360191345215
0.0 7.692591190338135
0.0 7.753937721252441
0.0 7.838644027709961
0.0 7.891810417175293
0.0 8.040922164916992
0.0 8.048492431640625
0.0 8.210524559020996
0.0 8.278864860534668
0.0 8.376937866210938
0.0 8.387998580932617
0.0 8.399885177612305
0.0 8.430636405944824
0.0 8.433375358581543
0.0 8.435425758361816
0.0 8.450532913208008
0.0 8.544623374938965
0.0 8.639422416687012
0.0 8.818970680236816
0.0 9.076116561889648
0.0 9.253804206848145
0.0 9.321224212646484
0.0 9.345826148986816
0.0 9.56381893157959
0.0 9.76298999786377
0.0 10.073229789733887
0.0 10.257323265075684
0.0 10.382025718688965
0.0 11.106636047363281
0.0 11.58952808380127
0.0 12.300554275512695
0.0 12.586261749267578
0.0 12.643044471740723
0.0 12.812305450439453
0.0 13.457511901855469
0.0 13.647855758666992
0.0 13.664939880371094
0.0 14.246578216552734
0.0 14.665196418762207
0.0 14.830348014831543
0.0 14.992371559143066
0.0 15.261085510253906
0.0 15.42967700958252
0.0 16.0406436920166
0.0 16.403413772583008
0.0 17.920637130737305
0.0 18.118228912353516
0.0 18.395334243774414
0.0 19.707164764404297
0.0 20.117094039916992
0.0 26.212671279907227
0.0 26.452491760253906
0.0 27.0290584564209
0.0 28.714040756225586
0.0 29.111854553222656
0.0 29.73055648803711
0.0 31.950681686401367
0.0 34.16270065307617
0.0 inf
54.76909255981445 56.46067428588867
51.03857421875 57.79418182373047
48.04292678833008 64.84127807617188
45.63254165649414 62.04328918457031
39.63717269897461 40.31364059448242
36.183807373046875 37.43980026245117
19.617464065551758 22.992464065551758
18.485368728637695 18.62822151184082
17.85882568359375 17.96756362915039
17.45706558227539 21.279438018798828
17.290306091308594 18.0262451171875
17.234689712524414 18.8239803314209
16.863521575927734 18.430187225341797
16.48300552368164 20.52414894104004
15.509292602539062 18.748971939086914
15.220598220825195 16.039966583251953
10.043307304382324 12.19640064239502
9.999624252319336 12.722915649414062
9.459855079650879 11.658052444458008
9.453242301940918 11.122344970703125
9.451313018798828 10.414036750793457
9.396678924560547 13.218862533569336
9.359626770019531 12.554222106933594
9.316667556762695 10.344120025634766
9.115259170532227 11.193560600280762
9.102947235107422 10.932462692260742
8.990097045898438 10.215555191040039
8.294233322143555 9.907572746276855
8.082538604736328 9.085086822509766
7.936115741729736 9.173576354980469
