0.0 3.8751113414764404
0.0 4.2219109535217285
0.0 4.3630805015563965
0.0 4.490422248840332
0.0 4.544178485870361
0.0 4.628776550292969
0.0 5.554487705230713
0.0 5.6235246658325195
0.0 5.916130542755127
0.0 6.3358683586120605
0.0 6.344900608062744
0.0 6.475755214691162
0.0 6.489799976348877
0.0 6.712367534637451
0.0 6.839766979217529
0.0 7.007575988769531
0.0 7.233090400695801
0.0 7.336302757263184
0.0 7.374273777008057
0.0 7.374445915222168
0.0 7.3958563804626465
0.0 7.411192417144775
0.0 7.4392476081848145
0.0 7.474472999572754
0.0 7.52889347076416
0.0 7.668026447296143
0.0 7.761229038238525
0.0 7.832137107849121
0.0 7.964829921722412
0.0 8.197775840759277
0.0 8.288823127746582
0.0 8.331877708435059
0.0 8.397374153137207
0.0 8.414705276489258
0.0 8.606718063354492
0.0 8.731492042541504
0.0 8.757843017578125
0.0 8.795645713806152
0.0 8.966405868530273
0.0 8.978742599487305
0.0 9.04627799987793
0.0 9.060333251953125
0.0 9.13143253326416
0.0 9.305578231811523
0.0 9.615203857421875
0.0 9.909100532531738
0.0 10.082103729248047
0.0 10.684248924255371
0.0 10.770607948303223
0.0 10.942214012145996
0.0 10.956599235534668
0.0 11.433114051818848
0.0 12.444244384765625
0.0 12.538472175598145
0.0 12.787610054016113
0.0 12.84201431274414
0.0 12.86137866973877
0.0 13.000288963317871
0.0 13.167591094970703
0.0 13.537321090698242
0.0 13.849900245666504
0.0 14.033348083496094
0.0 14.8080415725708
0.0 15.359967231750488
0.0 15.580181121826172
0.0 15.768318176269531
0.0 16.062772750854492
0.0 17.326644897460938
0.0 18.189767837524414
0.0 18.299365997314453
0.0 18.66037940979004
0.0 19.274280548095703
0.0 19.387096405029297
0.0 20.253854751586914
0.0 23.08401870727539
0.0 27.33891487121582
0.0 29.488462448120117
0.0 29.95206069946289
0.0 31.580583572387695
0.0 33.54246520996094
0.0 35.14712142944336
0.0 inf
53.27119827270508 69.69734191894531
46.08327102661133 66.31695556640625
40.7431755065918 42.92006301879883
20.564516067504883 20.928882598876953
18.670761108398438 19.461318969726562
18.350324630737305 24.81473159790039
16.92685890197754 18.584020614624023
16.2618465423584 17.52245330810547
15.687922477722168 19.4327392578125
15.261190414428711 16.16799545288086
14.52674674987793 15.463053703308105
14.457850456237793 18.501842498779297
11.917529106140137 13.556916236877441
10.595292091369629 13.194547653198242
10.11064338684082 12.504042625427246
9.841238021850586 12.407691955566406
9.638143539428711 10.831058502197266
9.595877647399902 12.393798828125
9.531664848327637 10.547985076904297
9.463629722595215 10.67436695098877
8.955812454223633 9.648689270019531
8.809694290161133 11.25487995147705
8.775235176086426 9.6295747756958
8.14760971069336 9.06579875946045
8.075852394104004 8.96914005279541
8.031797409057617 10.475072860717773
7.730166435241699 9.883728981018066
7.007849216461182 7.479650974273682
