0.0 4.341405868530273
0.0 4.473754405975342
0.0 4.759340763092041
0.0 4.769431114196777
0.0 4.869717597961426
0.0 5.302783012390137
0.0 5.538699150085449
0.0 5.549395561218262
0.0 5.813263893127441
0.0 5.84823751449585
0.0 5.889559268951416
0.0 6.108627796173096
0.0 6.110526084899902
0.0 6.346969127655029
0.0 6.387521266937256
0.0 6.410482406616211
0.0 6.446267604827881
0.0 6.678098678588867
0.0 6.723277568817139
0.0 6.747535228729248
0.0 6.784877300262451
0.0 6.859194755554199
0.0 6.989626884460449
0.0 7.020219802856445
0.0 7.272918224334717
0.0 7.533269882202148
0.0 7.604489326477051
0.0 7.613942623138428
0.0 7.7641472816467285
0.0 7.810243129730225
0.0 7.927663326263428
0.0 7.989349842071533
0.0 8.097793579101562
0.0 8.120701789855957
0.0 8.186110496520996
0.0 8.298955917358398
0.0 8.340312957763672
0.0 8.41658878326416
0.0 8.592412948608398
0.0 8.703269004821777
0.0 8.849971771240234
0.0 8.94947338104248
0.0 9.013041496276855
0.0 9.030227661132812
0.0 9.041131973266602
0.0 9.060846328735352
0.0 9.235264778137207
0.0 9.409403800964355
0.0 9.423617362976074
0.0 9.441835403442383
0.0 9.490467071533203
0.0 10.300760269165039
0.0 10.630477905273438
0.0 10.632122993469238
0.0 10.6686429977417
0.0 10.769244194030762
0.0 10.791305541992188
0.0 12.180625915527344
0.0 12.598962783813477
0.0 13.062932014465332
0.0 13.195943832397461
0.0 13.659911155700684
0.0 14.154553413391113
0.0 14.575620651245117
0.0 14.877968788146973
0.0 15.046420097351074
0.0 16.10988426208496
0.0 16.679546356201172
0.0 16.712162017822266
0.0 19.21538543701172
0.0 19.22052001953125
0.0 20.145225524902344
0.0 23.498943328857422
0.0 25.771665573120117
0.0 28.67453384399414
0.0 29.288475036621094
0.0 29.361495971679688
0.0 30.28217124938965
0.0 32.15856170654297
0.0 32.514896392822266
0.0 36.29023361206055
0.0 inf
59.37392807006836 63.32958984375
57.62430953979492 66.32063293457031
48.15796661376953 68.77774047851562
20.867521286010742 21.52286148071289
17.319286346435547 26.702457427978516
16.774629592895508 20.245885848999023
13.383755683898926 15.098994255065918
13.297191619873047 14.51097297668457
11.59389877319336 11.81407356262207
11.57444953918457 12.693849563598633
11.388846397399902 12.895121574401855
11.255311965942383 11.426886558532715
11.071711540222168 11.132782936096191
9.934249877929688 12.410584449768066
9.559688568115234 11.905138969421387
9.529895782470703 9.67405891418457
9.481694221496582 10.61329460144043
9.445683479309082 9.44681167602539
9.410904884338379 10.227150917053223
9.22270679473877 9.965075492858887
9.037161827087402 10.3412446975708
9.019579887390137 10.750374794006348
8.993223190307617 11.976727485656738
8.992293357849121 11.722683906555176
8.278064727783203 9.802695274353027
8.177693367004395 9.54477596282959
7.9719133377075195 8.379777908325195
6.971048355102539 8.360115051269531
