0.0 4.6220221519470215
0.0 4.728536128997803
0.0 4.749325752258301
0.0 5.343934535980225
0.0 5.509632587432861
0.0 5.5922112464904785
0.0 5.645723342895508
0.0 5.674149036407471
0.0 5.725392818450928
0.0 5.767833232879639
0.0 5.867398262023926
0.0 5.938102722167969
0.0 6.057982921600342
0.0 6.318881034851074
0.0 6.371812343597412
0.0 6.407635688781738
0.0 6.6681694984436035
0.0 6.686336994171143
0.0 6.702341079711914
0.0 6.734888076782227
0.0 6.782623767852783
0.0 6.785247325897217
0.0 6.8256306648254395
0.0 6.86768102645874
0.0 7.08357572555542
0.0 7.155843257904053
0.0 7.366776466369629
0.0 7.3718132972717285
0.0 7.372803688049316
0.0 7.4690260887146
0.0 7.4809184074401855
0.0 7.536104202270508
0.0 7.53770637512207
0.0 7.574998378753662
0.0 7.610904693603516
0.0 7.793482303619385
0.0 8.19591999053955
0.0 8.35311508178711
0.0 8.373380661010742
0.0 8.380074501037598
0.0 8.398245811462402
0.0 8.406705856323242
0.0 8.435376167297363
0.0 8.460732460021973
0.0 8.469453811645508
0.0 8.52115249633789
0.0 8.593414306640625
0.0 8.716280937194824
0.0 8.738507270812988
0.0 8.836465835571289
0.0 9.25407600402832
0.0 9.29339599609375
0.0 9.509950637817383
0.0 9.996198654174805
0.0 10.397963523864746
0.0 10.594306945800781
0.0 10.683887481689453
0.0 11.410894393920898
0.0 11.491799354553223
0.0 11.981106758117676
0.0 12.088393211364746
0.0 12.794781684875488
0.0 14.154487609863281
0.0 16.07722282409668
0.0 16.512800216674805
0.0 17.417268753051758
0.0 17.988719940185547
0.0 18.316829681396484
0.0 19.341880798339844
0.0 19.64046859741211
0.0 19.830541610717773
0.0 20.32663917541504
0.0 20.717538833618164
0.0 27.633377075195312
0.0 28.783611297607422
0.0 29.6667423248291
0.0 30.75259017944336
0.0 31.904537200927734
0.0 32.376407623291016
0.0 32.47489929199219
0.0 37.757930755615234
0.0 inf
50.54258346557617 69.84877014160156
47.70424270629883 78.02899169921875
19.957792282104492 27.893524169921875
18.56300926208496 21.911724090576172
18.309343338012695 20.778301239013672
13.593033790588379 14.612363815307617
12.10544490814209 14.463752746582031
11.843734741210938 12.99345588684082
10.728257179260254 11.052351951599121
10.139973640441895 11.070806503295898
9.708269119262695 10.399190902709961
9.661493301391602 11.736108779907227
9.534801483154297 10.397302627563477
9.531266212463379 10.655646324157715
9.48352336883545 10.582075119018555
9.41582202911377 12.554841041564941
9.413581848144531 11.785762786865234
9.399316787719727 10.432445526123047
9.327360153198242 11.623257637023926
9.257624626159668 9.937226295471191
9.1659574508667 10.714019775390625
8.605774879455566 9.061134338378906
8.503153800964355 11.180327415466309
8.48575210571289 9.995729446411133
8.482880592346191 10.497156143188477
8.348503112792969 9.845935821533203
7.671573638916016 7.708712577819824
