0.0 1.3438183069229126
0.0 1.4837783575057983
0.0 1.5119539499282837
0.0 3.8478569984436035
0.0 3.966611623764038
0.0 4.464593410491943
0.0 4.52474308013916
0.0 4.698492050170898
0.0 4.802055835723877
0.0 5.352949142456055
0.0 5.614002227783203
0.0 5.621482849121094
0.0 5.652480125427246
0.0 5.675100326538086
0.0 6.205990791320801
0.0 6.2625885009765625
0.0 6.30679178237915
0.0 6.360145568847656
0.0 6.394505023956299
0.0 6.395844459533691
0.0 6.654654502868652
0.0 6.82290506362915
0.0 7.003109931945801
0.0 7.005405902862549
0.0 7.075037956237793
0.0 7.467722415924072
0.0 7.513847351074219
0.0 7.532165050506592
0.0 7.543768882751465
0.0 7.620904922485352
0.0 7.707789421081543
0.0 7.797397613525391
0.0 7.958855628967285
0.0 7.979082107543945
0.0 8.171185493469238
0.0 8.234403610229492
0.0 8.353196144104004
0.0 8.514572143554688
0.0 8.585468292236328
0.0 8.593095779418945
0.0 8.647828102111816
0.0 8.67067813873291
0.0 8.690159797668457
0.0 8.75531005859375
0.0 8.77906322479248
0.0 8.809630393981934
0.0 8.886470794677734
0.0 9.016096115112305
0.0 9.158206939697266
0.0 9.56896686553955
0.0 9.697244644165039
0.0 9.775553703308105
0.0 10.633913040161133
0.0 10.770023345947266
0.0 11.368143081665039
0.0 11.682513236999512
0.0 11.896778106689453
0.0 12.064118385314941
0.0 13.092763900756836
0.0 13.149895668029785
0.0 13.632342338562012
0.0 13.94497299194336
0.0 14.120271682739258
0.0 15.012395858764648
0.0 15.517049789428711
0.0 15.678529739379883
0.0 15.699422836303711
0.0 16.814605712890625
0.0 18.738014221191406
0.0 19.041385650634766
0.0 19.923006057739258
0.0 20.5376033782959
0.0 20.631269454956055
0.0 23.50823211669922
0.0 24.06878089904785
0.0 24.246461868286133
0.0 27.97266387939453
0.0 28.693857192993164
0.0 31.320701599121094
0.0 31.88712501525879
0.0 33.16810607910156
0.0 inf
48.10747146606445 67.27970886230469
43.27915573120117 45.259742736816406
42.067039489746094 65.44513702392578
35.703243255615234 37.93489074707031
20.92789649963379 21.912601470947266
17.727359771728516 20.618024826049805
16.564006805419922 24.143474578857422
15.926369667053223 16.756725311279297
15.109335899353027 16.274980545043945
12.423964500427246 12.779215812683105
11.683491706848145 12.006929397583008
10.689045906066895 11.170639038085938
10.472526550292969 12.083863258361816
9.733738899230957 10.279020309448242
9.407501220703125 9.69190502166748
9.403325080871582 13.648350715637207
9.368266105651855 12.856721878051758
9.15555191040039 10.75041675567627
8.945231437683105 12.640180587768555
7.996474742889404 8.809097290039062
7.326337814331055 8.34818172454834
