0.0 2.422743082046509
0.0 3.791503667831421
0.0 4.238217353820801
0.0 4.378036975860596
0.0 4.690457344055176
0.0 5.060670852661133
0.0 5.310475826263428
0.0 5.400643825531006
0.0 5.709400177001953
0.0 5.715646266937256
0.0 6.337406635284424
0.0 6.373275279998779
0.0 6.667230129241943
0.0 7.022419452667236
0.0 7.022904396057129
0.0 7.031334400177002
0.0 7.273025035858154
0.0 7.365460395812988
0.0 7.397733688354492
0.0 7.397877216339111
0.0 7.40278434753418
0.0 7.410364151000977
0.0 7.437081336975098
0.0 7.438173770904541
0.0 7.4886794090271
0.0 7.643328666687012
0.0 7.761822700500488
0.0 7.826075553894043
0.0 8.042961120605469
0.0 8.2470064163208
0.0 8.257674217224121
0.0 8.268486976623535
0.0 8.420156478881836
0.0 8.420467376708984
0.0 8.51530647277832
0.0 8.524101257324219
0.0 8.731070518493652
0.0 8.755340576171875
0.0 9.076224327087402
0.0 9.093106269836426
0.0 9.271177291870117
0.0 9.410884857177734
0.0 9.43826961517334
0.0 9.459047317504883
0.0 9.578169822692871
0.0 9.603413581848145
0.0 9.622102737426758
0.0 9.78177547454834
0.0 10.22034740447998
0.0 10.36528491973877
0.0 10.636727333068848
0.0 10.706595420837402
0.0 10.930309295654297
0.0 11.066512107849121
0.0 11.448074340820312
0.0 11.767545700073242
0.0 12.122876167297363
0.0 12.930031776428223
0.0 13.111015319824219
0.0 13.359450340270996
0.0 13.606916427612305
0.0 13.613935470581055
0.0 13.819375991821289
0.0 15.751920700073242
0.0 15.801029205322266
0.0 17.11176300048828
0.0 17.476621627807617
0.0 17.58395004272461
0.0 17.622167587280273
0.0 18.96116828918457
0.0 19.205753326416016
0.0 20.431922912597656
0.0 22.332027435302734
0.0 23.696269989013672
0.0 24.82866859436035
0.0 25.972505569458008
0.0 25.99364471435547
0.0 26.23720359802246
0.0 29.837034225463867
0.0 30.624929428100586
0.0 32.066612243652344
0.0 inf
50.55057907104492 51.36288070678711
48.16884231567383 61.848209381103516
38.99337387084961 58.66017532348633
19.779237747192383 22.92985725402832
19.638410568237305 21.740219116210938
18.512786865234375 24.650272369384766
17.165607452392578 18.19270133972168
16.89072608947754 17.201393127441406
14.745306015014648 18.02004051208496
14.043375015258789 14.699989318847656
13.900385856628418 15.19632339477539
13.658974647521973 17.42233657836914
12.83864974975586 13.22015380859375
11.961904525756836 12.946544647216797
11.832451820373535 13.078230857849121
11.648646354675293 15.375052452087402
11.354463577270508 11.821672439575195
10.655076026916504 11.237786293029785
10.371623039245605 12.612704277038574
10.132440567016602 10.521591186523438
10.132394790649414 11.315387725830078
9.473281860351562 11.283256530761719
9.419485092163086 10.724288940429688
8.628727912902832 10.48598861694336
8.345396041870117 9.353771209716797
7.521106243133545 10.370683670043945
7.4423956871032715 9.866000175476074
