0.0 1.1400439739227295
0.0 1.158614993095398
0.0 1.162479281425476
0.0 3.831620931625366
0.0 4.430159568786621
0.0 4.944074630737305
0.0 5.281167984008789
0.0 5.29138708114624
0.0 5.439455509185791
0.0 5.633409023284912
0.0 5.749549388885498
0.0 5.752604961395264
0.0 5.779947280883789
0.0 6.146376609802246
0.0 6.230209827423096
0.0 6.506068229675293
0.0 6.507181167602539
0.0 6.6582932472229
0.0 6.838427543640137
0.0 7.096065044403076
0.0 7.166347980499268
0.0 7.216537952423096
0.0 7.227536678314209
0.0 7.273216724395752
0.0 7.311666011810303
0.0 7.481799125671387
0.0 7.509037494659424
0.0 7.622635364532471
0.0 7.711951732635498
0.0 7.869009017944336
0.0 7.886949062347412
0.0 7.945149898529053
0.0 7.965072154998779
0.0 8.060293197631836
0.0 8.338739395141602
0.0 8.39664077758789
0.0 8.451184272766113
0.0 8.522248268127441
0.0 8.5524263381958
0.0 8.661727905273438
0.0 8.668569564819336
0.0 8.678620338439941
0.0 8.778026580810547
0.0 8.7910795211792
0.0 8.841808319091797
0.0 8.92139720916748
0.0 9.002558708190918
0.0 10.318524360656738
0.0 10.46125602722168
0.0 10.698101997375488
0.0 11.1324462890625
0.0 11.137429237365723
0.0 11.189556121826172
0.0 11.192656517028809
0.0 11.27994441986084
0.0 11.567010879516602
0.0 12.553674697875977
0.0 12.668858528137207
0.0 13.245136260986328
0.0 13.683866500854492
0.0 14.726958274841309
0.0 14.763053894042969
0.0 14.850448608398438
0.0 14.884551048278809
0.0 15.272290229797363
0.0 16.367055892944336
0.0 16.585010528564453
0.0 17.46068000793457
0.0 20.67571258544922
0.0 21.843650817871094
0.0 22.92310333251953
0.0 22.932353973388672
0.0 23.057220458984375
0.0 23.176311492919922
0.0 23.56766700744629
0.0 24.896944046020508
0.0 25.775869369506836
0.0 26.624698638916016
0.0 27.671417236328125
0.0 28.715150833129883
0.0 32.32313919067383
0.0 inf
44.92338562011719 45.60120391845703
41.05577087402344 42.412845611572266
40.74335861206055 63.45762634277344
36.45036697387695 37.86311721801758
35.63163375854492 61.92384338378906
31.224985122680664 35.26598358154297
18.909366607666016 25.012178421020508
18.481990814208984 21.535581588745117
18.377553939819336 22.700727462768555
16.414318084716797 16.849323272705078
15.754474639892578 17.55980110168457
15.035980224609375 17.85657501220703
11.702531814575195 12.51258659362793
11.569626808166504 12.795863151550293
11.43116283416748 13.304176330566406
11.383195877075195 13.150808334350586
10.743378639221191 11.134281158447266
10.663040161132812 12.860176086425781
10.427604675292969 10.47988224029541
9.945412635803223 10.976860046386719
9.747090339660645 12.515438079833984
9.304729461669922 14.290282249450684
8.35950756072998 9.69871997833252
8.081128120422363 8.27320384979248
7.549045562744141 8.833551406860352
