0.0 2.48896861076355
0.0 3.330595016479492
0.0 4.325753688812256
0.0 5.06881856918335
0.0 5.513573169708252
0.0 5.6086297035217285
0.0 5.80657434463501
0.0 5.8899922370910645
0.0 6.285380840301514
0.0 6.311151027679443
0.0 6.315310955047607
0.0 6.576365947723389
0.0 6.583615303039551
0.0 6.606850624084473
0.0 6.60897159576416
0.0 6.6663384437561035
0.0 6.874454021453857
0.0 6.987853050231934
0.0 7.381112098693848
0.0 7.3852152824401855
0.0 7.486406326293945
0.0 7.5374064445495605
0.0 7.6186089515686035
0.0 7.629488945007324
0.0 7.657907962799072
0.0 7.852802276611328
0.0 8.277548789978027
0.0 8.364813804626465
0.0 8.39709758758545
0.0 8.417839050292969
0.0 8.48686695098877
0.0 8.560882568359375
0.0 8.57211685180664
0.0 8.797229766845703
0.0 9.045173645019531
0.0 9.182658195495605
0.0 9.230998992919922
0.0 9.272063255310059
0.0 9.354074478149414
0.0 9.35547161102295
0.0 9.425538063049316
0.0 9.468022346496582
0.0 9.500672340393066
0.0 9.553834915161133
0.0 9.81135368347168
0.0 10.21212387084961
0.0 10.213817596435547
0.0 10.23578929901123
0.0 10.371880531311035
0.0 10.5281982421875
0.0 10.603936195373535
0.0 10.855518341064453
0.0 10.859283447265625
0.0 11.004091262817383
0.0 11.066779136657715
0.0 11.49215030670166
0.0 12.496826171875
0.0 12.538446426391602
0.0 13.203999519348145
0.0 13.217744827270508
0.0 13.348459243774414
0.0 13.542206764221191
0.0 15.011256217956543
0.0 16.034435272216797
0.0 17.44774055480957
0.0 17.645387649536133
0.0 18.03673553466797
0.0 19.10980796813965
0.0 19.70377540588379
0.0 20.275928497314453
0.0 21.300338745117188
0.0 21.979843139648438
0.0 22.258352279663086
0.0 24.7137451171875
0.0 25.09640121459961
0.0 25.629518508911133
0.0 26.666662216186523
0.0 27.14848518371582
0.0 29.920055389404297
0.0 30.35345458984375
0.0 31.30181884765625
0.0 inf
39.29676055908203 59.5511474609375
38.35979080200195 38.372989654541016
37.015052795410156 61.837947845458984
35.13130187988281 40.54631805419922
23.491836547851562 28.620311737060547
19.174814224243164 21.159286499023438
17.392322540283203 19.180015563964844
16.90791893005371 20.1109561920166
15.807896614074707 16.1510009765625
15.020856857299805 16.557781219482422
14.480175971984863 14.621082305908203
13.977751731872559 16.2995662689209
13.698729515075684 16.055082321166992
11.631689071655273 12.283853530883789
10.923456192016602 13.182395935058594
10.469196319580078 11.220202445983887
10.446059226989746 11.732475280761719
9.592031478881836 12.676725387573242
9.454201698303223 12.55617618560791
8.657532691955566 8.973011016845703
8.449565887451172 10.525934219360352
7.683028697967529 9.007633209228516
