0.0 2.4707412719726562
0.0 3.794924259185791
0.0 4.220739364624023
0.0 4.456254482269287
0.0 5.147315502166748
0.0 5.235996246337891
0.0 5.386679649353027
0.0 5.429181098937988
0.0 5.533783435821533
0.0 5.573588848114014
0.0 5.753225803375244
0.0 6.293422698974609
0.0 6.320672988891602
0.0 6.360088348388672
0.0 6.410756587982178
0.0 6.4327616691589355
0.0 6.703728199005127
0.0 6.82070779800415
0.0 6.994248390197754
0.0 6.997462272644043
0.0 7.0375213623046875
0.0 7.329596519470215
0.0 7.374617099761963
0.0 7.434780120849609
0.0 7.476659297943115
0.0 7.614916801452637
0.0 7.632652282714844
0.0 7.735055446624756
0.0 8.194877624511719
0.0 8.249458312988281
0.0 8.309870719909668
0.0 8.395204544067383
0.0 8.396698951721191
0.0 8.522697448730469
0.0 8.530969619750977
0.0 8.680813789367676
0.0 9.04513168334961
0.0 9.0590238571167
0.0 9.217259407043457
0.0 9.357280731201172
0.0 9.40542984008789
0.0 9.470433235168457
0.0 9.47581958770752
0.0 9.569710731506348
0.0 9.652132987976074
0.0 9.82089614868164
0.0 9.92501163482666
0.0 10.1514892578125
0.0 10.172164916992188
0.0 10.220121383666992
0.0 10.77467155456543
0.0 10.799958229064941
0.0 11.04028034210205
0.0 11.0645751953125
0.0 11.159757614135742
0.0 11.326400756835938
0.0 11.473617553710938
0.0 12.893284797668457
0.0 12.998106956481934
0.0 13.389809608459473
0.0 13.404664039611816
0.0 13.575690269470215
0.0 14.168027877807617
0.0 16.08730125427246
0.0 16.155906677246094
0.0 16.386844635009766
0.0 17.51470375061035
0.0 18.200082778930664
0.0 18.645292282104492
0.0 19.225242614746094
0.0 19.547889709472656
0.0 19.677339553833008
0.0 22.946733474731445
0.0 23.243698120117188
0.0 24.82729721069336
0.0 26.049816131591797
0.0 26.172168731689453
0.0 26.55091094970703
0.0 29.51411247253418
0.0 29.845212936401367
0.0 32.861114501953125
0.0 inf
49.76020050048828 52.54975509643555
49.61320877075195 61.24574661254883
37.45454788208008 58.842193603515625
19.652589797973633 21.88165283203125
19.625797271728516 23.02783203125
18.43121910095215 24.303075790405273
17.234329223632812 18.272371292114258
17.189350128173828 17.801803588867188
14.790356636047363 18.06821632385254
13.936314582824707 14.998724937438965
13.740715980529785 17.942440032958984
13.139527320861816 13.271727561950684
12.868712425231934 13.755295753479004
12.43409252166748 12.746259689331055
12.366560935974121 12.56263542175293
11.787532806396484 13.656462669372559
10.65957260131836 14.82524299621582
10.632378578186035 11.848795890808105
10.591120719909668 12.577577590942383
10.118048667907715 10.613114356994629
9.962812423706055 10.873193740844727
9.451484680175781 11.400399208068848
9.35953426361084 9.934632301330566
8.511113166809082 10.509146690368652
8.316864013671875 9.49915885925293
7.543128490447998 9.016667366027832
7.384195804595947 9.033278465270996
