0.0 2.5026299953460693
0.0 2.888500213623047
0.0 3.5310399532318115
0.0 3.8680505752563477
0.0 4.2580180168151855
0.0 4.37532901763916
0.0 5.236348628997803
0.0 5.237170219421387
0.0 5.2418742179870605
0.0 5.367358207702637
0.0 5.424903869628906
0.0 5.613138675689697
0.0 5.907748222351074
0.0 6.272985935211182
0.0 6.290736198425293
0.0 6.32954216003418
0.0 6.360985279083252
0.0 6.6381378173828125
0.0 6.673852920532227
0.0 7.173918724060059
0.0 7.306188583374023
0.0 7.364368915557861
0.0 7.366573810577393
0.0 7.372579097747803
0.0 7.434805393218994
0.0 7.4472432136535645
0.0 7.533007621765137
0.0 7.598508834838867
0.0 7.874303817749023
0.0 7.974304676055908
0.0 8.104131698608398
0.0 8.137392044067383
0.0 8.253706932067871
0.0 8.278804779052734
0.0 8.373549461364746
0.0 8.3914155960083
0.0 8.418200492858887
0.0 8.446725845336914
0.0 8.504176139831543
0.0 8.53146743774414
0.0 8.532608032226562
0.0 8.595227241516113
0.0 8.790046691894531
0.0 8.804630279541016
0.0 8.998845100402832
0.0 9.116592407226562
0.0 9.341073036193848
0.0 9.447293281555176
0.0 9.460535049438477
0.0 10.23425006866455
0.0 10.485466957092285
0.0 10.648543357849121
0.0 10.843213081359863
0.0 10.880765914916992
0.0 11.179466247558594
0.0 11.433633804321289
0.0 11.543872833251953
0.0 12.15920352935791
0.0 13.220303535461426
0.0 13.721841812133789
0.0 13.897945404052734
0.0 15.776522636413574
0.0 15.96523666381836
0.0 16.013269424438477
0.0 16.14056968688965
0.0 17.115819931030273
0.0 17.348081588745117
0.0 17.495227813720703
0.0 17.819961547851562
0.0 18.59634780883789
0.0 19.93116569519043
0.0 21.21492576599121
0.0 21.597461700439453
0.0 23.87030601501465
0.0 24.16524314880371
0.0 24.686716079711914
0.0 25.66476821899414
0.0 26.065250396728516
0.0 27.960662841796875
0.0 31.91961097717285
0.0 35.535804748535156
0.0 inf
52.17396545410156 58.69438552856445
49.41707992553711 52.39441680908203
48.99608612060547 61.008209228515625
37.01902770996094 37.38803482055664
36.15795135498047 57.063846588134766
19.629152297973633 21.116884231567383
19.48470115661621 23.32499122619629
19.2413272857666 20.01207160949707
18.336193084716797 19.797565460205078
17.873498916625977 25.28004264831543
14.689525604248047 17.601539611816406
14.151307106018066 17.18010139465332
13.461433410644531 13.919356346130371
13.113215446472168 14.910449028015137
12.877763748168945 13.769309043884277
11.612960815429688 13.924973487854004
11.43235969543457 12.318410873413086
10.196575164794922 10.427103042602539
9.969643592834473 12.892642974853516
9.65184211730957 11.284553527832031
9.606752395629883 11.116498947143555
9.59719467163086 10.056461334228516
9.560604095458984 12.343470573425293
8.581689834594727 11.813674926757812
8.44372844696045 10.38724422454834
8.32744312286377 8.47508430480957
7.612598419189453 10.423958778381348
