0.0 2.7931034564971924
0.0 3.492342472076416
0.0 3.740607500076294
0.0 3.752455472946167
0.0 4.279930591583252
0.0 4.7499494552612305
0.0 5.038806915283203
0.0 5.251803398132324
0.0 5.59912633895874
0.0 5.831258773803711
0.0 6.275071144104004
0.0 6.296574592590332
0.0 6.301230430603027
0.0 6.340305805206299
0.0 6.5254411697387695
0.0 6.623960971832275
0.0 6.655823707580566
0.0 6.664764404296875
0.0 6.860302448272705
0.0 6.914737701416016
0.0 7.073363780975342
0.0 7.317528247833252
0.0 7.370057582855225
0.0 7.392674922943115
0.0 7.399781703948975
0.0 7.727930068969727
0.0 7.811908721923828
0.0 7.859103202819824
0.0 7.874273777008057
0.0 8.05309009552002
0.0 8.148120880126953
0.0 8.291862487792969
0.0 8.319037437438965
0.0 8.381729125976562
0.0 8.386938095092773
0.0 8.396331787109375
0.0 8.427143096923828
0.0 8.433320999145508
0.0 8.443085670471191
0.0 8.48233699798584
0.0 8.68481159210205
0.0 8.894482612609863
0.0 9.283379554748535
0.0 9.32944107055664
0.0 9.531355857849121
0.0 9.744685173034668
0.0 9.747492790222168
0.0 9.897552490234375
0.0 10.158841133117676
0.0 10.492380142211914
0.0 10.681286811828613
0.0 10.855645179748535
0.0 10.914076805114746
0.0 10.932690620422363
0.0 11.066156387329102
0.0 11.21401309967041
0.0 11.235657691955566
0.0 12.115303039550781
0.0 12.406286239624023
0.0 12.687104225158691
0.0 13.003385543823242
0.0 14.44310474395752
0.0 14.492256164550781
0.0 15.38709545135498
0.0 17.29486846923828
0.0 17.407541275024414
0.0 18.647056579589844
0.0 19.95027732849121
0.0 20.341625213623047
0.0 20.575450897216797
0.0 20.916173934936523
0.0 21.557952880859375
0.0 22.035602569580078
0.0 22.273757934570312
0.0 26.01643943786621
0.0 26.581205368041992
0.0 26.716529846191406
0.0 27.354446411132812
0.0 29.926876068115234
0.0 32.31354904174805
0.0 34.24030685424805
0.0 inf
45.79676055908203 46.49748611450195
44.42235565185547 47.40773010253906
41.12476348876953 59.15827941894531
40.7197265625 62.59742736816406
35.89537048339844 40.21587371826172
35.32107162475586 40.01620864868164
22.55530548095703 23.784303665161133
22.160572052001953 28.093568801879883
18.04891014099121 18.419498443603516
16.485488891601562 20.024795532226562
15.704036712646484 19.697437286376953
13.730822563171387 14.394060134887695
13.436164855957031 15.135029792785645
12.516154289245605 14.470253944396973
11.858545303344727 11.904208183288574
11.185286521911621 12.09855842590332
10.76972484588623 13.428173065185547
10.578298568725586 11.381044387817383
10.554317474365234 10.675002098083496
10.180742263793945 10.21064567565918
10.149150848388672 12.22928524017334
9.969581604003906 12.318947792053223
9.914609909057617 10.251694679260254
9.568314552307129 9.677570343017578
9.40257740020752 11.79445743560791
9.283424377441406 10.446176528930664
9.265888214111328 10.387701988220215
9.148672103881836 10.095410346984863
8.737207412719727 10.472304344177246
8.476901054382324 11.1005859375
7.572769641876221 8.961301803588867
7.556258678436279 9.124472618103027
