0.0 4.278934001922607
0.0 4.283358097076416
0.0 4.285022258758545
0.0 4.448130130767822
0.0 4.953939914703369
0.0 5.336851119995117
0.0 6.109419345855713
0.0 6.3508734703063965
0.0 6.359416484832764
0.0 6.615686416625977
0.0 6.679510593414307
0.0 6.764066696166992
0.0 7.3321638107299805
0.0 7.509828567504883
0.0 7.564614772796631
0.0 7.582401752471924
0.0 7.617348670959473
0.0 7.669649600982666
0.0 7.844671726226807
0.0 7.848446846008301
0.0 7.92054557800293
0.0 8.146474838256836
0.0 8.187597274780273
0.0 8.300761222839355
0.0 8.329387664794922
0.0 8.354008674621582
0.0 8.400787353515625
0.0 8.471513748168945
0.0 8.481521606445312
0.0 8.488485336303711
0.0 8.504877090454102
0.0 8.540040016174316
0.0 8.578021049499512
0.0 8.796335220336914
0.0 8.94887638092041
0.0 9.070003509521484
0.0 9.313231468200684
0.0 9.332048416137695
0.0 9.3727388381958
0.0 9.38555908203125
0.0 9.46340274810791
0.0 9.53783893585205
0.0 9.639065742492676
0.0 9.770435333251953
0.0 9.78103256225586
0.0 10.16641902923584
0.0 10.388895988464355
0.0 10.474732398986816
0.0 10.843892097473145
0.0 10.932089805603027
0.0 11.121037483215332
0.0 11.133179664611816
0.0 11.230627059936523
0.0 11.301868438720703
0.0 11.9840726852417
0.0 12.016813278198242
0.0 12.373412132263184
0.0 12.549955368041992
0.0 13.121587753295898
0.0 13.742598533630371
0.0 14.191582679748535
0.0 14.39642333984375
0.0 14.457083702087402
0.0 14.905996322631836
0.0 15.229169845581055
0.0 15.411810874938965
0.0 15.787699699401855
0.0 16.934612274169922
0.0 17.759794235229492
0.0 18.36716651916504
0.0 18.670230865478516
0.0 19.550386428833008
0.0 20.16263198852539
0.0 25.00617218017578
0.0 25.06144905090332
0.0 26.499526977539062
0.0 27.887256622314453
0.0 28.730310440063477
0.0 29.425735473632812
0.0 29.87249755859375
0.0 39.6791877746582
0.0 inf
51.68752670288086 58.10792922973633
51.25040817260742 60.042266845703125
44.17204666137695 64.5679702758789
43.60154724121094 62.065086364746094
34.348331451416016 36.56288146972656
19.443452835083008 23.123353958129883
17.471515655517578 21.497013092041016
16.520000457763672 20.45477867126465
16.34169578552246 18.852399826049805
15.833861351013184 17.142650604248047
15.057663917541504 16.43040657043457
13.748801231384277 16.30559539794922
13.501045227050781 13.649168968200684
13.34200382232666 13.620285987854004
12.560982704162598 14.371825218200684
12.30061149597168 13.870397567749023
12.068737983703613 14.063868522644043
11.021685600280762 11.700916290283203
10.548973083496094 12.229585647583008
10.490248680114746 12.220795631408691
10.441512107849121 13.297006607055664
9.793851852416992 10.6874361038208
9.769599914550781 12.669028282165527
9.470069885253906 13.27145004272461
9.358244895935059 11.687835693359375
9.044318199157715 10.164730072021484
9.036839485168457 11.10116195678711
8.590188980102539 10.037508010864258
8.157793998718262 9.769658088684082
7.972226142883301 9.102288246154785
