0.0 2.301910877227783
0.0 2.572822093963623
0.0 3.5679006576538086
0.0 4.399296760559082
0.0 4.581606864929199
0.0 4.834249973297119
0.0 4.848923683166504
0.0 5.045186996459961
0.0 5.0661749839782715
0.0 5.215260982513428
0.0 5.245323181152344
0.0 5.434299945831299
0.0 5.444173812866211
0.0 5.580362319946289
0.0 5.672278881072998
0.0 5.9322123527526855
0.0 6.2857184410095215
0.0 6.329056739807129
0.0 6.33662748336792
0.0 6.363075256347656
0.0 6.421118259429932
0.0 6.445150852203369
0.0 6.534712791442871
0.0 6.6774516105651855
0.0 6.934064865112305
0.0 7.3614935874938965
0.0 7.439023017883301
0.0 7.515344619750977
0.0 7.517131805419922
0.0 7.654807090759277
0.0 7.868291854858398
0.0 7.928319931030273
0.0 8.216263771057129
0.0 8.217437744140625
0.0 8.262003898620605
0.0 8.282054901123047
0.0 8.345855712890625
0.0 8.502820014953613
0.0 8.526357650756836
0.0 8.52836799621582
0.0 8.562053680419922
0.0 8.618403434753418
0.0 8.702353477478027
0.0 8.7262544631958
0.0 8.977560997009277
0.0 8.985594749450684
0.0 9.230738639831543
0.0 9.670247077941895
0.0 9.763618469238281
0.0 9.878734588623047
0.0 10.88264274597168
0.0 10.94155502319336
0.0 11.121150016784668
0.0 11.12928295135498
0.0 11.235849380493164
0.0 11.476713180541992
0.0 11.865355491638184
0.0 12.561649322509766
0.0 12.563705444335938
0.0 12.966553688049316
0.0 13.207951545715332
0.0 13.275565147399902
0.0 13.303253173828125
0.0 16.112112045288086
0.0 16.147789001464844
0.0 16.29815101623535
0.0 16.563737869262695
0.0 17.5446834564209
0.0 18.56731605529785
0.0 19.76063346862793
0.0 20.225662231445312
0.0 22.336111068725586
0.0 23.698558807373047
0.0 23.737716674804688
0.0 24.040538787841797
0.0 24.577960968017578
0.0 24.923839569091797
0.0 26.48954963684082
0.0 28.306055068969727
0.0 30.090904235839844
0.0 35.9224853515625
0.0 inf
50.85064697265625 56.47707748413086
48.20075225830078 63.146236419677734
37.32210159301758 60.775390625
19.48596954345703 22.092967987060547
18.57895278930664 21.8195743560791
18.250064849853516 18.310575485229492
17.641019821166992 26.248804092407227
17.25626564025879 18.176719665527344
16.911697387695312 18.698585510253906
16.10371971130371 17.800174713134766
15.176124572753906 16.98635482788086
12.79146671295166 12.89262866973877
12.665345191955566 12.879352569580078
12.419715881347656 12.448687553405762
11.689440727233887 12.640434265136719
11.258223533630371 12.500123977661133
10.65697956085205 11.085747718811035
9.743983268737793 10.613992691040039
9.549145698547363 10.014567375183105
9.534076690673828 10.365362167358398
9.427569389343262 11.097905158996582
9.34264850616455 10.797070503234863
9.334507942199707 9.57278823852539
9.14098834991455 11.828827857971191
8.925459861755371 9.50992202758789
8.815207481384277 9.35680103302002
8.748047828674316 11.913944244384766
8.62342357635498 9.574649810791016
